FluorCam7 Numeric Avg Export File
-----------------------------------
	Area 1	Area 2	Area 3	Area 4	Area 5	Area 6	Area 7	Area 8	Area 9	Area 10	Area 11	Area 12	Area 13	Area 14	Area 15	Area 16	Area 17	Area 18	Area 19	Area 20	Area 21	Area 22	Area 23	Area 24
Size [pixels]	3522	6636	3491	6314	3329	2616	4058	5210	4581	5481	3975	3621	5667	5517	4415	5921	4362	2817	5466	3976	4012	4951	5223	5563
Fo	1487.35	1895.99	1664.02	1655.48	1798.68	1356.94	1947.87	2406.92	2669.44	2887.58	2698.93	2161.10	1803.03	2188.24	2180.88	2113.00	1793.96	1783.22	1483.62	1643.03	1943.09	1967.27	1681.93	1749.53
Fm	4801.69	6000.83	5123.91	4977.54	5289.97	3502.88	6052.10	7509.32	8070.20	8460.13	7548.16	5336.23	5720.58	6548.09	6680.00	6253.66	4813.20	4176.11	4656.50	5036.36	6045.15	5683.20	4472.49	4285.49
Fv	3314.34	4104.85	3459.89	3322.06	3491.29	2145.94	4104.23	5102.40	5400.77	5572.55	4849.23	3175.14	3917.55	4359.85	4499.12	4140.66	3019.24	2392.89	3172.88	3393.32	4102.06	3715.93	2790.56	2535.95
Fm_Lss1	4601.13	5730.07	4841.26	4608.37	4728.80	3335.18	5864.58	7310.90	7837.23	8217.46	7263.62	4608.83	5657.68	6471.84	6478.05	6071.03	4597.84	3985.56	4523.17	4847.72	5919.21	5531.78	4106.48	4170.57
Fm_Lss2	4453.47	5507.91	4577.73	4221.59	3963.69	3210.76	5687.53	6984.00	7565.24	7986.22	6770.33	4001.28	5499.50	6204.65	6336.76	5749.32	4256.46	3799.22	4301.66	4607.47	5488.15	5165.44	3676.10	4006.66
Fm_Lss3	4378.55	5330.68	4389.50	3981.80	3293.42	3252.20	5475.25	6751.96	7236.55	7693.88	6214.53	3782.68	5297.81	6022.21	6109.77	5527.63	4010.77	3716.83	4091.92	4364.98	5215.91	4908.84	3392.98	3992.94
Fm_Lss4	4127.09	4942.36	4112.72	3734.77	2865.36	3210.14	5126.95	6291.71	6616.75	7186.15	5543.45	3699.50	4956.17	5666.92	5804.61	5223.56	3740.88	3711.21	3812.07	4064.50	4880.51	4707.00	3140.21	3964.53
Fm_Lss5	3842.85	4511.23	3785.16	3424.96	2519.22	3177.39	4734.81	5708.17	5876.12	6587.80	4964.02	3658.40	4648.04	5290.59	5347.22	4928.89	3467.76	3728.83	3480.11	3765.23	4460.07	4434.59	2834.46	3941.07
Fm_Lss6	3517.99	4093.79	3425.08	3144.02	2298.35	3157.67	4304.26	5127.06	5194.29	5965.60	4493.66	3623.47	4278.34	4797.57	4926.69	4499.15	3127.20	3661.56	3168.22	3415.81	4031.15	4093.40	2593.56	3900.38
Fm_Lss7	3201.04	3751.15	3086.62	2844.48	2045.59	2970.20	3924.61	4642.44	4630.41	5430.60	4191.09	3653.49	3946.23	4338.75	4431.51	4111.02	2809.87	3618.83	2878.28	3097.92	3603.97	3680.48	2344.59	3857.22
Fm_Lss8	2939.97	3403.90	2767.83	2567.28	1917.49	2870.58	3536.11	4145.84	4203.13	4944.29	3872.91	3691.54	3654.99	3907.00	4007.42	3709.07	2517.07	3576.08	2633.94	2796.83	3219.38	3363.83	2145.94	3792.39
Fm_Lss9	2657.31	3144.80	2473.02	2320.51	1880.81	2727.21	3204.51	3762.92	3887.80	4539.96	3672.16	3656.35	3352.99	3517.75	3596.84	3337.47	2285.95	3509.88	2378.24	2516.36	2944.92	3015.88	1982.65	3690.48
Fm_Lss10	2465.59	2951.11	2263.78	2110.60	1802.36	2586.59	2939.26	3478.96	3643.04	4248.35	3524.07	3687.68	3111.66	3205.58	3310.59	3069.14	2091.28	3427.95	2216.81	2343.46	2690.17	2786.07	1871.60	3614.90
Fm_Lss11	2257.39	2744.33	2076.23	1947.29	1709.50	2435.90	2723.21	3213.09	3424.89	3964.92	3373.52	3657.80	2877.77	2940.10	3081.83	2843.25	1982.81	3317.22	2035.66	2177.30	2511.97	2577.09	1785.36	3515.90
Fm_Lss12	2114.04	2583.74	1864.96	1824.98	1712.75	2329.55	2535.49	3005.39	3238.99	3760.02	3265.89	3590.99	2683.69	2722.73	2876.91	2657.50	1881.03	3245.08	1924.88	2023.84	2365.70	2459.45	1712.88	3403.25
Fm_Lss13	1971.70	2426.48	1772.09	1735.01	1703.81	2209.63	2408.10	2830.88	3130.15	3567.89	3161.51	3501.51	2556.56	2540.11	2691.29	2513.78	1825.96	3149.85	1809.98	1918.95	2259.13	2316.20	1681.08	3300.84
Fm_Lss14	1879.38	2324.79	1673.78	1678.98	1666.34	2115.86	2278.26	2721.12	2992.52	3427.18	3116.22	3407.13	2402.17	2437.56	2567.66	2401.13	1754.77	3020.20	1716.74	1835.29	2184.33	2222.03	1622.44	3187.69
Fm_Lss15	1789.75	2197.34	1598.47	1607.49	1640.21	1968.02	2183.56	2592.62	2929.83	3297.77	3002.73	3281.43	2269.99	2336.43	2470.49	2294.61	1705.79	2884.49	1647.99	1768.89	2079.38	2131.45	1594.41	3109.69
Ft_Lss1	1734.93	2188.91	1871.10	1863.24	2052.80	1761.84	2222.62	2786.06	3119.20	3461.55	3279.38	2755.00	2102.03	2557.38	2609.09	2529.28	2167.55	2489.28	1724.87	1942.11	2270.38	2363.58	2167.23	2778.31
Ft_Lss2	1845.55	2348.06	1952.52	1929.63	2089.50	2505.00	2417.04	3038.59	3457.13	4048.99	3843.62	3050.61	2396.63	2855.57	2957.41	2855.53	2462.84	3080.18	1896.00	2129.80	2530.70	2686.47	2421.14	3399.88
Ft_Lss3	2006.02	2539.02	2027.11	1964.26	1991.41	2788.16	2597.43	3273.78	3700.92	4409.95	4030.02	3133.91	2677.73	3037.24	3147.68	2930.74	2446.91	3266.38	2003.57	2187.56	2604.49	2714.10	2340.00	3588.85
Ft_Lss4	2119.63	2636.31	2068.61	1968.89	1885.24	2939.38	2693.01	3385.74	3758.47	4546.51	3977.32	3203.13	2838.01	3130.57	3255.70	2949.05	2419.06	3420.34	2044.55	2218.28	2640.18	2726.80	2241.18	3696.03
Ft_Lss5	2134.85	2597.13	2013.75	1913.48	1767.79	2997.56	2688.80	3360.12	3655.56	4459.17	3802.66	3272.00	2880.26	3107.14	3257.80	2904.45	2338.60	3484.81	2016.43	2186.14	2573.26	2691.52	2118.52	3742.30
Ft_Lss6	2078.11	2510.86	1935.97	1846.37	1670.41	2994.91	2625.50	3246.76	3459.58	4310.45	3640.81	3356.03	2865.25	3032.38	3160.77	2804.91	2213.82	3509.65	1955.32	2101.63	2475.07	2587.94	1983.70	3759.93
Ft_Lss7	2007.73	2409.64	1864.56	1782.81	1588.83	2859.82	2549.08	3101.48	3283.99	4107.52	3494.67	3466.61	2792.98	2903.82	3016.86	2700.31	2079.35	3518.28	1875.09	2014.52	2372.73	2477.60	1858.70	3735.00
Ft_Lss8	1932.00	2319.41	1749.59	1693.85	1504.65	2729.54	2418.62	2928.69	3117.41	3901.33	3368.57	3524.00	2665.37	2748.86	2840.44	2544.13	1958.41	3489.57	1778.22	1908.79	2240.92	2319.62	1741.03	3696.25
Ft_Lss9	1838.13	2217.72	1659.16	1605.45	1472.57	2626.71	2285.51	2773.58	2973.29	3706.10	3264.31	3608.17	2539.28	2590.31	2666.18	2398.81	1830.08	3421.95	1703.67	1785.44	2118.43	2200.79	1661.72	3642.74
Ft_Lss10	1771.45	2165.08	1590.79	1545.72	1492.72	2514.15	2197.90	2657.68	2887.69	3576.73	3176.62	3642.58	2437.78	2463.89	2557.02	2296.33	1759.06	3384.41	1647.69	1728.28	2036.42	2130.16	1597.64	3561.86
Ft_Lss11	1708.40	2080.84	1504.73	1491.04	1476.15	2395.52	2100.35	2548.85	2802.12	3419.63	3110.17	3628.42	2335.29	2334.11	2430.13	2185.95	1692.98	3313.73	1572.71	1669.97	1950.90	2029.43	1547.52	3464.25
Ft_Lss12	1647.84	2015.14	1456.28	1455.08	1494.33	2271.61	2031.37	2448.53	2723.01	3282.32	3019.32	3529.06	2232.43	2241.46	2320.03	2116.70	1644.96	3214.74	1518.13	1616.81	1912.93	1971.10	1511.75	3369.59
Ft_Lss13	1587.41	1968.66	1407.14	1403.49	1465.96	2153.58	1953.17	2364.54	2649.60	3176.95	2983.55	3477.76	2142.48	2132.66	2238.89	2039.98	1594.13	3122.55	1483.46	1549.05	1848.86	1908.40	1486.78	3260.60
Ft_Lss14	1541.97	1891.84	1371.82	1376.31	1480.15	2044.55	1886.18	2316.10	2620.46	3080.34	2912.54	3374.90	2054.00	2068.35	2181.34	1987.31	1565.66	3009.50	1444.35	1525.01	1828.80	1868.03	1486.08	3164.55
Ft_Lss15	1518.52	1853.98	1351.81	1362.80	1512.22	1937.99	1848.65	2241.62	2567.24	3004.36	2872.69	3280.37	1986.79	2012.60	2126.18	1955.15	1560.42	2883.15	1407.07	1496.08	1801.77	1832.24	1466.33	3072.84
Fo_Lss1	1467.53	1868.10	1633.06	1612.51	1728.92	1331.01	1928.03	2386.16	2643.44	2858.77	2661.65	2031.26	1796.73	2179.65	2158.91	2091.74	1763.18	1747.54	1469.82	1622.44	1929.89	1948.81	1627.38	1730.07
Fo_Lss2	1452.18	1843.85	1601.95	1562.42	1614.95	1310.74	1908.50	2350.26	2611.77	2830.26	2592.44	1903.86	1780.47	2148.49	2142.99	2052.17	1710.57	1710.75	1445.63	1594.61	1881.71	1901.30	1555.22	1701.20
Fo_Lss3	1444.12	1823.55	1578.27	1528.36	1491.29	1317.60	1883.99	2323.39	2571.45	2792.65	2506.60	1852.91	1758.79	2126.19	2116.39	2023.21	1669.47	1693.84	1421.15	1564.53	1848.62	1865.41	1502.19	1698.73
Fo_Lss4	1415.67	1775.82	1540.98	1490.52	1396.80	1310.64	1840.95	2266.34	2488.62	2722.82	2389.90	1832.72	1719.44	2080.15	2078.54	1981.00	1620.80	1692.68	1385.81	1524.14	1804.67	1835.50	1450.50	1693.56
Fo_Lss5	1380.64	1716.87	1492.58	1438.59	1309.12	1305.15	1787.79	2185.85	2375.98	2632.24	2275.40	1822.58	1680.79	2027.21	2016.77	1937.08	1567.32	1696.33	1339.37	1480.03	1743.88	1792.56	1381.66	1689.27
Fo_Lss6	1336.31	1652.73	1433.17	1386.54	1246.85	1301.81	1722.72	2094.92	2256.23	2526.93	2171.22	1813.87	1629.86	1950.42	1953.87	1867.00	1493.79	1682.27	1290.48	1422.82	1674.23	1734.13	1321.81	1681.75
Fo_Lss7	1287.87	1593.95	1370.30	1325.01	1168.52	1268.79	1658.51	2009.22	2142.88	2425.71	2098.04	1821.36	1579.23	1870.02	1870.96	1796.61	1417.33	1673.19	1239.61	1364.50	1595.68	1655.45	1253.95	1673.67
Fo_Lss8	1243.45	1527.73	1303.64	1261.56	1125.57	1250.26	1584.92	1910.20	2046.60	2323.62	2015.16	1830.77	1530.43	1785.00	1790.94	1715.37	1338.78	1664.00	1191.99	1302.73	1515.52	1588.21	1194.79	1661.35
Fo_Lss9	1189.91	1473.25	1234.34	1198.91	1112.83	1222.27	1514.67	1824.64	1968.84	2230.27	1959.43	1822.07	1474.81	1699.10	1704.01	1631.37	1270.46	1649.52	1136.69	1238.43	1451.82	1506.16	1142.41	1641.49
Fo_Lss10	1149.88	1429.30	1179.90	1140.31	1084.89	1193.20	1452.71	1755.18	1904.06	2157.52	1916.45	1829.82	1426.15	1622.77	1636.96	1564.51	1207.96	1631.20	1098.45	1195.04	1387.07	1446.57	1104.64	1626.37
Fo_Lss11	1102.45	1378.98	1126.85	1090.88	1050.54	1160.09	1397.89	1684.84	1842.71	2081.94	1871.04	1822.43	1374.94	1551.84	1579.00	1503.61	1170.97	1605.69	1052.06	1150.28	1338.12	1388.13	1074.02	1606.02
Fo_Lss12	1067.12	1337.22	1061.58	1051.41	1051.77	1135.41	1346.71	1625.92	1787.51	2024.03	1837.46	1805.69	1329.02	1489.09	1523.41	1450.02	1134.70	1588.60	1021.67	1105.97	1295.45	1353.26	1047.36	1582.10
Fo_Lss13	1029.60	1293.82	1030.83	1020.91	1048.39	1106.15	1309.91	1573.44	1753.86	1967.01	1803.95	1782.78	1297.08	1432.76	1469.73	1406.15	1114.43	1565.43	988.37	1073.89	1262.83	1308.73	1035.39	1559.61
Fo_Lss14	1003.85	1264.33	996.77	1001.25	1034.08	1082.14	1270.52	1538.94	1709.80	1923.47	1789.11	1757.99	1256.11	1399.54	1432.07	1370.19	1087.50	1532.73	959.90	1047.18	1239.11	1278.12	1012.84	1533.88
Fo_Lss15	977.69	1225.67	969.57	975.38	1023.96	1042.10	1240.52	1496.98	1689.15	1882.02	1751.11	1723.92	1219.00	1365.61	1401.33	1334.83	1068.49	1496.99	938.02	1025.22	1204.62	1247.62	1001.84	1515.59
Fv_Lss1	3133.60	3861.97	3208.20	2995.85	2999.88	2004.17	3936.56	4924.73	5193.79	5358.69	4601.97	2577.57	3860.94	4292.18	4319.14	3979.29	2834.66	2238.02	3053.36	3225.28	3989.32	3582.97	2479.10	2440.50
Fv_Lss2	3001.29	3664.06	2975.78	2659.16	2348.74	1900.02	3779.04	4633.74	4953.47	5155.96	4177.90	2097.42	3719.03	4056.15	4193.78	3697.15	2545.89	2088.47	2856.04	3012.86	3606.45	3264.13	2120.88	2305.46
Fv_Lss3	2934.43	3507.13	2811.23	2453.44	1802.13	1934.60	3591.27	4428.57	4665.10	4901.23	3707.93	1929.77	3539.02	3896.02	3993.37	3504.42	2341.30	2022.99	2670.77	2800.45	3367.29	3043.43	1890.79	2294.22
Fv_Lss4	2711.42	3166.53	2571.74	2244.25	1468.56	1899.51	3286.00	4025.37	4128.14	4463.33	3153.55	1866.78	3236.72	3586.77	3726.07	3242.56	2120.08	2018.54	2426.26	2540.36	3075.84	2871.50	1689.71	2270.97
Fv_Lss5	2462.21	2794.36	2292.58	1986.38	1210.10	1872.25	2947.02	3522.32	3500.14	3955.56	2688.62	1835.82	2967.25	3263.37	3330.45	2991.81	1900.45	2032.50	2140.74	2285.20	2716.19	2642.03	1452.80	2251.80
Fv_Lss6	2181.69	2441.06	1991.91	1757.48	1051.50	1855.86	2581.54	3032.14	2938.06	3438.67	2322.44	1809.60	2648.48	2847.16	2972.83	2632.15	1633.41	1979.29	1877.74	1992.99	2356.92	2359.26	1271.75	2218.63
Fv_Lss7	1913.17	2157.20	1716.33	1519.47	877.07	1701.41	2266.11	2633.22	2487.53	3004.89	2093.05	1832.13	2367.00	2468.73	2560.55	2314.41	1392.54	1945.63	1638.67	1733.42	2008.29	2025.03	1090.64	2183.55
Fv_Lss8	1696.53	1876.17	1464.19	1305.72	791.93	1620.32	1951.19	2235.64	2156.53	2620.67	1857.75	1860.77	2124.57	2122.00	2216.48	1993.70	1178.29	1912.08	1441.95	1494.11	1703.86	1775.62	951.14	2131.04
Fv_Lss9	1467.40	1671.55	1238.69	1121.61	767.98	1504.94	1689.84	1938.27	1918.96	2309.68	1712.74	1834.28	1878.19	1818.65	1892.83	1706.11	1015.49	1860.36	1241.56	1277.93	1493.10	1509.72	840.24	2048.99
Fv_Lss10	1315.72	1521.81	1083.88	970.29	717.47	1393.39	1486.56	1723.78	1738.98	2090.83	1607.61	1857.86	1685.51	1582.81	1673.64	1504.63	883.31	1796.75	1118.36	1148.43	1303.10	1339.50	766.95	1988.53
Fv_Lss11	1154.93	1365.35	949.38	856.40	658.96	1275.81	1325.32	1528.25	1582.18	1882.98	1502.47	1835.37	1502.84	1388.26	1502.83	1339.64	811.85	1711.53	983.60	1027.03	1173.85	1188.97	711.34	1909.88
Fv_Lss12	1046.92	1246.52	803.38	773.57	660.98	1194.14	1188.78	1379.47	1451.48	1736.00	1428.43	1785.30	1354.68	1233.64	1353.51	1207.49	746.33	1656.48	903.21	917.87	1070.24	1106.19	665.51	1821.15
Fv_Lss13	942.10	1132.66	741.26	714.10	655.42	1103.48	1098.20	1257.43	1376.29	1600.88	1357.56	1718.73	1259.49	1107.36	1221.56	1107.63	711.53	1584.42	821.61	845.06	996.30	1007.48	645.69	1741.24
Fv_Lss14	875.53	1060.46	677.01	677.73	632.26	1033.72	1007.74	1182.17	1282.72	1503.71	1327.11	1649.14	1146.05	1038.02	1135.59	1030.94	667.26	1487.47	756.84	788.11	945.22	943.91	609.60	1653.81
Fv_Lss15	812.05	971.67	628.91	632.11	616.25	925.92	943.05	1095.64	1240.69	1415.75	1251.61	1557.52	1050.99	970.83	1069.16	959.78	637.30	1387.50	709.97	743.67	874.75	883.82	592.56	1594.10
Fq_Lss1	2866.20	3541.16	2970.16	2745.13	2676.00	1573.33	3641.97	4524.84	4718.03	4755.91	3984.24	1853.82	3555.65	3914.46	3868.96	3541.76	2430.29	1496.27	2798.30	2905.61	3648.83	3168.20	1939.24	1392.26
Fq_Lss2	2607.92	3159.85	2625.20	2291.96	1874.19	705.76	3270.50	3945.41	4108.11	3937.23	2926.71	950.67	3102.88	3349.07	3379.35	2893.79	1793.62	719.04	2405.66	2477.67	2957.45	2478.96	1254.96	606.78
Fq_Lss3	2372.53	2791.66	2362.39	2017.54	1302.01	464.04	2877.83	3478.18	3535.62	3283.93	2184.51	648.77	2620.08	2984.97	2962.09	2596.89	1563.86	450.46	2088.35	2177.41	2611.43	2194.73	1052.99	404.09
Fq_Lss4	2007.46	2306.04	2044.11	1765.88	980.12	270.77	2433.94	2905.98	2858.28	2639.65	1566.12	496.37	2118.16	2536.35	2548.90	2274.51	1321.81	290.87	1767.52	1846.22	2240.32	1980.20	899.03	268.50
Fq_Lss5	1708.00	1914.10	1771.41	1511.48	751.43	179.83	2046.01	2348.05	2220.57	2128.63	1161.36	386.39	1767.78	2183.45	2089.42	2024.44	1129.17	244.02	1463.69	1579.09	1886.81	1743.07	715.94	198.77
Fq_Lss6	1439.88	1582.94	1489.11	1297.65	627.95	162.76	1678.76	1880.30	1734.70	1655.15	852.85	267.44	1413.09	1765.20	1765.92	1694.24	913.38	151.91	1212.90	1314.19	1556.08	1505.45	609.86	140.45
Fq_Lss7	1193.32	1341.51	1222.07	1061.67	456.76	110.39	1375.54	1540.96	1346.42	1323.08	696.42	186.88	1153.25	1434.93	1414.65	1410.71	730.52	100.55	1003.19	1083.40	1231.24	1202.88	485.89	122.22
Fq_Lss8	1007.97	1084.49	1018.24	873.43	412.84	141.04	1117.49	1217.15	1085.71	1042.97	504.34	167.53	989.62	1158.14	1166.98	1164.95	558.66	86.51	855.72	888.04	978.46	1044.21	404.90	96.13
Fq_Lss9	819.18	927.08	813.86	715.07	408.25	100.50	919.00	989.34	914.52	833.85	407.85	48.18	813.71	927.44	930.66	938.66	455.87	87.93	674.58	730.92	826.50	815.09	320.92	47.74
Fq_Lss10	694.14	786.03	673.00	564.89	309.65	72.44	741.36	821.27	755.35	671.62	347.44	45.09	673.88	741.69	753.57	772.81	332.22	43.54	569.12	615.18	653.75	655.92	273.95	53.03
Fq_Lss11	548.99	663.49	571.50	456.24	233.35	40.38	622.86	664.24	622.77	545.29	263.35	29.38	542.49	605.98	651.70	657.30	289.83	3.50	462.95	507.33	561.07	547.66	237.84	51.65
Fq_Lss12	466.20	568.60	408.68	369.90	218.42	57.93	504.13	556.86	515.98	477.70	246.57	61.93	451.26	481.27	556.88	540.81	236.07	30.33	406.75	407.03	452.77	488.36	201.12	33.66
Fq_Lss13	384.29	457.81	364.95	331.52	237.86	56.04	454.93	466.34	480.55	390.94	177.96	23.75	414.08	407.46	452.40	473.80	231.83	27.30	326.53	369.90	410.27	407.81	194.30	40.24
Fq_Lss14	337.41	432.95	301.96	302.68	186.20	71.31	392.08	405.01	372.06	346.83	203.68	32.23	348.17	369.21	386.32	413.82	189.10	10.70	272.39	310.29	355.54	354.00	136.36	23.14
Fq_Lss15	271.23	343.36	246.66	244.70	127.99	30.03	334.92	350.99	362.59	293.41	130.04	1.06	283.19	323.83	344.31	339.46	145.37	1.33	240.92	272.81	277.61	299.20	128.08	36.85
QY_max	0.69	0.68	0.68	0.67	0.66	0.61	0.68	0.68	0.67	0.66	0.64	0.60	0.68	0.67	0.67	0.66	0.63	0.57	0.68	0.67	0.68	0.65	0.62	0.59
Fv/Fm_Lss1	0.68	0.67	0.66	0.65	0.63	0.60	0.67	0.67	0.66	0.65	0.63	0.56	0.68	0.66	0.67	0.66	0.62	0.56	0.68	0.67	0.67	0.65	0.60	0.59
Fv/Fm_Lss2	0.67	0.67	0.65	0.63	0.59	0.59	0.66	0.66	0.65	0.65	0.62	0.52	0.68	0.65	0.66	0.64	0.60	0.55	0.66	0.65	0.66	0.63	0.58	0.58
Fv/Fm_Lss3	0.67	0.66	0.64	0.62	0.55	0.59	0.66	0.66	0.64	0.64	0.60	0.51	0.67	0.65	0.65	0.63	0.58	0.54	0.65	0.64	0.65	0.62	0.56	0.57
Fv/Fm_Lss4	0.66	0.64	0.63	0.60	0.51	0.59	0.64	0.64	0.62	0.62	0.57	0.50	0.65	0.63	0.64	0.62	0.57	0.54	0.64	0.63	0.63	0.61	0.54	0.57
Fv/Fm_Lss5	0.64	0.62	0.61	0.58	0.48	0.59	0.62	0.62	0.60	0.60	0.54	0.50	0.64	0.62	0.62	0.61	0.55	0.55	0.62	0.61	0.61	0.60	0.51	0.57
Fv/Fm_Lss6	0.62	0.60	0.58	0.56	0.46	0.59	0.60	0.59	0.57	0.58	0.52	0.50	0.62	0.59	0.60	0.59	0.52	0.54	0.59	0.58	0.58	0.58	0.49	0.57
Fv/Fm_Lss7	0.60	0.58	0.56	0.53	0.43	0.57	0.58	0.57	0.54	0.55	0.50	0.50	0.60	0.57	0.58	0.56	0.50	0.54	0.57	0.56	0.56	0.55	0.47	0.57
Fv/Fm_Lss8	0.58	0.55	0.53	0.51	0.41	0.56	0.55	0.54	0.51	0.53	0.48	0.50	0.58	0.54	0.55	0.54	0.47	0.53	0.55	0.53	0.53	0.53	0.44	0.56
Fv/Fm_Lss9	0.55	0.53	0.50	0.48	0.41	0.55	0.53	0.52	0.49	0.51	0.47	0.50	0.56	0.52	0.53	0.51	0.44	0.53	0.52	0.51	0.51	0.50	0.42	0.56
Fv/Fm_Lss10	0.53	0.52	0.48	0.46	0.40	0.54	0.51	0.50	0.48	0.49	0.46	0.50	0.54	0.49	0.51	0.49	0.42	0.52	0.50	0.49	0.48	0.48	0.41	0.55
Fv/Fm_Lss11	0.51	0.50	0.46	0.44	0.39	0.52	0.49	0.48	0.46	0.47	0.45	0.50	0.52	0.47	0.49	0.47	0.41	0.52	0.48	0.47	0.47	0.46	0.40	0.54
Fv/Fm_Lss12	0.50	0.48	0.43	0.42	0.39	0.51	0.47	0.46	0.45	0.46	0.44	0.50	0.50	0.45	0.47	0.45	0.40	0.51	0.47	0.45	0.45	0.45	0.39	0.54
Fv/Fm_Lss13	0.48	0.47	0.42	0.41	0.38	0.50	0.46	0.44	0.44	0.45	0.43	0.49	0.49	0.44	0.45	0.44	0.39	0.50	0.45	0.44	0.44	0.43	0.38	0.53
Fv/Fm_Lss14	0.47	0.46	0.40	0.40	0.38	0.49	0.44	0.43	0.43	0.44	0.43	0.48	0.48	0.43	0.44	0.43	0.38	0.49	0.44	0.43	0.43	0.42	0.38	0.52
Fv/Fm_Lss15	0.45	0.44	0.39	0.39	0.38	0.47	0.43	0.42	0.42	0.43	0.42	0.47	0.46	0.42	0.43	0.42	0.37	0.48	0.43	0.42	0.42	0.41	0.37	0.51
QY_Lss1	0.62	0.62	0.61	0.60	0.57	0.47	0.62	0.62	0.60	0.58	0.55	0.40	0.63	0.60	0.60	0.58	0.53	0.38	0.62	0.60	0.62	0.57	0.47	0.33
QY_Lss2	0.59	0.57	0.57	0.54	0.47	0.22	0.58	0.56	0.54	0.49	0.43	0.24	0.56	0.54	0.53	0.50	0.42	0.19	0.56	0.54	0.54	0.48	0.34	0.15
QY_Lss3	0.54	0.52	0.54	0.51	0.40	0.14	0.53	0.52	0.49	0.43	0.35	0.17	0.49	0.50	0.48	0.47	0.39	0.12	0.51	0.50	0.50	0.45	0.31	0.10
QY_Lss4	0.49	0.47	0.50	0.47	0.34	0.08	0.47	0.46	0.43	0.37	0.28	0.13	0.43	0.45	0.44	0.44	0.35	0.08	0.46	0.45	0.46	0.42	0.29	0.07
QY_Lss5	0.44	0.42	0.47	0.44	0.30	0.06	0.43	0.41	0.38	0.32	0.23	0.11	0.38	0.41	0.39	0.41	0.33	0.07	0.42	0.42	0.42	0.39	0.25	0.05
QY_Lss6	0.41	0.39	0.43	0.41	0.27	0.05	0.39	0.37	0.33	0.28	0.19	0.07	0.33	0.37	0.36	0.38	0.29	0.04	0.38	0.38	0.39	0.37	0.24	0.04
QY_Lss7	0.37	0.36	0.40	0.37	0.22	0.04	0.35	0.33	0.29	0.24	0.17	0.05	0.29	0.33	0.32	0.34	0.26	0.03	0.35	0.35	0.34	0.33	0.21	0.03
QY_Lss8	0.34	0.32	0.37	0.34	0.22	0.05	0.32	0.29	0.26	0.21	0.13	0.05	0.27	0.30	0.29	0.31	0.22	0.02	0.32	0.32	0.30	0.31	0.19	0.03
QY_Lss9	0.31	0.29	0.33	0.31	0.22	0.04	0.29	0.26	0.24	0.18	0.11	0.01	0.24	0.26	0.26	0.28	0.20	0.03	0.28	0.29	0.28	0.27	0.16	0.01
QY_Lss10	0.28	0.27	0.30	0.27	0.17	0.03	0.25	0.24	0.21	0.16	0.10	0.01	0.22	0.23	0.23	0.25	0.16	0.01	0.26	0.26	0.24	0.24	0.15	0.01
QY_Lss11	0.24	0.24	0.28	0.23	0.14	0.02	0.23	0.21	0.18	0.14	0.08	0.01	0.19	0.21	0.21	0.23	0.15	0.00	0.23	0.23	0.22	0.21	0.13	0.01
QY_Lss12	0.22	0.22	0.22	0.20	0.13	0.02	0.20	0.19	0.16	0.13	0.08	0.02	0.17	0.18	0.19	0.20	0.13	0.01	0.21	0.20	0.19	0.20	0.12	0.01
QY_Lss13	0.19	0.19	0.21	0.19	0.14	0.03	0.19	0.16	0.15	0.11	0.06	0.01	0.16	0.16	0.17	0.19	0.13	0.01	0.18	0.19	0.18	0.18	0.12	0.01
QY_Lss14	0.18	0.19	0.18	0.18	0.11	0.03	0.17	0.15	0.12	0.10	0.07	0.01	0.14	0.15	0.15	0.17	0.11	0.00	0.16	0.17	0.16	0.16	0.08	0.01
QY_Lss15	0.15	0.16	0.15	0.15	0.08	0.02	0.15	0.14	0.12	0.09	0.04	0.00	0.12	0.14	0.14	0.15	0.09	0.00	0.15	0.15	0.13	0.14	0.08	0.01
NPQ_Lss1	0.04	0.05	0.06	0.08	0.12	0.05	0.03	0.03	0.03	0.03	0.04	0.16	0.01	0.01	0.03	0.03	0.05	0.05	0.03	0.04	0.02	0.03	0.09	0.03
NPQ_Lss2	0.08	0.09	0.12	0.18	0.33	0.09	0.06	0.08	0.07	0.06	0.11	0.33	0.04	0.06	0.05	0.09	0.13	0.10	0.08	0.09	0.10	0.10	0.22	0.07
NPQ_Lss3	0.10	0.13	0.17	0.25	0.61	0.08	0.11	0.11	0.12	0.10	0.21	0.41	0.08	0.09	0.09	0.13	0.20	0.12	0.14	0.15	0.16	0.16	0.32	0.07
NPQ_Lss4	0.16	0.21	0.25	0.33	0.85	0.09	0.18	0.19	0.22	0.18	0.36	0.44	0.15	0.16	0.15	0.20	0.29	0.13	0.22	0.24	0.24	0.21	0.42	0.08
NPQ_Lss5	0.25	0.33	0.35	0.45	1.10	0.10	0.28	0.32	0.37	0.28	0.52	0.46	0.23	0.24	0.25	0.27	0.39	0.12	0.34	0.34	0.36	0.28	0.58	0.09
NPQ_Lss6	0.36	0.47	0.50	0.58	1.30	0.11	0.41	0.46	0.55	0.42	0.68	0.47	0.34	0.36	0.36	0.39	0.54	0.14	0.47	0.47	0.50	0.39	0.72	0.10
NPQ_Lss7	0.50	0.60	0.66	0.75	1.59	0.18	0.54	0.62	0.74	0.56	0.80	0.46	0.45	0.51	0.51	0.52	0.71	0.15	0.62	0.63	0.68	0.54	0.91	0.11
NPQ_Lss8	0.63	0.76	0.85	0.94	1.76	0.22	0.71	0.81	0.92	0.71	0.95	0.45	0.57	0.68	0.67	0.69	0.91	0.17	0.77	0.80	0.88	0.69	1.08	0.13
NPQ_Lss9	0.81	0.91	1.07	1.15	1.81	0.28	0.89	1.00	1.08	0.86	1.06	0.46	0.71	0.86	0.86	0.87	1.11	0.19	0.96	1.00	1.05	0.88	1.26	0.16
NPQ_Lss10	0.95	1.03	1.26	1.36	1.94	0.35	1.06	1.16	1.22	0.99	1.14	0.45	0.84	1.04	1.02	1.04	1.30	0.22	1.10	1.15	1.25	1.04	1.39	0.19
NPQ_Lss11	1.13	1.19	1.47	1.56	2.09	0.44	1.22	1.34	1.36	1.13	1.24	0.46	0.99	1.23	1.17	1.20	1.43	0.26	1.29	1.31	1.41	1.21	1.51	0.22
NPQ_Lss12	1.27	1.32	1.75	1.73	2.09	0.50	1.39	1.50	1.49	1.25	1.31	0.49	1.13	1.40	1.32	1.35	1.56	0.29	1.42	1.49	1.56	1.31	1.61	0.26
NPQ_Lss13	1.44	1.47	1.89	1.87	2.10	0.59	1.51	1.65	1.58	1.37	1.39	0.52	1.24	1.58	1.48	1.49	1.64	0.33	1.57	1.62	1.68	1.45	1.66	0.30
NPQ_Lss14	1.55	1.58	2.06	1.96	2.17	0.66	1.66	1.76	1.70	1.47	1.42	0.57	1.38	1.69	1.60	1.60	1.74	0.38	1.71	1.74	1.77	1.56	1.76	0.34
NPQ_Lss15	1.68	1.73	2.21	2.10	2.23	0.78	1.77	1.90	1.75	1.57	1.51	0.63	1.52	1.80	1.70	1.73	1.82	0.45	1.83	1.85	1.91	1.67	1.81	0.38
qN_Lss1	0.06	0.07	0.08	0.11	0.16	0.08	0.05	0.04	0.04	0.04	0.06	0.22	0.02	0.02	0.04	0.04	0.07	0.08	0.04	0.06	0.03	0.04	0.13	0.04
qN_Lss2	0.10	0.12	0.16	0.22	0.36	0.13	0.09	0.10	0.09	0.08	0.16	0.39	0.06	0.08	0.08	0.12	0.18	0.15	0.11	0.12	0.13	0.14	0.27	0.11
qN_Lss3	0.13	0.16	0.21	0.29	0.53	0.11	0.14	0.15	0.15	0.14	0.26	0.45	0.11	0.12	0.12	0.17	0.26	0.19	0.17	0.19	0.20	0.20	0.36	0.11
qN_Lss4	0.20	0.25	0.28	0.36	0.62	0.13	0.22	0.23	0.26	0.22	0.39	0.47	0.19	0.20	0.19	0.24	0.34	0.19	0.26	0.28	0.27	0.25	0.44	0.12
qN_Lss5	0.28	0.35	0.37	0.44	0.70	0.15	0.31	0.34	0.39	0.32	0.49	0.48	0.27	0.28	0.29	0.31	0.41	0.18	0.35	0.36	0.37	0.32	0.53	0.13
qN_Lss6	0.37	0.44	0.46	0.51	0.74	0.16	0.40	0.44	0.49	0.42	0.57	0.49	0.35	0.38	0.37	0.40	0.51	0.21	0.44	0.45	0.46	0.40	0.60	0.15
qN_Lss7	0.46	0.51	0.54	0.58	0.79	0.24	0.48	0.52	0.58	0.50	0.62	0.48	0.43	0.47	0.47	0.48	0.59	0.22	0.52	0.53	0.55	0.50	0.66	0.16
qN_Lss8	0.52	0.58	0.62	0.65	0.81	0.28	0.56	0.60	0.64	0.57	0.66	0.47	0.49	0.55	0.55	0.56	0.66	0.24	0.58	0.60	0.62	0.57	0.71	0.19
qN_Lss9	0.59	0.63	0.68	0.70	0.82	0.34	0.63	0.66	0.69	0.63	0.69	0.48	0.56	0.62	0.62	0.63	0.71	0.26	0.65	0.66	0.67	0.64	0.75	0.23
qN_Lss10	0.64	0.67	0.73	0.75	0.83	0.40	0.68	0.70	0.72	0.67	0.71	0.47	0.61	0.68	0.67	0.68	0.75	0.29	0.69	0.70	0.72	0.68	0.77	0.25
qN_Lss11	0.69	0.70	0.76	0.78	0.84	0.46	0.72	0.74	0.75	0.70	0.74	0.48	0.65	0.72	0.71	0.72	0.78	0.33	0.73	0.74	0.75	0.72	0.79	0.29
qN_Lss12	0.72	0.73	0.80	0.80	0.84	0.50	0.75	0.77	0.77	0.73	0.75	0.49	0.69	0.76	0.74	0.75	0.80	0.36	0.75	0.77	0.77	0.74	0.81	0.33
qN_Lss13	0.75	0.76	0.82	0.82	0.85	0.54	0.77	0.79	0.78	0.75	0.76	0.52	0.72	0.78	0.77	0.77	0.81	0.39	0.78	0.79	0.79	0.77	0.81	0.36
qN_Lss14	0.77	0.78	0.84	0.83	0.85	0.57	0.79	0.80	0.80	0.77	0.77	0.54	0.74	0.80	0.78	0.79	0.82	0.44	0.80	0.80	0.80	0.79	0.82	0.40
qN_Lss15	0.79	0.80	0.85	0.84	0.86	0.62	0.80	0.82	0.81	0.78	0.78	0.57	0.77	0.81	0.80	0.80	0.83	0.48	0.81	0.81	0.82	0.80	0.83	0.42
qP_Lss1	0.91	0.92	0.93	0.92	0.89	0.79	0.93	0.92	0.91	0.89	0.87	0.72	0.92	0.91	0.90	0.89	0.86	0.67	0.92	0.90	0.91	0.88	0.78	0.57
qP_Lss2	0.87	0.86	0.88	0.86	0.80	0.37	0.87	0.85	0.83	0.76	0.70	0.45	0.83	0.83	0.81	0.78	0.70	0.34	0.84	0.82	0.82	0.76	0.59	0.26
qP_Lss3	0.81	0.80	0.84	0.82	0.72	0.24	0.80	0.79	0.76	0.67	0.59	0.34	0.74	0.77	0.74	0.74	0.67	0.22	0.78	0.78	0.78	0.72	0.56	0.18
qP_Lss4	0.74	0.73	0.79	0.79	0.67	0.14	0.74	0.72	0.69	0.59	0.50	0.27	0.65	0.71	0.68	0.70	0.62	0.14	0.73	0.73	0.73	0.69	0.53	0.12
qP_Lss5	0.69	0.68	0.77	0.76	0.62	0.10	0.69	0.67	0.63	0.54	0.43	0.21	0.60	0.67	0.63	0.68	0.59	0.12	0.68	0.69	0.69	0.66	0.49	0.09
qP_Lss6	0.66	0.65	0.75	0.74	0.60	0.09	0.65	0.62	0.59	0.48	0.37	0.15	0.53	0.62	0.59	0.64	0.56	0.08	0.65	0.66	0.66	0.64	0.48	0.06
qP_Lss7	0.62	0.62	0.71	0.70	0.52	0.06	0.61	0.59	0.54	0.44	0.33	0.10	0.49	0.58	0.55	0.61	0.52	0.05	0.61	0.63	0.61	0.59	0.45	0.06
qP_Lss8	0.59	0.58	0.70	0.67	0.52	0.09	0.57	0.54	0.50	0.40	0.27	0.09	0.47	0.55	0.53	0.58	0.47	0.05	0.59	0.59	0.57	0.59	0.43	0.05
qP_Lss9	0.56	0.55	0.66	0.64	0.53	0.07	0.54	0.51	0.48	0.36	0.24	0.03	0.43	0.51	0.49	0.55	0.45	0.05	0.54	0.57	0.55	0.54	0.38	0.02
qP_Lss10	0.53	0.52	0.62	0.58	0.43	0.05	0.50	0.48	0.43	0.32	0.22	0.02	0.40	0.47	0.45	0.51	0.38	0.02	0.51	0.54	0.50	0.49	0.36	0.03
qP_Lss11	0.48	0.49	0.60	0.53	0.35	0.03	0.47	0.43	0.39	0.29	0.18	0.02	0.36	0.44	0.43	0.49	0.36	0.00	0.47	0.49	0.48	0.46	0.33	0.03
qP_Lss12	0.45	0.46	0.51	0.48	0.33	0.05	0.42	0.40	0.36	0.28	0.17	0.03	0.33	0.39	0.41	0.45	0.32	0.02	0.45	0.44	0.42	0.44	0.30	0.02
qP_Lss13	0.41	0.40	0.49	0.46	0.36	0.05	0.41	0.37	0.35	0.24	0.13	0.01	0.33	0.37	0.37	0.43	0.33	0.02	0.40	0.44	0.41	0.40	0.30	0.02
qP_Lss14	0.39	0.41	0.45	0.45	0.29	0.07	0.39	0.34	0.29	0.23	0.15	0.02	0.30	0.36	0.34	0.40	0.28	0.01	0.36	0.39	0.38	0.38	0.22	0.01
qP_Lss15	0.33	0.35	0.39	0.39	0.21	0.03	0.36	0.32	0.29	0.21	0.10	0.00	0.27	0.33	0.32	0.35	0.23	0.00	0.34	0.37	0.32	0.34	0.22	0.02
qL_Lss1	1.08	1.07	1.06	1.06	1.06	1.04	1.07	1.07	1.07	1.07	1.07	0.98	1.08	1.07	1.08	1.08	1.05	0.95	1.08	1.08	1.08	1.07	1.04	0.92
qL_Lss2	1.10	1.10	1.08	1.06	1.03	0.71	1.10	1.10	1.10	1.09	1.04	0.73	1.12	1.10	1.11	1.09	1.01	0.62	1.10	1.10	1.10	1.07	0.92	0.53
qL_Lss3	1.12	1.11	1.08	1.06	0.96	0.51	1.10	1.11	1.09	1.06	0.95	0.57	1.13	1.09	1.10	1.07	0.98	0.43	1.10	1.09	1.09	1.05	0.87	0.37
qL_Lss4	1.11	1.08	1.07	1.04	0.90	0.32	1.08	1.08	1.05	0.99	0.83	0.46	1.08	1.06	1.07	1.04	0.93	0.29	1.07	1.06	1.07	1.02	0.82	0.26
qL_Lss5	1.07	1.04	1.04	1.01	0.84	0.22	1.04	1.02	0.98	0.91	0.72	0.38	1.02	1.03	1.01	1.01	0.89	0.25	1.03	1.02	1.03	0.99	0.76	0.20
qL_Lss6	1.03	0.99	1.01	0.98	0.80	0.20	0.99	0.96	0.91	0.82	0.62	0.27	0.94	0.96	0.96	0.97	0.83	0.16	0.98	0.97	0.98	0.95	0.72	0.14
qL_Lss7	0.97	0.94	0.97	0.94	0.71	0.15	0.93	0.90	0.83	0.75	0.55	0.19	0.86	0.90	0.89	0.92	0.77	0.11	0.93	0.92	0.91	0.89	0.66	0.12
qL_Lss8	0.92	0.88	0.93	0.90	0.70	0.19	0.87	0.83	0.77	0.67	0.45	0.17	0.81	0.84	0.84	0.87	0.69	0.09	0.89	0.87	0.85	0.86	0.62	0.10
qL_Lss9	0.86	0.83	0.88	0.85	0.70	0.14	0.82	0.78	0.72	0.60	0.40	0.05	0.75	0.78	0.77	0.81	0.65	0.10	0.81	0.82	0.81	0.79	0.56	0.05
qL_Lss10	0.81	0.78	0.84	0.79	0.59	0.11	0.75	0.72	0.66	0.53	0.36	0.05	0.68	0.71	0.70	0.75	0.55	0.05	0.76	0.77	0.74	0.72	0.52	0.06
qL_Lss11	0.74	0.73	0.80	0.73	0.50	0.07	0.71	0.66	0.60	0.48	0.29	0.03	0.61	0.66	0.67	0.71	0.52	0.00	0.70	0.72	0.70	0.67	0.48	0.06
qL_Lss12	0.69	0.69	0.70	0.66	0.47	0.10	0.64	0.61	0.54	0.45	0.28	0.07	0.56	0.59	0.63	0.65	0.46	0.04	0.67	0.65	0.62	0.64	0.44	0.04
qL_Lss13	0.63	0.62	0.67	0.64	0.51	0.10	0.62	0.56	0.53	0.39	0.22	0.03	0.54	0.55	0.56	0.62	0.47	0.03	0.60	0.63	0.60	0.59	0.43	0.05
qL_Lss14	0.59	0.61	0.61	0.61	0.42	0.13	0.58	0.52	0.44	0.37	0.25	0.04	0.50	0.53	0.52	0.58	0.41	0.01	0.54	0.57	0.56	0.55	0.33	0.03
qL_Lss15	0.52	0.53	0.55	0.54	0.31	0.06	0.53	0.48	0.44	0.33	0.17	0.00	0.44	0.49	0.49	0.52	0.33	0.00	0.51	0.54	0.47	0.50	0.32	0.05
PAR1	59.15	59.15	59.15	59.15	59.15	59.15	59.15	59.15	59.15	59.15	59.15	59.15	59.15	59.15	59.15	59.15	59.15	59.15	59.15	59.15	59.15	59.15	59.15	59.15
PAR2	179.76	179.76	179.76	179.76	179.76	179.76	179.76	179.76	179.76	179.76	179.76	179.76	179.76	179.76	179.76	179.76	179.76	179.76	179.76	179.76	179.76	179.76	179.76	179.76
PAR3	300.37	300.37	300.37	300.37	300.37	300.37	300.37	300.37	300.37	300.37	300.37	300.37	300.37	300.37	300.37	300.37	300.37	300.37	300.37	300.37	300.37	300.37	300.37	300.37
PAR4	420.98	420.98	420.98	420.98	420.98	420.98	420.98	420.98	420.98	420.98	420.98	420.98	420.98	420.98	420.98	420.98	420.98	420.98	420.98	420.98	420.98	420.98	420.98	420.98
PAR5	541.59	541.59	541.59	541.59	541.59	541.59	541.59	541.59	541.59	541.59	541.59	541.59	541.59	541.59	541.59	541.59	541.59	541.59	541.59	541.59	541.59	541.59	541.59	541.59
PAR6	662.20	662.20	662.20	662.20	662.20	662.20	662.20	662.20	662.20	662.20	662.20	662.20	662.20	662.20	662.20	662.20	662.20	662.20	662.20	662.20	662.20	662.20	662.20	662.20
PAR7	782.81	782.81	782.81	782.81	782.81	782.81	782.81	782.81	782.81	782.81	782.81	782.81	782.81	782.81	782.81	782.81	782.81	782.81	782.81	782.81	782.81	782.81	782.81	782.81
PAR8	903.42	903.42	903.42	903.42	903.42	903.42	903.42	903.42	903.42	903.42	903.42	903.42	903.42	903.42	903.42	903.42	903.42	903.42	903.42	903.42	903.42	903.42	903.42	903.42
PAR9	1024.03	1024.03	1024.03	1024.03	1024.03	1024.03	1024.03	1024.03	1024.03	1024.03	1024.03	1024.03	1024.03	1024.03	1024.03	1024.03	1024.03	1024.03	1024.03	1024.03	1024.03	1024.03	1024.03	1024.03
PAR10	1144.64	1144.64	1144.64	1144.64	1144.64	1144.64	1144.64	1144.64	1144.64	1144.64	1144.64	1144.64	1144.64	1144.64	1144.64	1144.64	1144.64	1144.64	1144.64	1144.64	1144.64	1144.64	1144.64	1144.64
PAR11	1265.25	1265.25	1265.25	1265.25	1265.25	1265.25	1265.25	1265.25	1265.25	1265.25	1265.25	1265.25	1265.25	1265.25	1265.25	1265.25	1265.25	1265.25	1265.25	1265.25	1265.25	1265.25	1265.25	1265.25
PAR12	1385.86	1385.86	1385.86	1385.86	1385.86	1385.86	1385.86	1385.86	1385.86	1385.86	1385.86	1385.86	1385.86	1385.86	1385.86	1385.86	1385.86	1385.86	1385.86	1385.86	1385.86	1385.86	1385.86	1385.86
PAR13	1506.47	1506.47	1506.47	1506.47	1506.47	1506.47	1506.47	1506.47	1506.47	1506.47	1506.47	1506.47	1506.47	1506.47	1506.47	1506.47	1506.47	1506.47	1506.47	1506.47	1506.47	1506.47	1506.47	1506.47
PAR14	1627.08	1627.08	1627.08	1627.08	1627.08	1627.08	1627.08	1627.08	1627.08	1627.08	1627.08	1627.08	1627.08	1627.08	1627.08	1627.08	1627.08	1627.08	1627.08	1627.08	1627.08	1627.08	1627.08	1627.08
PAR15	1747.69	1747.69	1747.69	1747.69	1747.69	1747.69	1747.69	1747.69	1747.69	1747.69	1747.69	1747.69	1747.69	1747.69	1747.69	1747.69	1747.69	1747.69	1747.69	1747.69	1747.69	1747.69	1747.69	1747.69
ETR1	14.7379	14.6210	14.5149	14.0932	13.3884	11.1608	14.6924	14.6428	14.2426	13.6927	12.9773	9.5164	14.8687	14.3099	14.1300	13.8022	12.5054	8.8821	14.6367	14.1805	14.5842	13.5500	11.1726	7.8980
ETR2	42.1058	41.2501	41.2343	39.0370	33.9985	15.8051	41.3462	40.6194	39.0449	35.4483	31.0825	17.0835	40.5683	38.8109	38.3453	36.1906	30.2990	13.6083	40.2109	38.6658	38.7469	34.5071	24.5464	10.8892
ETR3	65.1019	62.9206	64.6619	60.8773	47.4984	17.1432	63.1499	61.8919	58.7012	51.2816	42.2336	20.6065	59.4197	59.5519	58.2486	56.4452	46.8470	14.5611	61.3180	59.9337	60.1533	53.7175	37.2866	12.1590
ETR4	81.9070	78.5691	83.6937	79.6188	57.5996	14.2032	79.9410	77.7752	72.7409	61.8540	47.5734	22.5934	71.9667	75.3669	73.9433	73.3229	59.4998	13.1978	78.0770	76.4882	77.2973	70.8408	48.2098	11.4043
ETR5	96.2858	91.9174	101.3824	95.6040	64.6176	12.2608	93.6122	89.1126	81.8655	69.9983	50.6828	22.8807	82.3923	89.4060	84.6499	88.9783	70.5403	14.1770	91.1134	90.8542	91.6463	85.1509	54.7187	10.9261
ETR6	108.4124	102.4200	115.1605	109.3246	72.3691	13.6527	103.3090	97.1417	88.4599	73.4905	50.2711	19.5500	87.4867	97.4583	94.9430	99.7454	77.3646	10.9893	101.4046	101.9083	102.2469	97.4161	62.2845	9.5380
ETR7	116.7291	111.9812	123.9728	116.8694	69.9167	11.6372	109.7463	103.9344	91.0490	76.2875	52.0305	16.0168	91.5073	103.5575	99.9566	107.4489	81.4068	8.7003	109.1350	109.5051	106.9736	102.3371	64.8910	9.9214
ETR8	123.8949	115.1322	132.9412	122.9425	77.8034	17.7553	114.2004	106.0911	93.3451	76.2279	47.0584	16.3999	97.8431	107.1186	105.2317	113.4982	80.2051	8.7424	117.4012	114.7399	109.8294	112.1769	68.1842	9.1604
ETR9	126.2730	120.7520	134.8012	126.2218	88.9100	15.0950	117.4699	107.6938	96.3515	75.2332	45.4936	5.3976	99.4055	107.9926	105.9844	115.2023	81.6852	10.2621	116.1839	118.9783	114.9575	110.7035	66.3020	5.2987
ETR10	128.8999	121.9502	136.1152	122.5415	78.6593	12.8230	115.4832	108.0851	94.9316	72.3818	45.1408	5.5986	99.1561	105.9367	104.2188	115.2873	72.7349	5.8158	117.5450	120.1910	111.2653	107.7914	67.0182	6.7172
ETR11	123.0813	122.3578	139.3084	118.5778	69.0842	8.3900	115.7567	104.6253	92.0273	69.6031	39.5078	4.0653	95.4043	104.3123	107.0217	117.0003	73.9771	0.5338	115.0960	117.9261	113.0423	107.5514	67.4219	7.4347
ETR12	122.2475	121.9930	121.4760	112.3580	70.6936	13.7860	110.2189	102.7131	88.3083	70.4277	41.8517	9.5600	93.2125	97.9856	107.3037	112.8097	69.5693	5.1819	117.1404	111.4886	106.0947	110.0718	65.0901	5.4821
ETR13	117.4451	113.6927	124.0978	115.1406	84.1225	15.2835	113.8393	99.2656	92.5115	66.0263	33.9199	4.0871	97.6003	96.6602	101.2941	113.5757	76.5076	5.2225	108.7085	116.1564	109.4327	106.0952	69.6480	7.3462
ETR14	116.8463	121.2055	117.4124	117.3278	72.7241	21.9346	112.0060	96.8702	80.9187	65.8647	42.5394	6.1560	94.3302	98.5793	97.9214	112.1674	70.1368	2.3056	103.2642	110.0342	105.9333	103.6864	54.6997	4.7247
ETR15	105.9419	109.2380	107.8747	106.4153	54.5498	10.6686	107.2244	94.6421	86.5167	62.1988	30.2739	0.2261	87.2134	96.8918	97.4307	103.4186	59.5775	0.3232	102.1971	107.8176	93.3297	98.1332	56.1576	8.2837
