FluorCam7 Numeric Avg Export File
-----------------------------------
	Area 1	Area 2	Area 3	Area 4	Area 5	Area 6	Area 7	Area 8	Area 9	Area 10	Area 11	Area 12	Area 13	Area 14	Area 15	Area 16	Area 17	Area 18	Area 19	Area 20	Area 21	Area 22	Area 23	Area 24
Size [pixels]	3967	4653	4200	3898	4973	3672	3329	5113	3272	3828	3700	2603	3354	5710	4628	3920	5921	7177	6277	5960	4343	4748	6278	4051
Fo	6272.52	5892.56	4759.72	5199.55	5435.02	5395.16	5896.59	4689.66	5589.47	4588.34	5437.27	4712.54	5937.36	6470.43	5363.70	5278.51	6356.77	6396.90	6737.45	7068.30	7087.97	6430.73	6957.75	7110.65
Fm	12228.65	11871.23	8990.28	9399.64	10752.19	11989.89	10180.69	9063.54	11002.19	8948.29	10013.41	11685.21	10179.65	11109.36	9541.35	9484.26	10933.22	12873.68	13095.84	11213.69	11269.09	11644.17	14152.83	15559.44
Fv	5956.13	5978.67	4230.55	4200.09	5317.17	6594.73	4284.09	4373.88	5412.72	4359.95	4576.14	6972.66	4242.29	4638.93	4177.64	4205.75	4576.45	6476.78	6358.40	4145.39	4181.12	5213.44	7195.08	8448.79
Fm_Lss1	12206.92	11909.46	8954.22	9490.17	10759.36	12016.96	10200.32	9091.83	11051.87	8983.64	10063.35	11656.31	10109.63	11096.95	9586.50	9493.54	11004.80	12898.17	13114.44	11333.80	11374.54	11725.36	14248.80	15594.58
Ft_Lss1	6812.77	6403.03	5240.85	5738.61	5966.54	5919.76	6387.25	5092.73	6001.94	4920.14	6021.86	5072.97	6304.85	7050.67	5753.51	5662.05	6872.23	6933.00	7096.31	7422.77	7444.26	6818.62	7366.04	7482.75
Fo_Lss1	6266.80	5901.96	4749.60	5227.13	5436.85	5400.64	5903.17	4697.22	5602.27	4597.62	5451.96	4707.84	5913.48	6466.22	5377.94	5281.38	6380.90	6402.94	6742.36	7115.83	7129.55	6455.42	6980.87	7117.98
Fv_Lss1	5940.12	6007.50	4204.62	4263.04	5322.51	6616.32	4297.14	4394.61	5449.60	4386.02	4611.39	6948.47	4196.16	4630.73	4208.55	4212.16	4623.90	6495.22	6372.07	4217.97	4244.99	5269.94	7267.94	8476.60
Fq_Lss1	5394.15	5506.43	3713.37	3751.56	4792.83	6097.21	3813.07	3999.10	5049.93	4063.49	4041.49	6583.34	3804.78	4046.28	3832.98	3831.49	4132.58	5965.16	6018.13	3911.03	3930.28	4906.74	6882.77	8111.84
QY_max	0.49	0.50	0.47	0.45	0.49	0.55	0.42	0.48	0.49	0.49	0.46	0.60	0.42	0.42	0.44	0.44	0.42	0.50	0.49	0.37	0.37	0.45	0.51	0.54
Fv/Fm_Lss1	0.49	0.50	0.47	0.45	0.49	0.55	0.42	0.48	0.49	0.49	0.46	0.60	0.42	0.42	0.44	0.44	0.42	0.50	0.49	0.37	0.37	0.45	0.51	0.54
QY_Lss1	0.44	0.46	0.41	0.40	0.45	0.51	0.37	0.44	0.46	0.45	0.40	0.56	0.38	0.36	0.40	0.40	0.38	0.46	0.46	0.35	0.35	0.42	0.48	0.52
NPQ_Lss1	0.00	-0.00	0.00	-0.01	-0.00	-0.00	-0.00	-0.00	-0.00	-0.00	-0.00	0.00	0.01	0.00	-0.00	-0.00	-0.01	-0.00	-0.00	-0.01	-0.01	-0.01	-0.01	-0.00
qN_Lss1	0.00	-0.01	0.01	-0.02	-0.00	-0.00	-0.00	-0.01	-0.01	-0.01	-0.01	0.00	0.02	0.00	-0.01	-0.00	-0.02	-0.00	-0.00	-0.03	-0.03	-0.02	-0.01	-0.00
qP_Lss1	0.91	0.92	0.88	0.88	0.90	0.92	0.89	0.91	0.93	0.93	0.88	0.95	0.91	0.87	0.91	0.91	0.89	0.92	0.94	0.93	0.93	0.93	0.95	0.96
qL_Lss1	0.99	0.99	0.97	0.97	0.99	1.01	0.96	0.99	0.99	0.99	0.97	1.02	0.97	0.95	0.97	0.98	0.96	0.99	0.99	0.97	0.97	0.98	1.00	1.01
PAR1	10.90	10.90	10.90	10.90	10.90	10.90	10.90	10.90	10.90	10.90	10.90	10.90	10.90	10.90	10.90	10.90	10.90	10.90	10.90	10.90	10.90	10.90	10.90	10.90
ETR1	1.9272	2.0164	1.8086	1.7240	1.9427	2.2128	1.6303	1.9183	1.9928	1.9727	1.7515	2.4632	1.6413	1.5902	1.7437	1.7601	1.6377	2.0170	2.0013	1.5049	1.5069	1.8250	2.1066	2.2686
