FluorCam7 Numeric Avg Export File
-----------------------------------
	Area 1	Area 2	Area 3	Area 4	Area 5	Area 6	Area 7	Area 8	Area 9	Area 10	Area 11	Area 12	Area 13	Area 14	Area 15	Area 16	Area 17	Area 18	Area 19	Area 20	Area 21	Area 22	Area 23	Area 24
Size [pixels]	1773	3466	3182	1561	3771	3094	3946	2440	1521	3733	3188	3003	2442	4346	4202	3796	2658	2732	3547	2943	3316	6084	4988	3610
Fo	2066.01	2339.40	2125.10	1922.91	2161.16	1695.23	2461.96	2066.32	1543.68	2516.15	2248.98	1952.33	2138.21	2538.41	3004.84	2686.32	2262.47	2214.53	2628.94	2915.22	3131.95	3804.71	3361.27	2777.63
Fm	7212.05	7969.45	7133.06	6541.71	7297.72	5706.31	7984.38	6717.15	5170.65	8157.16	7226.90	6214.97	6913.89	8398.07	9829.50	8612.99	7217.39	7136.70	8190.81	8848.48	9803.03	11468.98	10347.97	8626.71
Fv	5146.04	5630.05	5007.96	4618.80	5136.56	4011.07	5522.42	4650.82	3626.97	5641.01	4977.93	4262.64	4775.68	5859.65	6824.66	5926.67	4954.92	4922.17	5561.87	5933.26	6671.07	7664.27	6986.70	5849.08
Fm_Lss1	6700.98	7549.79	6733.74	6138.05	6916.78	5439.29	7653.44	6484.98	4857.42	7881.21	6954.21	6034.20	6674.42	8066.56	9438.96	8392.57	6941.74	6925.94	7980.86	8605.09	9585.70	11356.24	10235.00	8419.38
Ft_Lss1	2121.25	2415.09	2189.51	1965.25	2255.99	1749.82	2601.89	2183.29	1587.89	2647.64	2348.15	2072.00	2239.93	2631.05	3147.91	2829.09	2341.75	2329.97	2841.20	3204.19	3359.01	4133.23	3613.14	2935.68
Fo_Lss1	2021.83	2301.84	2088.21	1886.44	2126.47	1670.87	2429.57	2043.82	1514.52	2489.27	2221.86	1934.13	2114.75	2507.27	2967.30	2664.50	2234.65	2193.81	2606.93	2888.30	3109.43	3792.22	3349.26	2755.78
Fv_Lss1	4679.15	5247.95	4645.53	4251.61	4790.31	3768.42	5223.87	4441.16	3342.90	5391.94	4732.35	4100.07	4559.67	5559.29	6471.66	5728.07	4707.09	4732.12	5373.93	5716.78	6476.27	7564.01	6885.74	5663.60
Fq_Lss1	4579.73	5134.70	4544.23	4172.80	4660.79	3689.46	5051.55	4301.69	3269.53	5233.56	4606.06	3962.20	4434.49	5435.51	6291.06	5563.47	4599.99	4595.97	5139.67	5400.89	6226.69	7223.00	6621.86	5483.69
QY_max	0.71	0.71	0.70	0.71	0.70	0.70	0.69	0.69	0.70	0.69	0.69	0.69	0.69	0.70	0.69	0.69	0.69	0.69	0.68	0.67	0.68	0.67	0.68	0.68
Fv/Fm_Lss1	0.70	0.70	0.69	0.69	0.69	0.69	0.68	0.68	0.69	0.68	0.68	0.68	0.68	0.69	0.69	0.68	0.68	0.68	0.67	0.66	0.68	0.67	0.67	0.67
QY_Lss1	0.68	0.68	0.67	0.68	0.67	0.68	0.66	0.66	0.67	0.66	0.66	0.66	0.66	0.67	0.67	0.66	0.66	0.66	0.64	0.63	0.65	0.64	0.65	0.65
NPQ_Lss1	0.08	0.06	0.06	0.07	0.06	0.05	0.04	0.04	0.06	0.04	0.04	0.03	0.04	0.04	0.04	0.03	0.04	0.03	0.03	0.03	0.02	0.01	0.01	0.02
qN_Lss1	0.10	0.07	0.08	0.09	0.07	0.07	0.06	0.05	0.09	0.05	0.05	0.04	0.05	0.06	0.06	0.04	0.06	0.04	0.04	0.04	0.03	0.01	0.02	0.04
qP_Lss1	0.98	0.98	0.98	0.98	0.97	0.98	0.97	0.97	0.98	0.97	0.97	0.97	0.97	0.98	0.97	0.97	0.98	0.97	0.96	0.94	0.96	0.95	0.96	0.97
qL_Lss1	1.03	1.03	1.03	1.02	1.03	1.03	1.04	1.03	1.03	1.03	1.03	1.04	1.03	1.03	1.03	1.03	1.02	1.03	1.04	1.05	1.04	1.04	1.04	1.03
PAR1	10.90	10.90	10.90	10.90	10.90	10.90	10.90	10.90	10.90	10.90	10.90	10.90	10.90	10.90	10.90	10.90	10.90	10.90	10.90	10.90	10.90	10.90	10.90	10.90
ETR1	2.9806	2.9661	2.9431	2.9649	2.9387	2.9582	2.8786	2.8929	2.9355	2.8961	2.8886	2.8637	2.8976	2.9387	2.9067	2.8911	2.8900	2.8940	2.8086	2.7373	2.8330	2.7739	2.8216	2.8405
