FluorCam7 Numeric Avg Export File
-----------------------------------
	Area 1	Area 2	Area 3	Area 4	Area 5	Area 6	Area 7	Area 8	Area 9	Area 10	Area 11	Area 12	Area 13	Area 14	Area 15	Area 16	Area 17	Area 18	Area 19	Area 20	Area 21	Area 22	Area 23	Area 24
Size [pixels]	5825	4242	5640	4465	3597	4242	3477	4157	4126	2819	5886	3320	5378	5910	4909	6518	4645	4249	4963	4739	4406	3827	5010	3820
Fo	1921.03	1755.71	1936.14	1808.72	1963.67	1339.04	1882.86	2025.83	2072.87	1662.21	2302.57	2028.96	1870.05	2157.75	2612.00	1764.29	1594.50	1611.01	1883.29	2371.50	2074.92	1918.21	2037.43	1442.06
Fm	6450.71	5921.28	6543.06	5868.43	6623.12	4520.54	6102.84	6955.49	7000.57	5380.79	7780.42	6773.64	6518.49	7474.62	8684.30	6044.72	5421.73	5505.29	6201.16	7753.70	6889.82	6467.27	6879.88	4917.64
Fv	4529.69	4165.56	4606.91	4059.71	4659.44	3181.50	4219.98	4929.66	4927.70	3718.58	5477.85	4744.68	4648.44	5316.87	6072.30	4280.43	3827.23	3894.28	4317.87	5382.20	4814.90	4549.06	4842.45	3475.58
Fm_Lss1	6352.92	5867.55	6506.13	5832.42	6582.52	4432.09	6048.58	6906.03	6952.30	5355.25	7720.06	6734.19	6424.19	7394.93	8631.52	5980.81	5394.31	5432.10	6145.10	7657.60	6813.33	6403.41	6859.40	4896.45
Ft_Lss1	2039.42	1878.82	2053.77	1909.32	2072.11	1410.05	1990.63	2136.17	2186.35	1769.20	2446.84	2144.54	1970.52	2267.32	2748.75	1869.45	1691.12	1697.24	2018.67	2514.11	2186.66	2020.85	2150.69	1520.51
Fo_Lss1	1912.26	1750.96	1932.90	1805.29	1960.09	1331.17	1877.66	2021.61	2068.61	1659.77	2297.26	2025.41	1862.20	2151.06	2607.20	1758.80	1592.12	1604.69	1878.08	2362.43	2067.93	1912.56	2035.63	1440.23
Fv_Lss1	4440.66	4116.60	4573.23	4027.13	4622.43	3100.92	4170.92	4884.42	4883.69	3695.48	5422.80	4708.79	4561.99	5243.87	6024.31	4222.00	3802.19	3827.42	4267.01	5295.17	4745.41	4490.86	4823.77	3456.22
Fq_Lss1	4313.49	3988.73	4452.36	3923.11	4510.42	3022.04	4057.95	4769.86	4765.95	3586.05	5273.22	4589.65	4453.67	5127.60	5882.77	4111.36	3703.19	3734.86	4126.43	5143.49	4626.67	4382.56	4708.71	3375.94
QY_max	0.70	0.70	0.70	0.69	0.70	0.70	0.69	0.71	0.70	0.69	0.70	0.70	0.71	0.71	0.70	0.71	0.71	0.71	0.70	0.69	0.70	0.70	0.70	0.71
Fv/Fm_Lss1	0.70	0.70	0.70	0.69	0.70	0.70	0.69	0.71	0.70	0.69	0.70	0.70	0.71	0.71	0.70	0.71	0.70	0.70	0.69	0.69	0.70	0.70	0.70	0.71
QY_Lss1	0.68	0.68	0.68	0.67	0.69	0.68	0.67	0.69	0.69	0.67	0.68	0.68	0.69	0.69	0.68	0.69	0.69	0.69	0.67	0.67	0.68	0.68	0.69	0.69
NPQ_Lss1	0.02	0.01	0.01	0.01	0.01	0.02	0.01	0.01	0.01	0.00	0.01	0.01	0.01	0.01	0.01	0.01	0.01	0.01	0.01	0.01	0.01	0.01	0.00	0.00
qN_Lss1	0.02	0.01	0.01	0.01	0.01	0.03	0.01	0.01	0.01	0.01	0.01	0.01	0.02	0.01	0.01	0.01	0.01	0.02	0.01	0.02	0.02	0.01	0.00	0.01
qP_Lss1	0.97	0.97	0.97	0.97	0.98	0.97	0.97	0.98	0.98	0.97	0.97	0.97	0.98	0.98	0.98	0.97	0.97	0.98	0.97	0.97	0.97	0.98	0.98	0.98
qL_Lss1	1.04	1.04	1.03	1.03	1.03	1.03	1.03	1.03	1.03	1.03	1.04	1.03	1.03	1.03	1.03	1.04	1.03	1.03	1.04	1.03	1.03	1.03	1.03	1.03
PAR1	10.90	10.90	10.90	10.90	10.90	10.90	10.90	10.90	10.90	10.90	10.90	10.90	10.90	10.90	10.90	10.90	10.90	10.90	10.90	10.90	10.90	10.90	10.90	10.90
ETR1	2.9612	2.9647	2.9845	2.9335	2.9883	2.9737	2.9259	3.0122	2.9897	2.9204	2.9789	2.9724	3.0235	3.0240	2.9724	2.9980	2.9940	2.9986	2.9285	2.9294	2.9615	2.9848	2.9938	3.0069
