FluorCam7 Numeric Avg Export File
-----------------------------------
	Area 1	Area 2	Area 3	Area 4	Area 5	Area 6	Area 7	Area 8	Area 9	Area 10	Area 11	Area 12	Area 13	Area 14	Area 15	Area 16	Area 17	Area 18	Area 19	Area 20	Area 21	Area 22	Area 23	Area 24
Size [pixels]	6001	4287	5676	4466	3496	3338	3638	4285	4178	2830	5687	2956	5468	5984	5124	6338	4256	3821	5115	4879	4403	3906	4891	3109
Fo	1893.47	1745.34	1909.74	1778.99	1963.53	1374.78	1812.37	1956.31	2041.69	1631.64	2341.23	2084.32	1820.69	2106.74	2519.83	1770.54	1686.13	1753.01	1846.66	2300.94	2046.06	1869.36	2037.69	1494.53
Fm	6498.43	5943.61	6445.47	5638.19	6051.38	3819.11	6165.79	6881.95	6824.90	5077.19	6951.60	4895.17	6429.64	7415.54	8415.33	5728.39	4790.56	4685.34	6285.86	7699.90	6826.56	6119.24	6417.45	4015.52
Fv	4604.96	4198.27	4535.73	3859.20	4087.85	2444.33	4353.41	4925.64	4783.21	3445.55	4610.37	2810.86	4608.95	5308.81	5895.50	3957.85	3104.43	2932.32	4439.20	5398.96	4780.50	4249.88	4379.77	2520.98
Fm_Lss1	6403.85	5819.42	6266.32	5418.13	5552.90	3728.04	6045.20	6701.66	6552.91	4845.13	6068.82	4180.74	6213.78	7189.06	8151.60	5433.25	4167.69	4792.02	6187.17	7541.33	6671.55	5912.52	6150.07	3518.70
Fm_Lss2	6117.05	5554.54	6016.41	5081.90	4723.81	3473.84	5743.03	6391.75	6174.84	4391.54	4457.16	3823.27	5828.31	6746.71	7749.93	4929.70	3260.58	4679.68	5973.95	7291.57	6433.13	5657.06	5683.77	3052.94
Fm_Lss3	5920.49	5391.62	5739.56	4588.19	3924.70	3417.13	5649.95	6251.37	5988.96	3999.70	3681.01	3965.90	5682.20	6578.36	7281.35	4671.57	2859.12	4616.98	5907.50	7133.28	6292.59	5418.63	5248.74	2844.18
Fm_Lss4	5446.87	4924.51	5159.61	3989.97	3266.31	3335.12	5432.18	5809.51	5682.77	3685.16	3238.09	4115.73	5554.12	6326.84	6626.13	4431.47	2713.09	4562.45	5674.34	6639.31	5918.20	4974.58	4670.33	2833.45
Fm_Lss5	4864.47	4296.29	4461.81	3532.63	2786.31	3286.34	4986.52	5286.09	5256.30	3366.63	3072.36	4224.03	5310.05	5862.70	5959.61	4047.82	2629.92	4416.98	5223.10	5965.01	5447.09	4521.12	4101.95	2828.90
Fm_Lss6	4313.77	3813.64	3869.22	3226.92	2470.65	3209.29	4500.57	4783.89	4873.06	3029.05	2962.31	4223.25	4959.55	5373.44	5333.22	3635.87	2560.61	4238.69	4717.92	5295.98	4900.76	4029.29	3617.56	2807.61
Fm_Lss7	3838.38	3370.43	3423.57	2939.13	2250.90	3084.57	3997.53	4306.16	4437.19	2748.06	2940.47	4112.54	4605.64	4924.92	4710.20	3256.83	2535.69	4055.68	4182.09	4625.95	4451.70	3583.15	3195.73	2818.76
Fm_Lss8	3486.46	3037.45	3071.28	2709.36	2100.35	2995.99	3574.84	3872.17	3944.98	2500.83	2923.44	4032.44	4187.34	4521.93	4223.76	2929.22	2500.22	3851.90	3719.71	4069.70	3946.26	3219.18	2872.51	2746.08
Fm_Lss9	3183.42	2783.77	2778.34	2496.47	1985.63	2855.24	3225.76	3477.33	3533.62	2316.20	2921.65	3842.17	3842.65	4124.71	3844.78	2670.84	2509.11	3649.09	3325.21	3684.10	3539.17	2884.40	2626.13	2744.62
Fm_Lss10	2909.81	2572.86	2560.89	2301.89	1911.40	2709.85	2935.16	3149.15	3239.31	2139.00	2967.53	3632.94	3551.53	3781.14	3538.13	2476.83	2553.56	3470.95	3015.23	3364.02	3179.22	2640.94	2438.76	2659.86
Fm_Lss11	2711.58	2417.48	2387.66	2179.35	1866.79	2601.15	2726.69	2897.37	3001.72	2045.59	3129.16	3467.98	3278.18	3480.65	3307.22	2335.03	2588.98	3243.31	2765.92	3105.70	2860.99	2461.36	2285.92	2589.94
Fm_Lss12	2495.84	2254.31	2266.14	2054.17	1821.93	2472.22	2541.13	2715.98	2796.34	1970.11	3290.65	3332.55	3086.23	3260.62	3145.85	2204.05	2642.46	3069.52	2575.07	2919.20	2640.52	2309.25	2214.65	2540.46
Fm_Lss13	2362.78	2122.54	2121.75	1962.22	1823.67	2359.21	2398.08	2586.45	2649.51	1886.75	3448.47	3120.84	2874.24	3043.24	3033.11	2111.90	2692.73	2920.23	2402.61	2773.30	2477.89	2166.73	2092.74	2458.53
Fm_Lss14	2246.07	2062.54	2032.04	1885.15	1814.87	2263.89	2325.38	2467.78	2534.83	1870.39	3544.86	2996.84	2735.21	2866.62	2885.90	2046.48	2690.47	2769.94	2293.86	2680.10	2344.56	2060.63	2026.37	2370.42
Fm_Lss15	2128.69	1973.29	1961.48	1825.76	1852.63	2197.05	2235.22	2367.91	2416.38	1811.77	3639.71	2853.43	2614.56	2728.94	2813.31	2011.88	2663.80	2615.50	2192.91	2536.97	2236.54	2001.97	2014.16	2301.46
Ft_Lss1	2177.01	2013.58	2197.44	2025.85	2241.56	1718.32	2027.80	2222.99	2299.16	1844.18	2782.82	2381.06	2075.75	2370.02	2862.08	1978.98	2086.41	2460.71	2109.21	2633.37	2339.01	2147.11	2341.81	1819.23
Ft_Lss2	2325.97	2188.76	2334.96	2185.38	2354.36	2551.05	2176.85	2385.83	2481.34	1993.38	2707.95	2939.81	2256.85	2605.96	3262.07	2109.91	2105.23	3614.33	2332.58	2921.25	2543.46	2357.99	2586.10	2160.88
Ft_Lss3	2580.15	2473.29	2553.84	2246.67	2251.93	2868.81	2397.01	2656.26	2664.25	2053.71	2520.75	3361.72	2486.20	2877.56	3554.83	2213.72	2066.54	4034.68	2647.91	3280.45	2803.37	2535.39	2667.02	2307.89
Ft_Lss4	2741.71	2577.90	2554.07	2185.89	2095.35	3000.96	2544.22	2792.71	2767.62	2056.85	2412.13	3773.98	2680.23	3100.33	3606.97	2256.50	2071.68	4157.74	2863.85	3432.54	2950.82	2566.56	2602.05	2414.06
Ft_Lss5	2698.35	2517.51	2450.75	2083.78	1939.05	3018.82	2594.60	2805.66	2802.04	1990.18	2396.60	4005.07	2850.90	3181.58	3585.79	2247.21	2116.25	4161.25	2923.33	3404.22	2944.39	2488.94	2475.78	2503.64
Ft_Lss6	2574.31	2395.69	2298.25	1986.70	1823.56	3011.06	2535.69	2752.78	2780.27	1933.28	2402.21	4078.35	2915.88	3181.73	3467.42	2188.06	2142.03	4057.60	2849.23	3253.50	2868.27	2389.15	2338.15	2585.46
Ft_Lss7	2450.52	2263.12	2188.08	1930.60	1713.80	2938.25	2430.39	2652.52	2686.61	1834.14	2437.90	4032.24	2899.43	3099.96	3280.75	2090.81	2185.52	3917.41	2724.48	3071.44	2762.50	2285.58	2220.35	2611.87
Ft_Lss8	2341.64	2155.97	2071.76	1859.73	1664.60	2851.24	2308.44	2516.04	2564.72	1785.31	2475.75	3925.95	2823.64	3008.04	3096.06	2006.44	2210.89	3745.50	2543.31	2865.34	2623.22	2165.19	2093.31	2619.16
Ft_Lss9	2245.00	2068.02	1978.22	1788.55	1627.79	2751.96	2188.96	2400.72	2439.25	1720.59	2551.25	3785.77	2727.62	2896.81	2947.37	1929.68	2266.53	3566.76	2394.73	2697.45	2468.63	2034.20	2015.34	2604.34
Ft_Lss10	2126.86	1966.16	1895.18	1746.55	1593.10	2637.66	2107.95	2300.98	2323.93	1682.54	2680.02	3626.54	2611.97	2771.60	2810.50	1878.10	2342.77	3378.76	2257.11	2579.33	2321.90	1937.44	1940.37	2571.76
Ft_Lss11	2052.62	1901.59	1845.58	1678.66	1583.85	2521.33	2038.61	2198.47	2232.48	1644.78	2872.48	3453.65	2502.65	2661.66	2723.79	1843.25	2440.04	3192.64	2147.34	2453.12	2201.30	1863.92	1879.41	2511.72
Ft_Lss12	1953.71	1846.24	1773.51	1662.73	1579.70	2414.73	1963.45	2125.80	2168.37	1613.19	3099.71	3301.88	2394.74	2545.99	2630.00	1794.39	2509.08	3041.64	2051.62	2360.32	2083.94	1819.25	1834.28	2473.43
Ft_Lss13	1895.55	1796.53	1745.80	1623.24	1575.24	2302.07	1924.08	2053.07	2111.61	1594.28	3319.09	3118.94	2318.96	2453.53	2571.33	1772.14	2570.83	2874.24	1972.76	2291.54	1997.41	1773.62	1818.95	2393.51
Ft_Lss14	1854.61	1754.37	1710.70	1618.36	1632.77	2211.41	1899.51	2030.74	2047.64	1600.86	3489.27	2956.30	2243.82	2373.39	2524.98	1754.52	2607.87	2741.33	1922.33	2224.16	1961.69	1735.34	1789.91	2344.48
Ft_Lss15	1783.47	1720.79	1670.06	1580.02	1666.09	2121.11	1865.78	1996.75	2013.42	1587.15	3588.61	2795.16	2167.77	2311.34	2499.81	1739.84	2599.70	2596.36	1880.17	2197.33	1888.94	1708.19	1785.38	2276.40
Fo_Lss1	1885.35	1734.47	1893.70	1756.48	1907.96	1362.80	1801.81	1941.47	2016.65	1606.90	2231.89	1942.94	1802.95	2088.05	2495.65	1741.30	1601.87	1767.74	1838.05	2286.58	2031.91	1849.61	2009.94	1419.92
Fo_Lss2	1859.68	1710.17	1870.23	1719.60	1799.44	1327.29	1773.99	1914.57	1979.35	1553.68	1969.93	1862.03	1769.01	2049.03	2456.67	1686.11	1447.13	1752.22	1818.77	2263.07	2009.23	1823.84	1957.46	1337.57
Fo_Lss3	1841.10	1694.40	1842.60	1659.19	1669.92	1318.93	1765.01	1901.78	1959.86	1501.63	1802.00	1895.23	1755.31	2033.23	2407.56	1654.83	1362.24	1743.36	1812.56	2247.59	1995.31	1798.33	1903.13	1295.90
Fo_Lss4	1792.63	1645.36	1778.42	1573.86	1538.01	1306.53	1743.18	1858.77	1925.90	1455.01	1688.91	1928.78	1742.89	2008.55	2331.33	1623.67	1328.17	1735.53	1789.99	2196.11	1956.08	1746.59	1821.34	1293.67
Fo_Lss5	1724.67	1568.72	1687.46	1497.39	1422.61	1298.98	1694.58	1801.69	1874.36	1402.61	1642.69	1952.24	1718.11	1959.30	2243.07	1569.17	1307.93	1714.05	1742.50	2116.95	1901.71	1687.18	1727.97	1292.71
Fo_Lss6	1649.99	1499.43	1595.07	1439.58	1335.49	1286.76	1634.60	1739.46	1823.23	1340.38	1610.70	1952.07	1679.70	1901.44	2148.11	1503.15	1290.55	1686.52	1682.40	2026.12	1830.47	1613.67	1635.70	1288.25
Fo_Lss7	1575.36	1425.71	1513.83	1379.33	1268.55	1266.24	1563.16	1672.01	1758.60	1282.36	1604.22	1928.08	1637.09	1842.08	2039.46	1434.15	1284.19	1656.78	1608.89	1919.74	1764.01	1537.03	1543.58	1290.59
Fo_Lss8	1512.69	1362.53	1440.75	1326.53	1219.30	1251.05	1494.08	1602.28	1675.73	1225.81	1599.14	1910.29	1580.96	1782.66	1942.59	1366.83	1275.03	1621.73	1535.47	1816.69	1678.81	1465.93	1464.01	1275.14
Fo_Lss9	1452.70	1309.02	1372.85	1273.37	1179.73	1225.82	1429.43	1530.38	1596.77	1179.71	1598.60	1866.51	1529.17	1717.45	1858.34	1307.80	1277.34	1584.65	1463.78	1735.60	1600.49	1392.34	1397.20	1274.83
Fo_Lss10	1392.93	1260.43	1317.57	1220.73	1153.12	1198.22	1369.35	1463.26	1533.80	1131.95	1612.24	1815.70	1480.86	1654.85	1783.62	1259.49	1288.76	1550.10	1400.40	1661.14	1522.53	1333.02	1342.33	1256.23
Fo_Lss11	1345.83	1221.96	1270.16	1185.39	1136.73	1176.48	1322.19	1406.47	1478.39	1105.24	1658.79	1773.54	1431.11	1594.59	1722.98	1221.76	1297.72	1502.99	1344.13	1595.60	1445.53	1285.67	1294.68	1240.42
Fo_Lss12	1290.46	1178.83	1234.93	1147.36	1119.94	1149.37	1276.97	1362.31	1426.78	1082.83	1703.10	1737.43	1393.28	1546.78	1678.13	1184.92	1311.02	1464.56	1297.40	1544.90	1387.02	1242.91	1271.51	1228.95
Fo_Lss13	1253.95	1141.76	1190.77	1118.09	1120.60	1124.33	1239.81	1328.93	1387.55	1057.16	1744.42	1678.09	1348.38	1496.08	1645.51	1157.76	1323.28	1429.69	1252.12	1503.05	1340.80	1200.41	1230.36	1209.46
Fo_Lss14	1220.30	1124.17	1161.98	1092.64	1117.27	1102.21	1220.08	1296.88	1355.43	1052.00	1768.75	1641.56	1316.98	1452.10	1601.19	1137.82	1322.73	1392.69	1221.93	1475.25	1300.77	1167.12	1207.12	1187.74
Fo_Lss15	1184.81	1097.12	1138.56	1072.42	1131.47	1086.13	1194.80	1268.76	1320.81	1033.20	1792.05	1597.58	1288.35	1415.91	1578.60	1127.04	1316.25	1352.54	1192.68	1430.81	1266.82	1148.06	1202.77	1170.17
Fv_Lss1	4518.50	4084.95	4372.62	3661.65	3644.95	2365.24	4243.39	4760.19	4536.26	3238.23	3836.93	2237.80	4410.83	5101.01	5655.94	3691.95	2565.82	3024.28	4349.12	5254.76	4639.64	4062.92	4140.13	2098.79
Fv_Lss2	4257.37	3844.38	4146.19	3362.30	2924.37	2146.55	3969.04	4477.18	4195.48	2837.86	2487.23	1961.23	4059.31	4697.68	5293.25	3243.60	1813.45	2927.46	4155.19	5028.50	4423.90	3833.22	3726.32	1715.37
Fv_Lss3	4079.39	3697.22	3896.96	2929.01	2254.78	2098.20	3884.94	4349.59	4029.10	2498.07	1879.01	2070.67	3926.89	4545.14	4873.79	3016.74	1496.89	2873.62	4094.94	4885.69	4297.28	3620.30	3345.61	1548.28
Fv_Lss4	3654.24	3279.16	3381.19	2416.12	1728.30	2028.59	3689.01	3950.74	3756.87	2230.15	1549.18	2186.94	3811.23	4318.30	4294.80	2807.81	1384.91	2826.92	3884.35	4443.20	3962.13	3227.99	2848.99	1539.79
Fv_Lss5	3139.80	2727.58	2774.35	2035.24	1363.70	1987.37	3291.95	3484.39	3381.94	1964.01	1429.66	2271.79	3591.94	3903.39	3716.54	2478.64	1321.99	2702.93	3480.59	3848.06	3545.37	2833.95	2373.98	1536.18
Fv_Lss6	2663.78	2314.22	2274.15	1787.34	1135.16	1922.52	2865.98	3044.44	3049.83	1688.67	1351.61	2271.17	3279.85	3472.00	3185.11	2132.71	1270.06	2552.17	3035.52	3269.86	3070.29	2415.62	1981.85	1519.36
Fv_Lss7	2263.02	1944.71	1909.74	1559.80	982.35	1818.33	2434.38	2634.15	2678.59	1465.71	1336.25	2184.45	2968.54	3082.84	2670.74	1822.68	1251.50	2398.91	2573.20	2706.21	2687.69	2046.13	1652.15	1528.16
Fv_Lss8	1973.77	1674.92	1630.52	1382.83	881.06	1744.94	2080.77	2269.89	2269.25	1275.02	1324.30	2122.15	2606.39	2739.27	2281.18	1562.39	1225.19	2230.17	2184.24	2253.01	2267.46	1753.25	1408.50	1470.94
Fv_Lss9	1730.73	1474.75	1405.48	1223.10	805.90	1629.42	1796.34	1946.95	1936.85	1136.49	1323.05	1975.67	2313.48	2407.26	1986.44	1363.05	1231.77	2064.44	1861.43	1948.50	1938.68	1492.06	1228.93	1469.79
Fv_Lss10	1516.89	1312.43	1243.32	1081.15	758.28	1511.63	1565.81	1685.89	1705.51	1007.05	1355.29	1817.23	2070.66	2126.30	1754.51	1217.34	1264.80	1920.85	1614.82	1702.88	1656.69	1307.92	1096.42	1403.63
Fv_Lss11	1365.76	1195.52	1117.50	993.96	730.06	1424.67	1404.51	1490.90	1523.32	940.35	1470.37	1694.44	1847.08	1886.05	1584.24	1113.27	1291.26	1740.32	1421.79	1510.09	1415.46	1175.68	991.23	1349.52
Fv_Lss12	1205.37	1075.48	1031.21	906.81	701.99	1322.85	1264.16	1353.67	1369.56	887.28	1587.55	1595.12	1692.96	1713.84	1467.72	1019.13	1331.44	1604.96	1277.66	1374.30	1253.50	1066.34	943.14	1311.51
Fv_Lss13	1108.83	980.78	930.98	844.12	703.07	1234.88	1158.27	1257.53	1261.96	829.59	1704.05	1442.76	1525.86	1547.16	1387.61	954.14	1369.46	1490.54	1150.48	1270.25	1137.10	966.32	862.38	1249.07
Fv_Lss14	1025.77	938.37	870.06	792.51	697.60	1161.68	1105.29	1170.90	1179.40	818.39	1776.12	1355.28	1418.24	1414.52	1284.70	908.66	1367.74	1377.24	1071.93	1204.86	1043.79	893.51	819.26	1182.68
Fv_Lss15	943.89	876.16	822.92	753.34	721.16	1110.92	1040.42	1099.15	1095.57	778.57	1847.66	1255.85	1326.21	1313.03	1234.72	884.84	1347.55	1262.96	1000.22	1106.16	969.71	853.90	811.39	1131.29
Fq_Lss1	4226.84	3805.84	4068.88	3392.28	3311.34	2009.72	4017.40	4478.67	4253.75	3000.95	3285.99	1799.68	4138.03	4819.04	5289.52	3454.28	2081.28	2331.30	4077.96	4907.96	4332.54	3765.41	3808.26	1699.47
Fq_Lss2	3791.09	3365.79	3681.45	2896.52	2369.44	922.79	3566.18	4005.92	3693.50	2398.16	1749.21	883.45	3571.46	4140.74	4487.86	2819.79	1155.35	1065.35	3641.37	4370.32	3889.67	3299.08	3097.67	892.06
Fq_Lss3	3340.34	2918.33	3185.72	2341.52	1672.77	548.31	3252.93	3595.11	3324.71	1946.00	1160.26	604.17	3196.00	3700.80	3726.52	2457.85	792.59	582.30	3259.59	3852.83	3489.22	2883.23	2581.72	536.29
Fq_Lss4	2705.16	2346.61	2605.54	1804.09	1170.96	334.15	2887.96	3016.81	2915.14	1628.31	825.96	341.75	2873.89	3226.51	3019.16	2174.97	641.41	404.71	2810.49	3206.77	2967.38	2408.02	2068.28	419.39
Fq_Lss5	2166.12	1778.79	2011.07	1448.85	847.26	267.52	2391.92	2480.42	2454.25	1376.45	675.75	218.96	2459.16	2681.11	2373.82	1800.60	513.66	255.73	2299.76	2560.80	2502.70	2032.18	1626.17	325.26
Fq_Lss6	1739.47	1417.96	1570.96	1240.22	647.09	198.22	1964.88	2031.12	2092.80	1095.77	560.10	144.90	2043.68	2191.71	1865.80	1447.80	418.58	181.09	1868.69	2042.48	2032.49	1640.14	1279.41	222.15
Fq_Lss7	1387.86	1107.31	1235.49	1008.53	537.10	146.31	1567.14	1653.64	1750.58	913.92	502.57	80.30	1706.21	1824.97	1429.45	1166.02	350.17	138.27	1457.61	1554.51	1689.20	1297.57	975.38	206.89
Fq_Lss8	1144.82	881.47	999.52	849.63	435.76	144.75	1266.40	1356.12	1380.26	715.52	447.69	106.49	1363.70	1513.89	1127.71	922.78	289.33	106.40	1176.40	1204.37	1323.04	1053.99	779.20	126.92
Fq_Lss9	938.42	715.75	800.11	707.92	357.84	103.28	1036.80	1076.61	1094.36	595.61	370.40	56.40	1115.03	1227.90	897.41	741.17	242.58	82.33	930.48	986.65	1070.54	850.20	610.79	140.28
Fq_Lss10	782.96	606.70	665.71	555.33	318.31	72.19	827.21	848.17	915.38	456.46	287.51	6.40	939.55	1009.55	727.63	598.73	210.79	92.19	758.11	784.69	857.32	703.50	498.38	88.10
Fq_Lss11	658.96	515.88	542.09	500.69	282.94	79.82	688.09	698.90	769.24	400.82	256.68	14.33	775.53	818.98	583.43	491.78	148.94	50.67	618.58	652.57	659.69	597.43	406.51	78.22
Fq_Lss12	542.13	408.07	492.63	391.44	242.22	57.49	577.69	590.18	627.97	356.91	190.94	30.67	691.50	714.63	515.85	409.66	133.38	27.88	523.45	558.88	556.58	490.00	380.38	67.03
Fq_Lss13	467.22	326.01	375.95	338.98	248.43	57.14	474.00	533.39	537.89	292.47	129.38	1.90	555.28	589.71	461.79	339.76	121.91	45.99	429.85	481.76	480.48	393.11	273.79	65.01
Fq_Lss14	391.46	308.17	321.35	266.80	182.10	52.49	425.87	437.05	487.20	269.53	55.59	40.54	491.39	493.23	360.91	291.96	82.60	28.61	371.53	455.94	382.87	325.29	236.46	25.95
Fq_Lss15	345.23	252.50	291.42	245.74	186.54	75.94	369.44	371.16	402.96	224.62	51.10	58.27	446.79	417.60	313.50	272.05	64.11	19.14	312.74	339.65	347.59	293.77	228.79	25.06
QY_max	0.71	0.71	0.70	0.68	0.68	0.64	0.71	0.72	0.70	0.68	0.66	0.57	0.72	0.72	0.70	0.69	0.65	0.63	0.71	0.70	0.70	0.69	0.68	0.63
Fv/Fm_Lss1	0.71	0.70	0.70	0.68	0.66	0.63	0.70	0.71	0.69	0.67	0.63	0.54	0.71	0.71	0.69	0.68	0.62	0.63	0.70	0.70	0.70	0.69	0.67	0.60
Fv/Fm_Lss2	0.70	0.69	0.69	0.66	0.62	0.62	0.69	0.70	0.68	0.65	0.56	0.51	0.70	0.70	0.68	0.66	0.56	0.63	0.70	0.69	0.69	0.68	0.66	0.56
Fv/Fm_Lss3	0.69	0.69	0.68	0.64	0.57	0.61	0.69	0.70	0.67	0.62	0.51	0.52	0.69	0.69	0.67	0.65	0.52	0.62	0.69	0.68	0.68	0.67	0.64	0.54
Fv/Fm_Lss4	0.67	0.67	0.66	0.61	0.53	0.61	0.68	0.68	0.66	0.61	0.48	0.53	0.69	0.68	0.65	0.63	0.51	0.62	0.68	0.67	0.67	0.65	0.61	0.54
Fv/Fm_Lss5	0.65	0.63	0.62	0.58	0.49	0.60	0.66	0.66	0.64	0.58	0.47	0.54	0.68	0.67	0.62	0.61	0.50	0.61	0.67	0.65	0.65	0.63	0.58	0.54
Fv/Fm_Lss6	0.62	0.61	0.59	0.55	0.46	0.60	0.64	0.64	0.63	0.56	0.46	0.54	0.66	0.65	0.60	0.59	0.50	0.60	0.64	0.62	0.63	0.60	0.55	0.54
Fv/Fm_Lss7	0.59	0.58	0.56	0.53	0.44	0.59	0.61	0.61	0.60	0.53	0.45	0.53	0.64	0.63	0.57	0.56	0.49	0.59	0.62	0.59	0.60	0.57	0.52	0.54
Fv/Fm_Lss8	0.57	0.55	0.53	0.51	0.42	0.58	0.58	0.59	0.58	0.51	0.45	0.53	0.62	0.61	0.54	0.53	0.49	0.58	0.59	0.55	0.57	0.54	0.49	0.54
Fv/Fm_Lss9	0.54	0.53	0.51	0.49	0.41	0.57	0.56	0.56	0.55	0.49	0.45	0.51	0.60	0.58	0.52	0.51	0.49	0.57	0.56	0.53	0.55	0.52	0.47	0.54
Fv/Fm_Lss10	0.52	0.51	0.49	0.47	0.40	0.56	0.53	0.54	0.53	0.47	0.46	0.50	0.58	0.56	0.50	0.49	0.50	0.55	0.54	0.51	0.52	0.50	0.45	0.53
Fv/Fm_Lss11	0.50	0.49	0.47	0.46	0.39	0.55	0.52	0.51	0.51	0.46	0.47	0.49	0.56	0.54	0.48	0.48	0.50	0.54	0.51	0.49	0.49	0.48	0.43	0.52
Fv/Fm_Lss12	0.48	0.48	0.46	0.44	0.39	0.54	0.50	0.50	0.49	0.45	0.48	0.48	0.55	0.53	0.47	0.46	0.50	0.52	0.50	0.47	0.47	0.46	0.43	0.52
Fv/Fm_Lss13	0.47	0.46	0.44	0.43	0.39	0.52	0.48	0.49	0.48	0.44	0.49	0.46	0.53	0.51	0.46	0.45	0.51	0.51	0.48	0.46	0.46	0.45	0.41	0.51
Fv/Fm_Lss14	0.46	0.45	0.43	0.42	0.38	0.51	0.48	0.47	0.47	0.44	0.50	0.45	0.52	0.49	0.45	0.44	0.51	0.50	0.47	0.45	0.45	0.43	0.40	0.50
Fv/Fm_Lss15	0.44	0.44	0.42	0.41	0.39	0.51	0.47	0.46	0.45	0.43	0.51	0.44	0.51	0.48	0.44	0.44	0.51	0.48	0.46	0.44	0.43	0.43	0.40	0.49
QY_Lss1	0.66	0.65	0.65	0.63	0.60	0.54	0.66	0.67	0.65	0.62	0.54	0.43	0.67	0.67	0.65	0.64	0.50	0.49	0.66	0.65	0.65	0.64	0.62	0.48
QY_Lss2	0.62	0.61	0.61	0.57	0.50	0.27	0.62	0.63	0.60	0.55	0.39	0.23	0.61	0.61	0.58	0.57	0.35	0.23	0.61	0.60	0.60	0.58	0.55	0.29
QY_Lss3	0.56	0.54	0.56	0.51	0.43	0.16	0.58	0.58	0.56	0.49	0.32	0.15	0.56	0.56	0.51	0.53	0.28	0.13	0.55	0.54	0.55	0.53	0.49	0.19
QY_Lss4	0.50	0.48	0.50	0.45	0.36	0.10	0.53	0.52	0.51	0.44	0.26	0.08	0.52	0.51	0.46	0.49	0.24	0.09	0.50	0.48	0.50	0.48	0.44	0.15
QY_Lss5	0.45	0.41	0.45	0.41	0.30	0.08	0.48	0.47	0.47	0.41	0.22	0.05	0.46	0.46	0.40	0.44	0.20	0.06	0.44	0.43	0.46	0.45	0.40	0.11
QY_Lss6	0.40	0.37	0.41	0.38	0.26	0.06	0.44	0.42	0.43	0.36	0.19	0.03	0.41	0.41	0.35	0.40	0.16	0.04	0.40	0.39	0.41	0.41	0.35	0.08
QY_Lss7	0.36	0.33	0.36	0.34	0.24	0.05	0.39	0.38	0.39	0.33	0.17	0.02	0.37	0.37	0.30	0.36	0.14	0.03	0.35	0.34	0.38	0.36	0.31	0.07
QY_Lss8	0.33	0.29	0.33	0.31	0.21	0.05	0.35	0.35	0.35	0.29	0.15	0.03	0.33	0.33	0.27	0.32	0.12	0.03	0.32	0.30	0.34	0.33	0.27	0.05
QY_Lss9	0.29	0.26	0.29	0.28	0.18	0.04	0.32	0.31	0.31	0.26	0.13	0.01	0.29	0.30	0.23	0.28	0.10	0.02	0.28	0.27	0.30	0.29	0.23	0.05
QY_Lss10	0.27	0.24	0.26	0.24	0.17	0.03	0.28	0.27	0.28	0.21	0.10	0.00	0.26	0.27	0.21	0.24	0.08	0.03	0.25	0.23	0.27	0.27	0.20	0.03
QY_Lss11	0.24	0.21	0.23	0.23	0.15	0.03	0.25	0.24	0.26	0.20	0.08	0.00	0.24	0.24	0.18	0.21	0.06	0.02	0.22	0.21	0.23	0.24	0.18	0.03
QY_Lss12	0.22	0.18	0.22	0.19	0.13	0.02	0.23	0.22	0.22	0.18	0.06	0.01	0.22	0.22	0.16	0.19	0.05	0.01	0.20	0.19	0.21	0.21	0.17	0.03
QY_Lss13	0.20	0.15	0.18	0.17	0.14	0.02	0.20	0.21	0.20	0.16	0.04	0.00	0.19	0.19	0.15	0.16	0.05	0.02	0.18	0.17	0.19	0.18	0.13	0.03
QY_Lss14	0.17	0.15	0.16	0.14	0.10	0.02	0.18	0.18	0.19	0.14	0.02	0.01	0.18	0.17	0.13	0.14	0.03	0.01	0.16	0.17	0.16	0.16	0.12	0.01
QY_Lss15	0.16	0.13	0.15	0.13	0.10	0.03	0.17	0.16	0.17	0.12	0.01	0.02	0.17	0.15	0.11	0.14	0.02	0.01	0.14	0.13	0.16	0.15	0.11	0.01
NPQ_Lss1	0.01	0.02	0.03	0.04	0.09	0.02	0.02	0.03	0.04	0.05	0.15	0.17	0.03	0.03	0.03	0.05	0.15	-0.02	0.02	0.02	0.02	0.03	0.04	0.14
NPQ_Lss2	0.06	0.07	0.07	0.11	0.28	0.10	0.07	0.08	0.11	0.16	0.56	0.28	0.10	0.10	0.09	0.16	0.47	0.00	0.05	0.06	0.06	0.08	0.13	0.32
NPQ_Lss3	0.10	0.10	0.12	0.23	0.54	0.12	0.09	0.10	0.14	0.27	0.89	0.23	0.13	0.13	0.16	0.23	0.68	0.01	0.06	0.08	0.08	0.13	0.22	0.41
NPQ_Lss4	0.19	0.21	0.25	0.41	0.85	0.15	0.14	0.18	0.20	0.38	1.15	0.19	0.16	0.17	0.27	0.29	0.77	0.03	0.11	0.16	0.15	0.23	0.37	0.42
NPQ_Lss5	0.34	0.38	0.44	0.60	1.17	0.16	0.24	0.30	0.30	0.51	1.26	0.16	0.21	0.26	0.41	0.42	0.82	0.06	0.20	0.29	0.25	0.35	0.56	0.42
NPQ_Lss6	0.51	0.56	0.67	0.75	1.45	0.19	0.37	0.44	0.40	0.68	1.35	0.16	0.30	0.38	0.58	0.58	0.87	0.11	0.33	0.45	0.39	0.52	0.77	0.43
NPQ_Lss7	0.69	0.76	0.88	0.92	1.69	0.24	0.54	0.60	0.54	0.85	1.36	0.19	0.40	0.51	0.79	0.76	0.89	0.16	0.50	0.66	0.53	0.71	1.01	0.42
NPQ_Lss8	0.86	0.96	1.10	1.08	1.88	0.27	0.72	0.78	0.73	1.03	1.38	0.21	0.54	0.64	0.99	0.96	0.92	0.22	0.69	0.89	0.73	0.90	1.23	0.46
NPQ_Lss9	1.04	1.14	1.32	1.26	2.05	0.34	0.91	0.98	0.93	1.19	1.38	0.27	0.67	0.80	1.19	1.14	0.91	0.28	0.89	1.09	0.93	1.12	1.44	0.46
NPQ_Lss10	1.23	1.31	1.52	1.45	2.17	0.41	1.10	1.19	1.11	1.37	1.34	0.35	0.81	0.96	1.38	1.31	0.88	0.35	1.08	1.29	1.15	1.32	1.63	0.51
NPQ_Lss11	1.40	1.46	1.70	1.59	2.24	0.47	1.26	1.38	1.27	1.48	1.22	0.41	0.96	1.13	1.54	1.45	0.85	0.44	1.27	1.48	1.39	1.49	1.81	0.55
NPQ_Lss12	1.60	1.64	1.84	1.74	2.32	0.54	1.43	1.53	1.44	1.58	1.11	0.47	1.08	1.27	1.68	1.60	0.81	0.53	1.44	1.64	1.59	1.65	1.90	0.58
NPQ_Lss13	1.75	1.80	2.04	1.87	2.32	0.62	1.57	1.66	1.58	1.69	1.02	0.57	1.24	1.44	1.77	1.71	0.78	0.60	1.62	1.78	1.75	1.82	2.07	0.63
NPQ_Lss14	1.89	1.88	2.17	1.99	2.33	0.69	1.65	1.79	1.69	1.71	0.96	0.63	1.35	1.59	1.92	1.80	0.78	0.69	1.74	1.87	1.91	1.97	2.17	0.69
NPQ_Lss15	2.05	2.01	2.29	2.09	2.27	0.74	1.76	1.91	1.82	1.80	0.91	0.72	1.46	1.72	1.99	1.85	0.80	0.79	1.87	2.04	2.05	2.06	2.19	0.74
qN_Lss1	0.02	0.03	0.04	0.06	0.12	0.04	0.03	0.04	0.06	0.07	0.19	0.24	0.05	0.04	0.04	0.07	0.20	-0.04	0.02	0.03	0.03	0.05	0.06	0.19
qN_Lss2	0.08	0.09	0.09	0.14	0.31	0.14	0.10	0.10	0.13	0.19	0.50	0.35	0.13	0.12	0.11	0.20	0.46	0.00	0.07	0.08	0.08	0.11	0.16	0.36
qN_Lss3	0.12	0.13	0.15	0.26	0.49	0.16	0.12	0.13	0.17	0.30	0.64	0.31	0.16	0.16	0.19	0.26	0.56	0.02	0.08	0.10	0.11	0.16	0.26	0.43
qN_Lss4	0.22	0.24	0.28	0.41	0.62	0.19	0.17	0.21	0.23	0.38	0.71	0.26	0.19	0.20	0.29	0.32	0.60	0.04	0.14	0.19	0.19	0.26	0.38	0.43
qN_Lss5	0.34	0.38	0.42	0.51	0.71	0.21	0.26	0.31	0.32	0.47	0.73	0.23	0.24	0.28	0.40	0.40	0.62	0.09	0.23	0.31	0.28	0.36	0.49	0.44
qN_Lss6	0.45	0.48	0.53	0.57	0.76	0.24	0.37	0.41	0.39	0.55	0.75	0.23	0.31	0.37	0.49	0.50	0.64	0.15	0.34	0.42	0.39	0.46	0.59	0.44
qN_Lss7	0.54	0.57	0.61	0.63	0.79	0.29	0.47	0.49	0.47	0.61	0.75	0.26	0.38	0.45	0.58	0.58	0.64	0.21	0.45	0.53	0.47	0.55	0.66	0.44
qN_Lss8	0.60	0.63	0.67	0.68	0.82	0.32	0.55	0.57	0.56	0.67	0.75	0.29	0.46	0.51	0.65	0.64	0.65	0.27	0.54	0.62	0.56	0.62	0.72	0.46
qN_Lss9	0.66	0.68	0.72	0.72	0.83	0.37	0.62	0.64	0.63	0.71	0.75	0.35	0.53	0.58	0.70	0.69	0.65	0.33	0.61	0.67	0.63	0.68	0.76	0.46
qN_Lss10	0.70	0.72	0.76	0.76	0.85	0.42	0.67	0.69	0.68	0.74	0.75	0.41	0.58	0.63	0.74	0.73	0.64	0.39	0.67	0.72	0.69	0.73	0.78	0.49
qN_Lss11	0.73	0.75	0.78	0.78	0.85	0.46	0.71	0.73	0.72	0.76	0.72	0.46	0.63	0.68	0.76	0.75	0.63	0.45	0.71	0.75	0.74	0.76	0.81	0.51
qN_Lss12	0.77	0.77	0.80	0.80	0.86	0.50	0.74	0.75	0.75	0.78	0.70	0.49	0.66	0.71	0.78	0.78	0.62	0.50	0.74	0.78	0.77	0.78	0.82	0.53
qN_Lss13	0.79	0.80	0.82	0.81	0.86	0.54	0.76	0.77	0.77	0.79	0.67	0.55	0.70	0.74	0.80	0.79	0.61	0.54	0.77	0.80	0.79	0.80	0.83	0.55
qN_Lss14	0.81	0.81	0.84	0.83	0.86	0.57	0.78	0.79	0.78	0.80	0.66	0.58	0.72	0.76	0.81	0.80	0.61	0.58	0.79	0.81	0.81	0.82	0.84	0.58
qN_Lss15	0.82	0.82	0.84	0.84	0.85	0.59	0.79	0.80	0.80	0.81	0.64	0.62	0.74	0.78	0.82	0.81	0.61	0.62	0.80	0.82	0.83	0.83	0.84	0.60
qP_Lss1	0.94	0.93	0.93	0.93	0.91	0.85	0.95	0.94	0.94	0.93	0.86	0.80	0.94	0.94	0.94	0.94	0.81	0.77	0.94	0.93	0.93	0.93	0.92	0.81
qP_Lss2	0.89	0.88	0.89	0.86	0.81	0.43	0.90	0.89	0.88	0.85	0.70	0.45	0.88	0.88	0.85	0.87	0.64	0.36	0.88	0.87	0.88	0.86	0.83	0.52
qP_Lss3	0.82	0.79	0.82	0.80	0.74	0.26	0.84	0.83	0.83	0.78	0.62	0.29	0.81	0.81	0.76	0.81	0.53	0.20	0.80	0.79	0.81	0.80	0.77	0.35
qP_Lss4	0.74	0.72	0.77	0.75	0.68	0.16	0.78	0.76	0.78	0.73	0.53	0.16	0.75	0.75	0.70	0.77	0.46	0.14	0.72	0.72	0.75	0.75	0.73	0.27
qP_Lss5	0.69	0.65	0.72	0.71	0.62	0.13	0.73	0.71	0.73	0.70	0.47	0.10	0.68	0.69	0.64	0.73	0.39	0.09	0.66	0.67	0.71	0.72	0.68	0.21
qP_Lss6	0.65	0.61	0.69	0.69	0.57	0.10	0.69	0.67	0.69	0.65	0.41	0.06	0.62	0.63	0.59	0.68	0.33	0.07	0.62	0.62	0.66	0.68	0.65	0.15
qP_Lss7	0.61	0.57	0.65	0.65	0.55	0.08	0.64	0.63	0.65	0.62	0.38	0.04	0.57	0.59	0.54	0.64	0.28	0.06	0.57	0.57	0.63	0.63	0.59	0.14
qP_Lss8	0.58	0.53	0.61	0.61	0.49	0.08	0.61	0.60	0.61	0.56	0.34	0.05	0.52	0.55	0.49	0.59	0.24	0.05	0.54	0.53	0.58	0.60	0.55	0.09
qP_Lss9	0.54	0.49	0.57	0.58	0.44	0.06	0.58	0.55	0.57	0.52	0.28	0.03	0.48	0.51	0.45	0.54	0.20	0.04	0.50	0.51	0.55	0.57	0.50	0.10
qP_Lss10	0.52	0.46	0.54	0.51	0.42	0.05	0.53	0.50	0.54	0.45	0.21	0.00	0.45	0.47	0.41	0.49	0.17	0.05	0.47	0.46	0.52	0.54	0.45	0.06
qP_Lss11	0.48	0.43	0.49	0.50	0.39	0.06	0.49	0.47	0.50	0.43	0.17	0.01	0.42	0.43	0.37	0.44	0.12	0.03	0.44	0.43	0.47	0.51	0.41	0.06
qP_Lss12	0.45	0.38	0.48	0.43	0.35	0.04	0.46	0.44	0.46	0.40	0.12	0.02	0.41	0.42	0.35	0.40	0.10	0.02	0.41	0.41	0.44	0.46	0.40	0.05
qP_Lss13	0.42	0.33	0.40	0.40	0.35	0.05	0.41	0.42	0.43	0.35	0.08	0.00	0.36	0.38	0.33	0.36	0.09	0.03	0.37	0.38	0.42	0.41	0.32	0.05
qP_Lss14	0.38	0.33	0.37	0.34	0.26	0.05	0.39	0.37	0.41	0.33	0.03	0.03	0.35	0.35	0.28	0.32	0.06	0.02	0.35	0.38	0.37	0.36	0.29	0.02
qP_Lss15	0.37	0.29	0.35	0.33	0.26	0.07	0.36	0.34	0.37	0.29	0.03	0.05	0.34	0.32	0.25	0.31	0.05	0.02	0.31	0.31	0.36	0.34	0.28	0.02
qL_Lss1	1.08	1.08	1.08	1.07	1.07	1.07	1.07	1.08	1.07	1.06	1.07	0.99	1.08	1.07	1.07	1.06	1.06	1.07	1.08	1.08	1.07	1.08	1.07	1.04
qL_Lss2	1.11	1.12	1.11	1.09	1.06	0.83	1.10	1.11	1.10	1.08	0.97	0.71	1.12	1.12	1.13	1.09	0.93	0.75	1.12	1.12	1.11	1.11	1.10	0.84
qL_Lss3	1.15	1.15	1.13	1.08	1.00	0.57	1.14	1.15	1.12	1.07	0.86	0.52	1.15	1.15	1.13	1.09	0.80	0.47	1.16	1.15	1.14	1.12	1.08	0.62
qL_Lss4	1.13	1.12	1.11	1.04	0.92	0.38	1.14	1.15	1.12	1.03	0.76	0.31	1.16	1.15	1.09	1.08	0.72	0.34	1.16	1.13	1.13	1.10	1.04	0.51
qL_Lss5	1.08	1.05	1.05	0.99	0.85	0.31	1.11	1.11	1.08	0.99	0.69	0.20	1.14	1.12	1.02	1.04	0.63	0.23	1.11	1.07	1.09	1.06	0.98	0.41
qL_Lss6	1.02	0.98	1.00	0.96	0.78	0.24	1.06	1.06	1.05	0.94	0.62	0.13	1.08	1.06	0.95	0.99	0.55	0.17	1.04	1.00	1.04	1.01	0.92	0.29
qL_Lss7	0.95	0.90	0.94	0.90	0.74	0.19	1.00	1.00	1.00	0.89	0.57	0.08	1.02	1.00	0.86	0.93	0.48	0.14	0.96	0.92	0.98	0.94	0.85	0.27
qL_Lss8	0.90	0.83	0.88	0.86	0.68	0.19	0.94	0.94	0.93	0.82	0.52	0.10	0.93	0.93	0.79	0.87	0.41	0.11	0.89	0.84	0.91	0.89	0.79	0.18
qL_Lss9	0.84	0.77	0.82	0.81	0.61	0.14	0.88	0.87	0.86	0.76	0.45	0.06	0.86	0.86	0.72	0.80	0.35	0.09	0.82	0.79	0.85	0.83	0.72	0.19
qL_Lss10	0.79	0.72	0.77	0.73	0.58	0.11	0.81	0.79	0.81	0.67	0.35	0.01	0.80	0.80	0.65	0.73	0.30	0.10	0.76	0.72	0.79	0.78	0.66	0.13
qL_Lss11	0.74	0.67	0.70	0.71	0.54	0.12	0.76	0.73	0.76	0.63	0.30	0.02	0.73	0.72	0.58	0.67	0.22	0.06	0.70	0.66	0.71	0.74	0.60	0.12
qL_Lss12	0.68	0.59	0.69	0.63	0.49	0.09	0.70	0.68	0.70	0.60	0.22	0.04	0.70	0.69	0.55	0.61	0.19	0.04	0.65	0.62	0.67	0.67	0.58	0.10
qL_Lss13	0.64	0.52	0.59	0.58	0.50	0.09	0.64	0.66	0.65	0.53	0.14	0.00	0.63	0.63	0.52	0.55	0.17	0.06	0.59	0.58	0.63	0.60	0.47	0.10
qL_Lss14	0.58	0.51	0.54	0.50	0.38	0.09	0.60	0.58	0.62	0.50	0.06	0.05	0.59	0.57	0.44	0.50	0.12	0.04	0.55	0.57	0.55	0.54	0.43	0.04
qL_Lss15	0.55	0.45	0.52	0.48	0.38	0.13	0.55	0.53	0.56	0.44	0.06	0.08	0.57	0.52	0.40	0.47	0.09	0.03	0.49	0.47	0.53	0.51	0.42	0.04
PAR1	59.15	59.15	59.15	59.15	59.15	59.15	59.15	59.15	59.15	59.15	59.15	59.15	59.15	59.15	59.15	59.15	59.15	59.15	59.15	59.15	59.15	59.15	59.15	59.15
PAR2	179.76	179.76	179.76	179.76	179.76	179.76	179.76	179.76	179.76	179.76	179.76	179.76	179.76	179.76	179.76	179.76	179.76	179.76	179.76	179.76	179.76	179.76	179.76	179.76
PAR3	300.37	300.37	300.37	300.37	300.37	300.37	300.37	300.37	300.37	300.37	300.37	300.37	300.37	300.37	300.37	300.37	300.37	300.37	300.37	300.37	300.37	300.37	300.37	300.37
PAR4	420.98	420.98	420.98	420.98	420.98	420.98	420.98	420.98	420.98	420.98	420.98	420.98	420.98	420.98	420.98	420.98	420.98	420.98	420.98	420.98	420.98	420.98	420.98	420.98
PAR5	541.59	541.59	541.59	541.59	541.59	541.59	541.59	541.59	541.59	541.59	541.59	541.59	541.59	541.59	541.59	541.59	541.59	541.59	541.59	541.59	541.59	541.59	541.59	541.59
PAR6	662.20	662.20	662.20	662.20	662.20	662.20	662.20	662.20	662.20	662.20	662.20	662.20	662.20	662.20	662.20	662.20	662.20	662.20	662.20	662.20	662.20	662.20	662.20	662.20
PAR7	782.81	782.81	782.81	782.81	782.81	782.81	782.81	782.81	782.81	782.81	782.81	782.81	782.81	782.81	782.81	782.81	782.81	782.81	782.81	782.81	782.81	782.81	782.81	782.81
PAR8	903.42	903.42	903.42	903.42	903.42	903.42	903.42	903.42	903.42	903.42	903.42	903.42	903.42	903.42	903.42	903.42	903.42	903.42	903.42	903.42	903.42	903.42	903.42	903.42
PAR9	1024.03	1024.03	1024.03	1024.03	1024.03	1024.03	1024.03	1024.03	1024.03	1024.03	1024.03	1024.03	1024.03	1024.03	1024.03	1024.03	1024.03	1024.03	1024.03	1024.03	1024.03	1024.03	1024.03	1024.03
PAR10	1144.64	1144.64	1144.64	1144.64	1144.64	1144.64	1144.64	1144.64	1144.64	1144.64	1144.64	1144.64	1144.64	1144.64	1144.64	1144.64	1144.64	1144.64	1144.64	1144.64	1144.64	1144.64	1144.64	1144.64
PAR11	1265.25	1265.25	1265.25	1265.25	1265.25	1265.25	1265.25	1265.25	1265.25	1265.25	1265.25	1265.25	1265.25	1265.25	1265.25	1265.25	1265.25	1265.25	1265.25	1265.25	1265.25	1265.25	1265.25	1265.25
PAR12	1385.86	1385.86	1385.86	1385.86	1385.86	1385.86	1385.86	1385.86	1385.86	1385.86	1385.86	1385.86	1385.86	1385.86	1385.86	1385.86	1385.86	1385.86	1385.86	1385.86	1385.86	1385.86	1385.86	1385.86
PAR13	1506.47	1506.47	1506.47	1506.47	1506.47	1506.47	1506.47	1506.47	1506.47	1506.47	1506.47	1506.47	1506.47	1506.47	1506.47	1506.47	1506.47	1506.47	1506.47	1506.47	1506.47	1506.47	1506.47	1506.47
PAR14	1627.08	1627.08	1627.08	1627.08	1627.08	1627.08	1627.08	1627.08	1627.08	1627.08	1627.08	1627.08	1627.08	1627.08	1627.08	1627.08	1627.08	1627.08	1627.08	1627.08	1627.08	1627.08	1627.08	1627.08
PAR15	1747.69	1747.69	1747.69	1747.69	1747.69	1747.69	1747.69	1747.69	1747.69	1747.69	1747.69	1747.69	1747.69	1747.69	1747.69	1747.69	1747.69	1747.69	1747.69	1747.69	1747.69	1747.69	1747.69	1747.69
ETR1	15.6159	15.4726	15.3623	14.8127	14.1084	12.7540	15.7227	15.8110	15.3579	14.6537	12.8102	10.1844	15.7554	15.8592	15.3520	15.0415	11.8148	11.5099	15.5935	15.3973	15.3642	15.0672	14.6501	11.4268
ETR2	44.5623	43.5696	43.9974	40.9823	36.0662	19.1002	44.6486	45.0638	43.0089	39.2652	28.2182	16.6148	44.0605	44.1298	41.6378	41.1284	25.4779	16.3690	43.8277	43.0961	43.4746	41.9322	39.1872	21.0098
ETR3	67.7868	65.0321	66.6871	61.3152	51.2085	19.2788	69.1740	69.0954	66.6982	58.4556	37.8704	18.3034	67.5776	67.5912	61.4899	63.2128	33.3063	15.1530	66.2935	64.8937	66.6210	63.9297	59.0972	22.6546
ETR4	83.6305	80.2410	85.0352	76.1388	60.3673	16.8714	89.5231	87.4432	86.3811	74.4045	42.9526	13.9823	87.1312	85.8745	76.7264	82.6465	39.8100	14.9369	83.4037	81.3324	84.4310	81.5121	74.5728	24.9244
ETR5	96.4660	89.6929	97.6434	88.8492	65.8744	17.6350	103.9149	101.6529	101.1504	88.5713	47.6481	11.2296	100.3265	99.0709	86.2896	96.3664	42.3121	12.5424	95.3856	93.0020	99.5343	97.3744	85.8825	24.9080
ETR6	106.8085	98.4849	107.5450	101.8021	69.3742	16.3605	115.6419	112.4607	113.7554	95.8211	50.0820	9.0882	109.1482	108.0385	92.6663	105.4748	43.2999	11.3168	104.9143	102.1547	109.8530	107.8200	93.6785	20.9583
ETR7	113.2173	102.8724	112.9990	107.4448	74.7160	14.8528	122.7528	120.2444	123.5345	104.1350	53.5172	6.1136	115.9996	116.0299	95.0262	112.1051	43.2413	10.6756	109.1346	105.2225	118.8146	113.3918	95.5693	22.9821
ETR8	118.6589	104.8692	117.6036	113.3207	74.9721	17.4595	128.0152	126.5593	126.4342	103.3918	55.3388	9.5427	117.6870	120.9814	96.4816	113.8396	41.8186	9.9818	114.2866	106.9410	121.1536	118.3149	98.0252	16.7024
ETR9	120.7469	105.3176	117.9609	116.1522	73.8189	14.8167	131.6538	126.8193	126.8567	105.3314	51.9299	6.0129	118.8575	121.9389	95.6072	113.6681	39.6018	9.2416	114.6198	109.6992	123.9003	120.7357	95.2683	20.9353
ETR10	123.1974	107.9661	119.0208	110.4582	76.2469	12.1977	129.0359	123.3158	129.3835	97.7060	44.3587	0.8061	121.1250	122.2448	94.1601	110.6782	37.7952	12.1612	115.1173	106.7994	123.4674	121.9640	93.5667	15.1651
ETR11	122.9911	108.0004	114.9027	116.2717	76.7063	15.5297	127.7151	122.0809	129.6959	99.1656	41.5146	2.0913	119.7298	119.0834	89.2812	106.5903	29.1142	7.9060	113.1859	106.3424	116.6969	122.8428	90.0003	15.2852
ETR12	120.4110	100.3470	120.5077	105.6355	73.6996	12.8918	126.0217	120.4574	124.4873	100.4273	32.1652	5.1024	124.2054	121.4961	90.9002	103.0344	27.9813	5.0357	112.6848	106.1293	116.8463	117.6263	95.2107	14.6262
ETR13	119.1576	92.5535	106.7719	104.0991	82.0888	14.5958	119.1061	124.2674	122.3354	93.4078	22.6080	0.3677	116.4151	116.7673	91.7430	96.9432	27.2809	9.4896	107.8078	104.6767	116.8455	109.3284	78.8366	15.9352
ETR14	113.4315	97.2427	102.9221	92.1099	65.3042	15.0889	119.1928	115.2628	125.0901	93.7866	10.2066	8.8037	116.9235	111.9827	81.3934	92.8514	19.9815	6.7213	105.4142	110.7197	106.2810	102.7396	75.9464	7.1236
ETR15	113.3739	89.4525	103.8614	94.0939	70.3890	24.1640	115.5429	109.5763	116.5787	86.6700	9.8147	14.2769	119.4609	106.9777	77.9014	94.5292	16.8237	5.1161	99.6970	93.5919	108.6472	102.5833	79.4072	7.6113
