FluorCam7 Numeric Avg Export File
-----------------------------------
	Area 1	Area 2	Area 3	Area 4	Area 5	Area 6	Area 7	Area 8	Area 9	Area 10	Area 11	Area 12	Area 13	Area 14	Area 15	Area 16	Area 17	Area 18	Area 19	Area 20	Area 21	Area 22	Area 23	Area 24
Size [pixels]	4679	4853	4766	3941	2680	4963	3064	5137	3455	3957	4374	5919	3836	4594	4513	5228	6019	3899	3667	3273	4023	4459	4541	3545
Fo	1916.66	1929.82	2200.09	2048.46	1727.53	1597.52	1989.04	2490.38	2399.59	2336.19	2032.40	1845.18	1894.12	2089.00	2008.74	2974.70	2289.93	1767.24	1925.30	2056.46	2326.20	2316.56	2075.01	1816.95
Fm	6467.44	6276.05	7329.47	6748.34	5825.86	5368.53	6606.23	7952.82	7505.13	7347.01	6718.42	6180.58	5977.55	6685.24	6442.21	9438.64	7450.93	5527.77	6024.29	6534.74	7448.27	7567.61	6683.45	5912.37
Fv	4550.78	4346.23	5129.38	4699.88	4098.33	3771.01	4617.19	5462.44	5105.55	5010.82	4686.02	4335.40	4083.43	4596.24	4433.48	6463.94	5161.00	3760.53	4098.99	4478.28	5122.07	5251.04	4608.44	4095.42
Fm_Lss1	6403.24	6228.55	7260.29	6642.83	5794.48	5304.97	6529.02	7797.10	7447.55	7297.85	6613.91	6068.22	5936.13	6603.63	6312.28	9329.16	7375.46	5458.48	5932.96	6385.38	7392.98	7477.33	6652.34	5827.78
Ft_Lss1	2033.49	2040.82	2344.87	2164.81	1810.96	1693.83	2121.47	2644.33	2586.84	2495.39	2164.84	1960.79	2013.02	2211.99	2117.78	3151.99	2433.89	1859.75	2063.75	2162.66	2460.42	2467.67	2194.83	1942.59
Fo_Lss1	1910.98	1925.31	2193.81	2038.63	1724.76	1591.85	1981.98	2474.90	2393.67	2331.20	2022.73	1835.03	1889.95	2080.97	1995.93	2963.74	2282.75	1760.10	1915.88	2041.43	2320.78	2308.03	2072.00	1808.88
Fv_Lss1	4492.26	4303.24	5066.48	4604.20	4069.72	3713.12	4547.03	5322.20	5053.88	4966.65	4591.18	4233.19	4046.19	4522.66	4316.35	6365.43	5092.71	3698.38	4017.09	4343.95	5072.20	5169.30	4580.34	4018.90
Fq_Lss1	4369.75	4187.73	4915.42	4478.02	3983.51	3611.14	4407.55	5152.78	4860.71	4802.46	4449.07	4107.43	3923.11	4391.64	4194.50	6177.17	4941.57	3598.73	3869.21	4222.72	4932.56	5009.67	4457.51	3885.19
QY_max	0.70	0.69	0.70	0.70	0.70	0.70	0.70	0.69	0.68	0.68	0.70	0.70	0.68	0.69	0.69	0.68	0.69	0.68	0.68	0.69	0.69	0.69	0.69	0.69
Fv/Fm_Lss1	0.70	0.69	0.70	0.69	0.70	0.70	0.70	0.68	0.68	0.68	0.69	0.70	0.68	0.68	0.68	0.68	0.69	0.68	0.68	0.68	0.69	0.69	0.69	0.69
QY_Lss1	0.68	0.67	0.68	0.67	0.69	0.68	0.68	0.66	0.65	0.66	0.67	0.68	0.66	0.67	0.66	0.66	0.67	0.66	0.65	0.66	0.67	0.67	0.67	0.67
NPQ_Lss1	0.01	0.01	0.01	0.02	0.01	0.01	0.01	0.02	0.01	0.01	0.02	0.02	0.01	0.01	0.02	0.01	0.01	0.01	0.02	0.02	0.01	0.01	0.00	0.01
qN_Lss1	0.01	0.01	0.01	0.02	0.01	0.02	0.02	0.03	0.01	0.01	0.02	0.03	0.01	0.02	0.03	0.02	0.01	0.02	0.02	0.03	0.01	0.02	0.01	0.02
qP_Lss1	0.97	0.97	0.97	0.97	0.98	0.97	0.97	0.97	0.96	0.97	0.97	0.97	0.97	0.97	0.97	0.97	0.97	0.97	0.96	0.97	0.97	0.97	0.97	0.97
qL_Lss1	1.04	1.03	1.04	1.03	1.03	1.03	1.04	1.03	1.04	1.04	1.04	1.04	1.03	1.03	1.03	1.03	1.03	1.03	1.04	1.03	1.03	1.04	1.03	1.04
PAR1	10.90	10.90	10.90	10.90	10.90	10.90	10.90	10.90	10.90	10.90	10.90	10.90	10.90	10.90	10.90	10.90	10.90	10.90	10.90	10.90	10.90	10.90	10.90	10.90
ETR1	2.9762	2.9322	2.9527	2.9399	2.9982	2.9687	2.9441	2.8821	2.8464	2.8700	2.9337	2.9520	2.8823	2.9003	2.8980	2.8877	2.9220	2.8753	2.8442	2.8841	2.9098	2.9219	2.9223	2.9075
