FluorCam7 Numeric Avg Export File
-----------------------------------
	Area 1	Area 2	Area 3	Area 4	Area 5	Area 6	Area 7	Area 8	Area 9	Area 10	Area 11	Area 12	Area 13	Area 14	Area 15	Area 16	Area 17	Area 18	Area 19	Area 20	Area 21	Area 22	Area 23	Area 24
Size [pixels]	3807	4759	4043	5979	3914	3097	5221	4464	4392	4241	3565	3968	4950	3475	3125	4859	4417	4683	2937	5846	5381	3352	5600	1721
Fo	2015.27	1998.59	2215.53	2444.14	2142.37	1776.33	2169.65	2012.41	2015.57	1884.30	2064.13	1994.22	1910.31	1548.47	1982.99	2065.59	1829.12	2056.26	1836.34	2128.72	2278.76	1878.77	1824.26	1531.58
Fm	6746.43	6970.86	7672.28	7819.95	6294.26	4927.49	7475.81	7044.93	6874.44	6141.16	5800.43	5862.05	6963.65	5481.37	7012.72	6868.84	5345.21	5405.10	6463.64	7304.08	7706.79	6303.54	5767.37	4308.37
Fv	4731.17	4972.27	5456.75	5375.81	4151.89	3151.17	5306.17	5032.51	4858.87	4256.86	3736.30	3867.83	5053.34	3932.89	5029.74	4803.25	3516.10	3348.84	4627.30	5175.36	5428.03	4424.77	3943.11	2776.80
Fm_Lss1	6438.03	6651.69	7201.54	7307.05	5743.53	4778.09	7144.84	6732.34	6489.07	5734.52	4612.66	5699.00	6664.05	5198.00	6519.96	6406.46	4646.34	5186.97	6222.35	7063.35	7387.96	5800.38	5249.37	4226.90
Fm_Lss2	6336.04	6553.79	7149.14	7110.85	5055.16	4654.59	7037.34	6635.56	6309.12	5417.04	3630.24	5843.36	6585.12	5104.77	6400.40	5994.39	3655.38	5059.73	6143.59	6964.61	7215.68	5581.99	4397.08	4296.60
Fm_Lss3	6148.70	6338.44	6894.76	6515.87	4336.05	4554.35	6792.11	6391.06	6100.55	5058.81	3166.29	5690.29	6370.54	4784.91	5838.76	5429.04	3037.26	5020.40	5955.40	6603.67	6645.15	4699.34	3581.89	4067.71
Fm_Lss4	5958.29	6131.50	6562.98	5943.04	3771.53	4536.76	6392.08	6074.84	5761.69	4687.94	3027.15	5649.61	5977.81	4576.40	5169.79	4840.97	2806.16	4943.31	5510.93	5961.87	5799.59	3996.53	3082.82	4067.62
Fm_Lss5	5658.52	5715.35	5895.37	5287.55	3285.18	4423.97	5881.83	5523.62	5264.76	4164.99	2923.70	5431.15	5401.32	4143.91	4597.77	4192.78	2647.54	4795.23	4914.64	5219.78	4919.94	3433.86	2710.85	3861.30
Fm_Lss6	5250.76	5240.92	5285.86	4753.72	3021.45	4312.94	5411.98	5110.64	4792.95	3715.90	2934.16	5204.94	4824.09	3808.41	4032.08	3686.26	2578.44	4631.27	4303.18	4611.88	4229.41	3044.47	2446.68	3797.89
Fm_Lss7	4756.65	4555.34	4442.20	4139.23	2764.86	4027.06	4908.26	4647.82	4296.99	3206.24	2780.45	4802.76	4213.33	3360.39	3471.03	3175.58	2451.00	4306.98	3717.72	4077.69	3669.12	2642.79	2222.55	3572.79
Fm_Lss8	4446.27	4148.45	4069.45	3809.64	2636.16	3970.38	4542.58	4337.78	4108.04	2911.82	2941.06	4670.24	3795.92	3144.42	3218.45	2945.54	2469.91	4048.83	3368.82	3741.48	3319.42	2466.12	2130.59	3577.55
Fm_Lss9	4054.37	3672.54	3673.79	3482.49	2534.08	3750.20	4159.12	3928.16	3745.01	2640.56	2892.80	4376.44	3411.52	2923.07	2937.10	2676.40	2410.66	3877.75	3009.40	3408.89	3013.97	2243.36	2019.33	3272.26
Fm_Lss10	3733.45	3308.02	3320.02	3216.55	2444.00	3559.63	3860.07	3557.63	3411.74	2421.65	2876.51	4034.73	3100.65	2701.37	2714.16	2543.06	2353.52	3641.36	2699.95	3183.58	2785.41	2110.01	1940.32	3053.57
Fm_Lss11	3049.21	2810.69	2722.39	2804.71	2182.23	3111.63	3264.37	2882.13	2787.29	2153.38	2681.15	3484.66	2650.69	2222.66	2289.38	2231.35	2140.99	3262.21	2278.43	2870.33	2359.67	1701.81	1717.00	2587.04
Fm_Lss12	3364.87	2865.28	2983.28	2898.73	2346.74	3282.62	3372.96	3069.72	2867.38	2157.22	3040.32	3650.21	2756.09	2463.24	2468.84	2333.30	2376.91	3222.34	2391.28	2877.44	2513.86	1963.87	1892.60	2909.18
Fm_Lss13	3107.74	2662.18	2723.21	2727.64	2260.33	3040.47	3108.88	2753.28	2566.46	2044.10	2990.19	3328.36	2552.03	2243.80	2314.12	2214.37	2302.15	3051.16	2187.11	2700.24	2346.36	1878.16	1826.46	2662.34
Fm_Lss14	2937.30	2468.29	2574.54	2589.83	2183.65	2837.58	2922.02	2581.11	2399.17	1942.89	2995.20	3111.40	2394.02	2121.88	2201.58	2158.98	2313.52	2853.36	2082.61	2591.85	2259.59	1799.20	1786.15	3017.22
Fm_Lss15	2873.84	2412.79	2593.53	2571.24	2251.92	2821.62	2846.44	2501.93	2297.57	1925.36	3051.86	3020.03	2333.40	2080.64	2202.16	2156.76	2430.11	2769.69	2046.01	2494.52	2205.65	1825.91	1847.98	3001.32
Ft_Lss1	2358.69	2331.36	2605.61	2823.20	2572.69	2504.43	2506.86	2301.68	2288.89	2137.07	2396.74	2896.60	2205.42	1805.26	2290.40	2339.24	2347.61	2996.73	2129.12	2472.20	2611.65	2147.12	2204.00	2203.44
Ft_Lss2	2598.40	2492.09	2833.67	3054.76	2646.16	3558.65	2830.52	2500.25	2448.70	2305.68	2421.22	4546.99	2483.50	1994.83	2552.76	2543.47	2366.27	3991.82	2338.97	2795.73	2828.55	2348.39	2358.86	3135.15
Ft_Lss3	2980.92	2710.78	3103.30	3226.06	2580.85	3943.43	3243.80	2758.16	2637.38	2387.72	2371.69	5010.91	2824.30	2170.97	2720.90	2611.92	2229.33	4409.83	2641.33	3153.98	3019.13	2328.46	2230.16	3434.42
Ft_Lss4	3061.63	2763.52	3039.31	3063.05	2384.50	3975.54	3329.98	2765.07	2608.15	2304.16	2242.47	4898.23	2904.02	2122.59	2545.64	2450.85	2070.65	4469.69	2678.58	3186.96	2806.24	2004.21	1985.91	3188.85
Ft_Lss5	3364.42	2937.16	3271.81	3122.48	2385.08	4122.37	3486.94	2948.30	2738.45	2308.11	2436.42	5122.97	3064.70	2277.34	2638.11	2425.55	2161.50	4570.18	2761.95	3159.42	2779.73	2058.02	1986.85	3436.38
Ft_Lss6	3350.23	2868.69	3120.14	3000.24	2275.71	4039.66	3427.00	2894.06	2656.44	2187.32	2469.74	4966.97	2965.22	2203.93	2501.28	2278.27	2140.69	4437.12	2622.77	2990.13	2587.48	1930.80	1872.60	3378.89
Ft_Lss7	3364.30	2801.57	3050.28	2916.46	2235.98	4005.68	3366.06	2903.89	2630.65	2084.81	2617.13	4853.92	2868.01	2179.35	2403.77	2191.84	2191.32	4243.04	2486.81	2848.66	2452.86	1883.96	1834.53	3354.24
Ft_Lss8	3012.44	2540.00	2583.42	2590.81	2090.65	3616.46	3110.97	2656.15	2423.30	1887.14	2388.67	4274.63	2567.70	1947.08	2108.01	1996.23	2040.17	3906.64	2195.52	2625.96	2182.59	1594.66	1672.12	2934.78
Ft_Lss9	3040.20	2467.47	2599.17	2598.26	2130.27	3616.25	3084.31	2662.03	2439.77	1873.37	2650.88	4250.75	2511.94	1993.85	2153.62	1983.42	2118.95	3789.47	2154.36	2572.45	2153.74	1699.15	1714.19	3010.23
Ft_Lss10	3025.72	2391.86	2577.38	2566.25	2143.79	3557.66	3018.04	2621.54	2402.40	1799.49	2796.95	4114.20	2404.61	1982.32	2144.34	1981.91	2181.21	3582.09	2081.51	2498.61	2131.84	1710.20	1728.18	3032.78
Ft_Lss11	2905.92	2267.24	2494.29	2465.19	2110.58	3381.26	2862.64	2474.75	2260.71	1734.33	2862.17	3852.83	2311.08	1918.45	2058.63	1946.89	2188.11	3339.10	1993.90	2405.47	2057.72	1691.75	1699.82	2944.41
Ft_Lss12	2685.49	2144.48	2290.31	2329.39	2046.69	3101.24	2664.27	2286.27	2086.23	1675.98	2821.32	3548.91	2168.08	1807.10	1962.64	1878.17	2133.87	3165.14	1871.54	2316.21	1959.98	1585.74	1644.36	2625.44
Ft_Lss13	2689.20	2085.28	2310.54	2327.91	2062.25	3032.70	2621.65	2244.77	2037.72	1675.61	2947.50	3380.71	2114.85	1801.48	1985.63	1900.56	2236.81	2975.49	1852.75	2273.19	1962.19	1638.11	1687.33	2641.14
Ft_Lss14	2629.27	2055.38	2268.18	2289.36	2067.02	2912.48	2566.62	2161.29	1952.98	1651.80	3024.09	3198.15	2057.90	1766.96	1948.23	1887.90	2264.98	2817.43	1813.41	2217.66	1937.45	1635.72	1723.92	3074.18
Ft_Lss15	2470.65	1962.62	2152.98	2211.71	2009.82	2665.28	2401.36	2026.96	1855.26	1598.90	2983.23	2944.32	1980.68	1676.95	1882.46	1842.61	2262.03	2649.64	1743.40	2146.71	1870.52	1586.54	1712.60	2855.81
Fo_Lss1	1986.84	1971.47	2174.48	2391.67	2074.66	1756.53	2140.87	1986.07	1981.08	1844.18	1890.86	1975.00	1887.03	1524.99	1941.50	2021.71	1739.58	2023.88	1816.33	2107.78	2250.05	1831.42	1769.04	1521.16
Fo_Lss2	1977.01	1962.78	2169.68	2370.26	1977.40	1739.56	2131.11	1977.56	1963.97	1810.06	1702.04	1992.05	1880.65	1516.86	1930.76	1978.78	1579.28	2004.21	1809.56	2098.90	2233.81	1809.07	1660.57	1530.09
Fo_Lss3	1958.40	1943.01	2145.66	2300.25	1856.93	1725.37	2108.06	1955.27	1943.29	1768.22	1592.63	1973.95	1862.73	1487.32	1876.31	1913.02	1451.65	1998.01	1792.87	2064.89	2175.97	1705.27	1529.14	1500.03
Fo_Lss4	1938.66	1923.11	2112.42	2224.56	1745.07	1722.84	2067.90	1924.62	1907.55	1720.64	1556.64	1969.03	1827.62	1466.55	1801.40	1834.50	1396.67	1985.69	1750.37	1997.65	2076.82	1602.98	1430.29	1500.02
Fo_Lss5	1905.81	1880.18	2038.14	2125.91	1633.20	1706.31	2011.45	1865.64	1849.75	1644.84	1528.83	1941.81	1769.87	1419.08	1726.55	1732.97	1356.23	1961.36	1685.43	1906.81	1951.85	1504.12	1344.69	1471.03
Fo_Lss6	1857.24	1825.80	1960.00	2034.07	1565.28	1689.54	1953.45	1816.07	1787.91	1569.91	1531.68	1912.10	1703.10	1377.53	1640.14	1639.84	1337.86	1933.36	1607.11	1819.21	1833.12	1424.32	1276.33	1461.73
Fo_Lss7	1791.41	1734.85	1831.05	1912.58	1493.47	1643.83	1883.67	1754.00	1714.11	1471.12	1488.72	1855.03	1620.18	1314.15	1538.96	1530.36	1302.72	1874.45	1517.84	1729.82	1719.32	1329.77	1212.55	1427.13
Fo_Lss8	1745.52	1672.38	1764.44	1839.06	1455.10	1634.30	1827.22	1707.94	1683.23	1405.89	1533.56	1834.92	1554.45	1279.78	1487.21	1474.85	1308.04	1823.84	1456.26	1666.30	1638.44	1283.50	1184.65	1427.89
Fo_Lss9	1681.71	1589.35	1685.72	1759.28	1423.45	1595.74	1761.88	1640.58	1618.93	1339.46	1520.33	1787.77	1485.89	1241.51	1424.17	1404.15	1291.23	1788.30	1384.77	1596.91	1560.38	1220.43	1149.44	1376.63
Fo_Lss10	1623.81	1517.01	1607.14	1688.74	1394.58	1560.20	1705.90	1572.19	1553.33	1280.73	1515.82	1727.99	1423.72	1199.70	1369.62	1366.56	1274.66	1736.32	1315.40	1545.67	1496.80	1179.87	1123.40	1336.36
Fo_Lss11	1479.42	1403.15	1452.76	1567.87	1305.24	1467.58	1578.59	1424.63	1409.56	1201.56	1459.77	1618.56	1320.77	1094.96	1252.36	1271.14	1209.63	1645.14	1206.64	1467.89	1364.50	1040.33	1044.73	1238.61
Fo_Lss12	1549.97	1416.63	1523.88	1596.82	1362.36	1504.55	1603.55	1469.01	1429.75	1202.75	1560.12	1653.39	1346.43	1150.31	1304.22	1303.58	1281.49	1634.94	1237.57	1469.75	1414.68	1132.73	1107.23	1307.95
Fo_Lss13	1493.06	1365.13	1452.99	1543.49	1332.78	1451.56	1541.31	1392.42	1350.78	1166.76	1546.81	1584.01	1295.81	1100.07	1259.73	1265.61	1259.44	1589.69	1180.53	1422.08	1360.04	1103.68	1084.26	1255.61
Fo_Lss14	1452.57	1312.27	1409.57	1498.38	1305.75	1403.65	1493.94	1346.98	1302.96	1133.07	1548.15	1533.13	1253.79	1069.93	1225.62	1247.32	1262.83	1534.27	1149.41	1391.44	1330.43	1075.93	1069.93	1329.35
Fo_Lss15	1436.88	1296.42	1415.24	1492.13	1329.85	1399.73	1473.94	1325.10	1272.40	1127.08	1563.15	1510.61	1236.96	1059.34	1225.80	1246.58	1296.79	1509.75	1138.17	1362.89	1311.54	1085.43	1091.81	1326.26
Fv_Lss1	4451.19	4680.22	5027.06	4915.38	3668.87	3021.56	5003.97	4746.27	4508.00	3890.34	2721.80	3724.00	4777.01	3673.02	4578.47	4384.75	2906.76	3163.09	4406.02	4955.57	5137.91	3968.96	3480.33	2705.75
Fv_Lss2	4359.03	4591.01	4979.46	4740.58	3077.76	2915.03	4906.23	4658.00	4345.14	3606.98	1928.20	3851.31	4704.47	3587.91	4469.65	4015.61	2076.10	3055.52	4334.02	4865.71	4981.87	3772.92	2736.51	2766.51
Fv_Lss3	4190.31	4395.43	4749.10	4215.62	2479.12	2828.98	4684.05	4435.79	4157.26	3290.59	1573.66	3716.34	4507.81	3297.60	3962.45	3516.02	1585.62	3022.38	4162.52	4538.78	4469.18	2994.07	2052.75	2567.68
Fv_Lss4	4019.62	4208.38	4450.55	3718.49	2026.46	2813.93	4324.18	4150.22	3854.13	2967.30	1470.51	3680.57	4150.19	3109.86	3368.38	3006.48	1409.49	2957.62	3760.55	3964.23	3722.77	2393.56	1652.52	2567.60
Fv_Lss5	3752.71	3835.18	3857.24	3161.64	1651.98	2717.65	3870.38	3657.99	3415.01	2520.15	1394.88	3489.33	3631.45	2724.83	2871.21	2459.81	1291.31	2833.87	3229.22	3312.97	2968.09	1929.74	1366.16	2390.26
Fv_Lss6	3393.52	3415.11	3325.86	2719.65	1456.17	2623.40	3458.53	3294.57	3005.03	2145.99	1402.48	3292.84	3120.99	2430.88	2391.93	2046.42	1240.57	2697.91	2696.07	2792.67	2396.29	1620.14	1170.35	2336.15
Fv_Lss7	2965.23	2820.49	2611.15	2226.66	1271.38	2383.23	3024.58	2893.81	2582.88	1735.13	1291.73	2947.72	2593.15	2046.24	1932.08	1645.22	1148.28	2432.53	2199.88	2347.86	1949.80	1313.02	1010.01	2145.66
Fv_Lss8	2700.74	2476.07	2305.01	1970.58	1181.06	2336.08	2715.36	2629.85	2424.81	1505.93	1407.50	2835.32	2241.47	1864.64	1731.24	1470.69	1161.87	2224.99	1912.55	2075.18	1680.98	1182.62	945.94	2149.67
Fv_Lss9	2372.66	2083.19	1988.07	1723.21	1110.63	2154.47	2397.24	2287.59	2126.08	1301.11	1372.47	2588.67	1925.63	1681.56	1512.93	1272.25	1119.42	2089.45	1624.63	1811.97	1453.58	1022.93	869.90	1895.64
Fv_Lss10	2109.63	1791.01	1712.88	1527.81	1049.42	1999.44	2154.18	1985.44	1858.41	1140.92	1360.69	2306.74	1676.93	1501.67	1344.54	1176.50	1078.86	1905.04	1384.55	1637.91	1288.61	930.14	816.92	1717.21
Fv_Lss11	1569.79	1407.54	1269.63	1236.84	876.99	1644.04	1685.78	1457.50	1377.73	951.82	1221.38	1866.10	1329.92	1127.70	1037.02	960.21	931.37	1617.07	1071.79	1402.43	995.17	661.48	672.28	1348.43
Fv_Lss12	1814.90	1448.66	1459.41	1301.90	984.38	1778.07	1769.41	1600.72	1437.63	954.46	1480.20	1996.81	1409.66	1312.93	1164.62	1029.72	1095.42	1587.40	1153.71	1407.69	1099.18	831.14	785.37	1601.23
Fv_Lss13	1614.67	1297.05	1270.21	1184.15	927.55	1588.91	1567.57	1360.86	1215.68	877.34	1443.38	1744.35	1256.22	1143.73	1054.39	948.77	1042.72	1461.47	1006.57	1278.16	986.32	774.48	742.20	1406.73
Fv_Lss14	1484.73	1156.02	1164.98	1091.46	877.91	1433.93	1428.07	1234.12	1096.21	809.83	1447.05	1578.27	1140.23	1051.95	975.96	911.66	1050.69	1319.08	933.21	1200.42	929.16	723.27	716.22	1687.87
Fv_Lss15	1436.96	1116.37	1178.29	1079.11	922.07	1421.89	1372.51	1176.83	1025.16	798.28	1488.71	1509.41	1096.44	1021.30	976.36	910.18	1133.32	1259.94	907.84	1131.63	894.10	740.48	756.17	1675.07
Fq_Lss1	4079.34	4320.33	4595.93	4483.86	3170.85	2273.66	4637.98	4430.66	4200.18	3597.45	2215.92	2802.40	4458.63	3392.75	4229.56	4067.22	2298.73	2190.24	4093.23	4591.15	4776.31	3653.26	3045.38	2023.46
Fq_Lss2	3737.65	4061.70	4315.47	4056.09	2409.00	1095.94	4206.82	4135.32	3860.42	3111.36	1209.02	1296.37	4101.62	3109.94	3847.65	3450.92	1289.12	1067.91	3804.62	4168.89	4387.13	3233.60	2038.22	1161.45
Fq_Lss3	3167.78	3627.67	3791.46	3289.81	1755.20	610.92	3548.31	3632.90	3463.16	2671.09	794.60	679.38	3546.25	2613.94	3117.85	2817.13	807.94	610.57	3314.07	3449.69	3626.02	2370.88	1351.73	633.29
Fq_Lss4	2896.66	3367.98	3523.66	2879.99	1387.03	561.23	3062.10	3309.77	3153.53	2383.78	784.68	751.38	3073.79	2453.82	2624.14	2390.12	735.51	473.62	2832.34	2774.92	2993.36	1992.32	1096.91	878.77
Fq_Lss5	2294.10	2778.20	2623.57	2165.08	900.11	301.59	2394.89	2575.32	2526.31	1856.88	487.29	308.17	2336.62	1866.58	1959.66	1767.23	486.03	225.04	2152.69	2060.36	2140.21	1375.83	724.00	424.91
Fq_Lss6	1900.53	2372.23	2165.73	1753.48	745.74	273.27	1984.98	2216.58	2136.51	1528.58	464.42	237.97	1858.87	1604.48	1530.80	1407.99	437.74	194.15	1680.41	1621.75	1641.93	1113.67	574.08	419.00
Fq_Lss7	1392.34	1753.77	1391.92	1222.78	528.88	21.38	1542.20	1743.92	1666.34	1121.43	163.32	-51.16	1345.32	1181.04	1067.27	983.74	259.68	63.94	1230.92	1229.03	1216.27	758.83	388.03	218.55
Fq_Lss8	1433.82	1608.45	1486.02	1218.83	545.51	353.92	1431.61	1681.63	1684.74	1024.68	552.39	395.62	1228.22	1197.34	1110.44	949.32	429.75	142.19	1173.30	1115.53	1136.83	871.46	458.47	642.77
Fq_Lss9	1014.17	1205.07	1074.61	884.23	403.82	133.96	1074.81	1266.13	1305.23	767.19	241.93	125.70	899.58	929.22	783.49	692.97	291.71	88.27	855.04	836.43	860.22	544.21	305.15	262.03
Fq_Lss10	707.73	916.16	742.64	650.30	300.21	1.97	842.03	936.09	1009.34	622.16	79.57	-79.47	696.04	719.04	569.82	561.15	172.31	59.27	618.44	684.97	653.57	399.81	212.13	20.79
Fq_Lss11	143.28	543.44	228.10	339.52	71.65	-269.63	401.74	407.38	526.58	419.05	-181.02	-368.18	339.60	304.21	230.75	284.46	-47.11	-76.89	284.53	464.86	301.95	10.06	17.18	-357.37
Fq_Lss12	679.39	720.80	692.97	569.34	300.05	181.38	708.69	783.45	781.15	481.23	219.00	101.30	588.01	656.14	506.20	455.13	243.05	57.20	519.74	561.23	553.87	378.13	248.24	283.74
Fq_Lss13	418.53	576.90	412.67	399.73	198.09	7.77	487.23	508.51	528.74	368.49	42.69	-52.35	437.18	442.32	328.49	313.81	65.35	75.68	334.36	427.04	384.17	240.06	139.13	21.21
Fq_Lss14	308.03	412.91	306.37	300.47	116.64	-74.90	355.40	419.82	446.19	291.09	-28.89	-86.75	336.12	354.92	253.35	271.07	48.54	35.92	269.20	374.20	322.14	163.48	62.23	-56.97
Fq_Lss15	403.19	450.17	440.54	359.53	242.10	156.34	445.08	474.97	442.31	326.46	68.63	75.70	352.71	403.69	319.70	314.15	168.07	120.06	302.61	347.82	335.12	239.37	135.37	145.51
QY_max	0.70	0.71	0.71	0.69	0.66	0.64	0.71	0.71	0.71	0.69	0.64	0.66	0.73	0.72	0.72	0.70	0.66	0.62	0.72	0.71	0.70	0.70	0.68	0.64
Fv/Fm_Lss1	0.69	0.70	0.70	0.67	0.64	0.63	0.70	0.70	0.69	0.68	0.59	0.65	0.72	0.71	0.70	0.68	0.63	0.61	0.71	0.70	0.70	0.68	0.66	0.64
Fv/Fm_Lss2	0.69	0.70	0.70	0.67	0.61	0.63	0.70	0.70	0.69	0.67	0.53	0.66	0.71	0.70	0.70	0.67	0.57	0.60	0.71	0.70	0.69	0.68	0.62	0.64
Fv/Fm_Lss3	0.68	0.69	0.69	0.65	0.57	0.62	0.69	0.69	0.68	0.65	0.50	0.65	0.71	0.69	0.68	0.65	0.52	0.60	0.70	0.69	0.67	0.64	0.57	0.63
Fv/Fm_Lss4	0.67	0.69	0.68	0.63	0.54	0.62	0.68	0.68	0.67	0.63	0.49	0.65	0.69	0.68	0.65	0.62	0.50	0.60	0.68	0.66	0.64	0.60	0.54	0.63
Fv/Fm_Lss5	0.66	0.67	0.65	0.60	0.50	0.61	0.66	0.66	0.65	0.61	0.48	0.64	0.67	0.66	0.62	0.59	0.49	0.59	0.66	0.63	0.60	0.56	0.50	0.62
Fv/Fm_Lss6	0.65	0.65	0.63	0.57	0.48	0.61	0.64	0.64	0.63	0.58	0.48	0.63	0.65	0.64	0.59	0.56	0.48	0.58	0.63	0.61	0.57	0.53	0.48	0.62
Fv/Fm_Lss7	0.62	0.62	0.59	0.54	0.46	0.59	0.62	0.62	0.60	0.54	0.46	0.61	0.62	0.61	0.56	0.52	0.47	0.56	0.59	0.58	0.53	0.50	0.45	0.60
Fv/Fm_Lss8	0.61	0.60	0.57	0.52	0.45	0.59	0.60	0.61	0.59	0.52	0.48	0.61	0.59	0.59	0.54	0.50	0.47	0.55	0.57	0.55	0.51	0.48	0.44	0.60
Fv/Fm_Lss9	0.59	0.57	0.54	0.49	0.44	0.57	0.58	0.58	0.57	0.49	0.47	0.59	0.56	0.58	0.52	0.48	0.46	0.54	0.54	0.53	0.48	0.46	0.43	0.58
Fv/Fm_Lss10	0.57	0.54	0.52	0.47	0.43	0.56	0.56	0.56	0.54	0.47	0.47	0.57	0.54	0.56	0.50	0.46	0.46	0.52	0.51	0.51	0.46	0.44	0.42	0.56
Fv/Fm_Lss11	0.51	0.50	0.47	0.44	0.40	0.53	0.52	0.51	0.49	0.44	0.46	0.54	0.50	0.51	0.45	0.43	0.44	0.50	0.47	0.49	0.42	0.39	0.39	0.52
Fv/Fm_Lss12	0.54	0.51	0.49	0.45	0.42	0.54	0.52	0.52	0.50	0.44	0.49	0.55	0.51	0.53	0.47	0.44	0.46	0.49	0.48	0.49	0.44	0.42	0.41	0.55
Fv/Fm_Lss13	0.52	0.49	0.47	0.43	0.41	0.52	0.50	0.49	0.47	0.43	0.48	0.52	0.49	0.51	0.46	0.43	0.45	0.48	0.46	0.47	0.42	0.41	0.41	0.53
Fv/Fm_Lss14	0.51	0.47	0.45	0.42	0.40	0.51	0.49	0.48	0.46	0.42	0.48	0.51	0.48	0.50	0.44	0.42	0.45	0.46	0.45	0.46	0.41	0.40	0.40	0.56
Fv/Fm_Lss15	0.50	0.46	0.45	0.42	0.41	0.50	0.48	0.47	0.45	0.41	0.49	0.50	0.47	0.49	0.44	0.42	0.47	0.45	0.44	0.45	0.41	0.41	0.41	0.56
QY_Lss1	0.63	0.65	0.64	0.61	0.55	0.48	0.65	0.66	0.65	0.63	0.48	0.49	0.67	0.65	0.65	0.63	0.49	0.42	0.66	0.65	0.65	0.63	0.58	0.48
QY_Lss2	0.59	0.62	0.60	0.57	0.48	0.24	0.60	0.62	0.61	0.57	0.33	0.22	0.62	0.61	0.60	0.58	0.35	0.21	0.62	0.60	0.61	0.58	0.46	0.27
QY_Lss3	0.52	0.57	0.55	0.50	0.40	0.13	0.52	0.57	0.57	0.53	0.25	0.12	0.56	0.55	0.53	0.52	0.27	0.12	0.56	0.52	0.55	0.50	0.38	0.16
QY_Lss4	0.49	0.55	0.54	0.48	0.37	0.12	0.48	0.54	0.55	0.51	0.26	0.13	0.51	0.54	0.51	0.49	0.26	0.10	0.51	0.47	0.52	0.50	0.36	0.22
QY_Lss5	0.41	0.49	0.45	0.41	0.27	0.07	0.41	0.47	0.48	0.45	0.17	0.06	0.43	0.45	0.43	0.42	0.18	0.05	0.44	0.39	0.44	0.40	0.27	0.11
QY_Lss6	0.36	0.45	0.41	0.37	0.25	0.06	0.37	0.43	0.45	0.41	0.16	0.05	0.39	0.42	0.38	0.38	0.17	0.04	0.39	0.35	0.39	0.37	0.23	0.11
QY_Lss7	0.29	0.38	0.31	0.30	0.19	0.01	0.31	0.38	0.39	0.35	0.06	-0.01	0.32	0.35	0.31	0.31	0.11	0.01	0.33	0.30	0.33	0.29	0.17	0.06
QY_Lss8	0.32	0.39	0.37	0.32	0.21	0.09	0.32	0.39	0.41	0.35	0.19	0.08	0.32	0.38	0.35	0.32	0.17	0.04	0.35	0.30	0.34	0.35	0.22	0.18
QY_Lss9	0.25	0.33	0.29	0.25	0.16	0.04	0.26	0.32	0.35	0.29	0.08	0.03	0.26	0.32	0.27	0.26	0.12	0.02	0.28	0.25	0.29	0.24	0.15	0.08
QY_Lss10	0.19	0.28	0.22	0.20	0.12	0.00	0.22	0.26	0.30	0.26	0.03	-0.02	0.22	0.27	0.21	0.22	0.07	0.02	0.23	0.22	0.23	0.19	0.11	0.01
QY_Lss11	0.05	0.19	0.08	0.12	0.03	-0.09	0.12	0.14	0.19	0.19	-0.07	-0.11	0.13	0.14	0.10	0.13	-0.02	-0.02	0.12	0.16	0.13	0.01	0.01	-0.14
QY_Lss12	0.20	0.25	0.23	0.20	0.13	0.06	0.21	0.26	0.27	0.22	0.07	0.03	0.21	0.27	0.21	0.20	0.10	0.02	0.22	0.20	0.22	0.19	0.13	0.10
QY_Lss13	0.13	0.22	0.15	0.15	0.09	0.00	0.16	0.18	0.21	0.18	0.01	-0.02	0.17	0.20	0.14	0.14	0.03	0.02	0.15	0.16	0.16	0.13	0.08	0.01
QY_Lss14	0.10	0.17	0.12	0.12	0.05	-0.03	0.12	0.16	0.19	0.15	-0.01	-0.03	0.14	0.17	0.12	0.13	0.02	0.01	0.13	0.14	0.14	0.09	0.03	-0.02
QY_Lss15	0.14	0.19	0.17	0.14	0.11	0.06	0.16	0.19	0.19	0.17	0.02	0.03	0.15	0.19	0.15	0.15	0.07	0.04	0.15	0.14	0.15	0.13	0.07	0.05
NPQ_Lss1	0.05	0.05	0.07	0.07	0.10	0.03	0.05	0.05	0.06	0.07	0.26	0.03	0.04	0.05	0.08	0.07	0.15	0.04	0.04	0.03	0.04	0.09	0.10	0.02
NPQ_Lss2	0.06	0.06	0.07	0.10	0.25	0.06	0.06	0.06	0.09	0.13	0.60	0.00	0.06	0.07	0.10	0.15	0.46	0.07	0.05	0.05	0.07	0.13	0.31	0.00
NPQ_Lss3	0.10	0.10	0.11	0.20	0.45	0.08	0.10	0.10	0.13	0.21	0.83	0.03	0.09	0.15	0.20	0.27	0.76	0.08	0.09	0.11	0.16	0.34	0.61	0.06
NPQ_Lss4	0.13	0.14	0.17	0.32	0.67	0.09	0.17	0.16	0.19	0.31	0.92	0.04	0.16	0.20	0.36	0.42	0.90	0.09	0.17	0.23	0.33	0.58	0.87	0.06
NPQ_Lss5	0.19	0.22	0.30	0.48	0.92	0.11	0.27	0.28	0.31	0.47	0.98	0.08	0.29	0.32	0.53	0.64	1.02	0.13	0.32	0.40	0.57	0.84	1.13	0.12
NPQ_Lss6	0.28	0.33	0.45	0.65	1.08	0.14	0.38	0.38	0.43	0.65	0.98	0.13	0.44	0.44	0.74	0.86	1.07	0.17	0.50	0.58	0.82	1.07	1.36	0.13
NPQ_Lss7	0.42	0.53	0.73	0.89	1.28	0.22	0.52	0.52	0.60	0.92	1.09	0.22	0.65	0.63	1.02	1.16	1.18	0.25	0.74	0.79	1.10	1.39	1.59	0.21
NPQ_Lss8	0.52	0.68	0.89	1.05	1.39	0.24	0.65	0.62	0.67	1.11	0.97	0.26	0.83	0.74	1.18	1.33	1.16	0.33	0.92	0.95	1.32	1.56	1.71	0.20
NPQ_Lss9	0.66	0.90	1.09	1.25	1.48	0.31	0.80	0.79	0.84	1.33	1.01	0.34	1.04	0.88	1.39	1.57	1.22	0.39	1.15	1.14	1.56	1.81	1.86	0.32
NPQ_Lss10	0.81	1.11	1.31	1.43	1.58	0.38	0.94	0.98	1.01	1.54	1.02	0.45	1.25	1.03	1.58	1.70	1.27	0.48	1.39	1.29	1.77	1.99	1.97	0.41
NPQ_Lss11	1.21	1.48	1.82	1.79	1.88	0.58	1.29	1.44	1.47	1.85	1.16	0.68	1.63	1.47	2.06	2.08	1.50	0.66	1.84	1.54	2.27	2.70	2.36	0.67
NPQ_Lss12	1.00	1.43	1.57	1.70	1.68	0.50	1.22	1.29	1.40	1.85	0.91	0.61	1.53	1.23	1.84	1.94	1.25	0.68	1.70	1.54	2.07	2.21	2.05	0.48
NPQ_Lss13	1.17	1.62	1.82	1.87	1.78	0.62	1.40	1.56	1.68	2.00	0.94	0.76	1.73	1.44	2.03	2.10	1.32	0.77	1.96	1.70	2.28	2.36	2.16	0.62
NPQ_Lss14	1.30	1.82	1.98	2.02	1.88	0.74	1.56	1.73	1.87	2.16	0.94	0.88	1.91	1.58	2.19	2.18	1.31	0.89	2.10	1.82	2.41	2.50	2.23	0.43
NPQ_Lss15	1.35	1.89	1.96	2.04	1.80	0.75	1.63	1.82	1.99	2.19	0.90	0.94	1.98	1.63	2.18	2.18	1.20	0.95	2.16	1.93	2.49	2.45	2.12	0.44
qN_Lss1	0.06	0.06	0.09	0.09	0.13	0.05	0.06	0.06	0.08	0.09	0.30	0.04	0.06	0.07	0.10	0.10	0.19	0.06	0.05	0.05	0.06	0.11	0.13	0.03
qN_Lss2	0.09	0.08	0.10	0.13	0.29	0.09	0.08	0.08	0.12	0.17	0.53	0.00	0.07	0.09	0.12	0.18	0.45	0.10	0.07	0.07	0.09	0.16	0.33	0.00
qN_Lss3	0.12	0.13	0.14	0.24	0.44	0.12	0.13	0.13	0.16	0.25	0.63	0.04	0.12	0.17	0.23	0.29	0.59	0.11	0.11	0.13	0.19	0.35	0.52	0.09
qN_Lss4	0.16	0.17	0.20	0.34	0.55	0.12	0.20	0.19	0.22	0.33	0.65	0.05	0.19	0.23	0.35	0.40	0.64	0.14	0.20	0.25	0.34	0.49	0.62	0.09
qN_Lss5	0.22	0.25	0.32	0.44	0.65	0.16	0.29	0.29	0.32	0.44	0.67	0.11	0.30	0.33	0.46	0.52	0.68	0.18	0.32	0.39	0.48	0.60	0.69	0.16
qN_Lss6	0.31	0.34	0.42	0.53	0.69	0.19	0.37	0.37	0.41	0.53	0.67	0.17	0.41	0.41	0.55	0.61	0.69	0.22	0.44	0.49	0.59	0.67	0.74	0.18
qN_Lss7	0.40	0.46	0.55	0.62	0.74	0.27	0.46	0.45	0.50	0.63	0.70	0.26	0.51	0.51	0.65	0.69	0.72	0.31	0.56	0.58	0.67	0.74	0.78	0.26
qN_Lss8	0.46	0.53	0.61	0.67	0.76	0.29	0.52	0.51	0.53	0.68	0.67	0.30	0.59	0.56	0.69	0.73	0.71	0.38	0.62	0.63	0.72	0.76	0.79	0.25
qN_Lss9	0.53	0.61	0.67	0.72	0.77	0.35	0.58	0.58	0.60	0.73	0.68	0.36	0.65	0.60	0.73	0.77	0.72	0.42	0.68	0.68	0.76	0.80	0.81	0.35
qN_Lss10	0.59	0.67	0.72	0.75	0.79	0.41	0.63	0.64	0.65	0.77	0.68	0.44	0.70	0.65	0.76	0.79	0.73	0.48	0.73	0.72	0.79	0.82	0.82	0.42
qN_Lss11	0.70	0.75	0.80	0.80	0.82	0.52	0.71	0.74	0.75	0.81	0.72	0.56	0.76	0.74	0.82	0.83	0.77	0.57	0.80	0.76	0.84	0.87	0.86	0.56
qN_Lss12	0.65	0.74	0.76	0.79	0.80	0.48	0.70	0.71	0.74	0.81	0.65	0.53	0.75	0.70	0.80	0.81	0.73	0.58	0.78	0.76	0.83	0.84	0.83	0.47
qN_Lss13	0.69	0.77	0.80	0.81	0.81	0.54	0.74	0.76	0.78	0.82	0.66	0.59	0.78	0.74	0.82	0.83	0.74	0.62	0.81	0.78	0.84	0.85	0.84	0.54
qN_Lss14	0.72	0.80	0.81	0.83	0.82	0.59	0.76	0.78	0.80	0.84	0.66	0.64	0.80	0.76	0.83	0.84	0.74	0.66	0.82	0.80	0.85	0.86	0.85	0.43
qN_Lss15	0.73	0.80	0.81	0.83	0.81	0.60	0.77	0.79	0.82	0.84	0.65	0.65	0.81	0.77	0.83	0.84	0.72	0.68	0.83	0.81	0.86	0.86	0.84	0.44
qP_Lss1	0.92	0.92	0.91	0.91	0.86	0.75	0.93	0.93	0.93	0.92	0.81	0.75	0.93	0.92	0.92	0.93	0.79	0.69	0.93	0.93	0.93	0.92	0.88	0.75
qP_Lss2	0.86	0.88	0.87	0.86	0.78	0.38	0.86	0.89	0.89	0.86	0.63	0.34	0.87	0.87	0.86	0.86	0.62	0.35	0.88	0.86	0.88	0.86	0.74	0.42
qP_Lss3	0.76	0.83	0.80	0.78	0.71	0.22	0.76	0.82	0.83	0.81	0.50	0.18	0.79	0.79	0.79	0.80	0.51	0.20	0.80	0.76	0.81	0.79	0.66	0.25
qP_Lss4	0.72	0.80	0.79	0.77	0.68	0.20	0.71	0.80	0.82	0.80	0.53	0.20	0.74	0.79	0.78	0.79	0.52	0.16	0.75	0.70	0.80	0.83	0.66	0.34
qP_Lss5	0.61	0.72	0.68	0.68	0.54	0.11	0.62	0.70	0.74	0.74	0.35	0.09	0.64	0.69	0.68	0.72	0.38	0.08	0.67	0.62	0.72	0.71	0.53	0.18
qP_Lss6	0.56	0.69	0.65	0.64	0.51	0.10	0.57	0.67	0.71	0.71	0.33	0.07	0.60	0.66	0.64	0.69	0.35	0.07	0.62	0.58	0.69	0.69	0.49	0.18
qP_Lss7	0.47	0.62	0.53	0.55	0.42	0.01	0.51	0.60	0.65	0.65	0.13	-0.02	0.52	0.58	0.55	0.60	0.23	0.03	0.56	0.52	0.62	0.58	0.38	0.10
qP_Lss8	0.53	0.65	0.64	0.62	0.46	0.15	0.53	0.64	0.69	0.68	0.39	0.14	0.55	0.64	0.64	0.65	0.37	0.06	0.61	0.54	0.68	0.74	0.48	0.30
qP_Lss9	0.43	0.58	0.54	0.51	0.36	0.06	0.45	0.55	0.61	0.59	0.18	0.05	0.47	0.55	0.52	0.54	0.26	0.04	0.53	0.46	0.59	0.53	0.35	0.14
qP_Lss10	0.34	0.51	0.43	0.43	0.29	0.00	0.39	0.47	0.54	0.55	0.06	-0.03	0.42	0.48	0.42	0.48	0.16	0.03	0.45	0.42	0.51	0.43	0.26	0.01
qP_Lss11	0.09	0.39	0.18	0.27	0.08	-0.16	0.24	0.28	0.38	0.44	-0.15	-0.20	0.26	0.27	0.22	0.30	-0.05	-0.05	0.27	0.33	0.30	0.02	0.03	-0.27
qP_Lss12	0.37	0.50	0.47	0.44	0.30	0.10	0.40	0.49	0.54	0.50	0.15	0.05	0.42	0.50	0.43	0.44	0.22	0.04	0.45	0.40	0.50	0.45	0.32	0.18
qP_Lss13	0.26	0.44	0.32	0.34	0.21	0.00	0.31	0.37	0.43	0.42	0.03	-0.03	0.35	0.39	0.31	0.33	0.06	0.05	0.33	0.33	0.39	0.31	0.19	0.02
qP_Lss14	0.21	0.36	0.26	0.28	0.13	-0.05	0.25	0.34	0.41	0.36	-0.02	-0.05	0.29	0.34	0.26	0.30	0.05	0.03	0.29	0.31	0.35	0.23	0.09	-0.03
qP_Lss15	0.28	0.40	0.37	0.33	0.26	0.11	0.32	0.40	0.43	0.41	0.05	0.05	0.32	0.40	0.33	0.35	0.15	0.10	0.33	0.31	0.37	0.32	0.18	0.09
qL_Lss1	1.09	1.09	1.10	1.08	1.07	1.07	1.09	1.08	1.08	1.07	1.03	1.10	1.09	1.09	1.09	1.07	1.07	1.03	1.09	1.09	1.08	1.08	1.09	1.08
qL_Lss2	1.13	1.12	1.13	1.10	1.05	0.77	1.14	1.12	1.11	1.10	0.89	0.77	1.15	1.14	1.14	1.10	0.93	0.70	1.13	1.14	1.12	1.11	1.06	0.86
qL_Lss3	1.15	1.15	1.15	1.09	0.98	0.49	1.17	1.16	1.13	1.10	0.75	0.46	1.19	1.16	1.14	1.09	0.78	0.45	1.17	1.16	1.13	1.08	0.96	0.56
qL_Lss4	1.14	1.15	1.14	1.07	0.94	0.46	1.14	1.15	1.12	1.08	0.77	0.51	1.18	1.14	1.10	1.06	0.77	0.36	1.15	1.12	1.09	1.04	0.92	0.73
qL_Lss5	1.08	1.13	1.09	1.01	0.80	0.27	1.07	1.11	1.10	1.03	0.56	0.23	1.11	1.10	1.04	1.01	0.60	0.19	1.09	1.03	1.03	0.98	0.78	0.42
qL_Lss6	1.01	1.09	1.04	0.95	0.74	0.25	1.01	1.07	1.06	0.99	0.53	0.19	1.04	1.06	0.98	0.96	0.56	0.17	1.02	0.95	0.97	0.93	0.72	0.41
qL_Lss7	0.88	1.00	0.89	0.84	0.62	0.02	0.91	1.00	0.99	0.92	0.22	-0.05	0.92	0.96	0.86	0.86	0.38	0.06	0.92	0.86	0.89	0.82	0.58	0.24
qL_Lss8	0.92	0.99	0.94	0.87	0.66	0.34	0.90	0.99	1.00	0.91	0.61	0.33	0.91	0.98	0.91	0.87	0.58	0.14	0.92	0.85	0.90	0.92	0.68	0.61
qL_Lss9	0.77	0.90	0.83	0.76	0.54	0.14	0.78	0.90	0.93	0.82	0.31	0.12	0.79	0.89	0.78	0.77	0.43	0.09	0.82	0.74	0.82	0.74	0.52	0.30
qL_Lss10	0.63	0.81	0.70	0.65	0.44	0.00	0.69	0.79	0.84	0.77	0.11	-0.08	0.70	0.79	0.66	0.69	0.27	0.06	0.71	0.68	0.72	0.62	0.40	0.03
qL_Lss11	0.18	0.62	0.31	0.43	0.13	-0.38	0.43	0.49	0.61	0.64	-0.29	-0.47	0.45	0.47	0.37	0.45	-0.09	-0.10	0.44	0.54	0.46	0.02	0.04	-0.63
qL_Lss12	0.65	0.75	0.71	0.64	0.46	0.21	0.67	0.76	0.79	0.70	0.27	0.11	0.67	0.79	0.65	0.64	0.37	0.07	0.68	0.63	0.70	0.64	0.47	0.36
qL_Lss13	0.47	0.68	0.52	0.51	0.33	0.01	0.53	0.60	0.66	0.60	0.06	-0.06	0.57	0.63	0.49	0.50	0.11	0.10	0.52	0.53	0.56	0.46	0.29	0.03
qL_Lss14	0.38	0.56	0.42	0.42	0.21	-0.11	0.43	0.55	0.61	0.52	-0.04	-0.11	0.48	0.56	0.41	0.45	0.08	0.05	0.46	0.50	0.50	0.34	0.14	-0.08
qL_Lss15	0.48	0.61	0.57	0.49	0.40	0.21	0.53	0.62	0.63	0.58	0.09	0.10	0.52	0.63	0.50	0.51	0.26	0.17	0.51	0.48	0.53	0.47	0.28	0.19
PAR1	59.15	59.15	59.15	59.15	59.15	59.15	59.15	59.15	59.15	59.15	59.15	59.15	59.15	59.15	59.15	59.15	59.15	59.15	59.15	59.15	59.15	59.15	59.15	59.15
PAR2	179.76	179.76	179.76	179.76	179.76	179.76	179.76	179.76	179.76	179.76	179.76	179.76	179.76	179.76	179.76	179.76	179.76	179.76	179.76	179.76	179.76	179.76	179.76	179.76
PAR3	300.37	300.37	300.37	300.37	300.37	300.37	300.37	300.37	300.37	300.37	300.37	300.37	300.37	300.37	300.37	300.37	300.37	300.37	300.37	300.37	300.37	300.37	300.37	300.37
PAR4	420.98	420.98	420.98	420.98	420.98	420.98	420.98	420.98	420.98	420.98	420.98	420.98	420.98	420.98	420.98	420.98	420.98	420.98	420.98	420.98	420.98	420.98	420.98	420.98
PAR5	541.59	541.59	541.59	541.59	541.59	541.59	541.59	541.59	541.59	541.59	541.59	541.59	541.59	541.59	541.59	541.59	541.59	541.59	541.59	541.59	541.59	541.59	541.59	541.59
PAR6	662.20	662.20	662.20	662.20	662.20	662.20	662.20	662.20	662.20	662.20	662.20	662.20	662.20	662.20	662.20	662.20	662.20	662.20	662.20	662.20	662.20	662.20	662.20	662.20
PAR7	782.81	782.81	782.81	782.81	782.81	782.81	782.81	782.81	782.81	782.81	782.81	782.81	782.81	782.81	782.81	782.81	782.81	782.81	782.81	782.81	782.81	782.81	782.81	782.81
PAR8	903.42	903.42	903.42	903.42	903.42	903.42	903.42	903.42	903.42	903.42	903.42	903.42	903.42	903.42	903.42	903.42	903.42	903.42	903.42	903.42	903.42	903.42	903.42	903.42
PAR9	1024.03	1024.03	1024.03	1024.03	1024.03	1024.03	1024.03	1024.03	1024.03	1024.03	1024.03	1024.03	1024.03	1024.03	1024.03	1024.03	1024.03	1024.03	1024.03	1024.03	1024.03	1024.03	1024.03	1024.03
PAR10	1144.64	1144.64	1144.64	1144.64	1144.64	1144.64	1144.64	1144.64	1144.64	1144.64	1144.64	1144.64	1144.64	1144.64	1144.64	1144.64	1144.64	1144.64	1144.64	1144.64	1144.64	1144.64	1144.64	1144.64
PAR11	1265.25	1265.25	1265.25	1265.25	1265.25	1265.25	1265.25	1265.25	1265.25	1265.25	1265.25	1265.25	1265.25	1265.25	1265.25	1265.25	1265.25	1265.25	1265.25	1265.25	1265.25	1265.25	1265.25	1265.25
PAR12	1385.86	1385.86	1385.86	1385.86	1385.86	1385.86	1385.86	1385.86	1385.86	1385.86	1385.86	1385.86	1385.86	1385.86	1385.86	1385.86	1385.86	1385.86	1385.86	1385.86	1385.86	1385.86	1385.86	1385.86
PAR13	1506.47	1506.47	1506.47	1506.47	1506.47	1506.47	1506.47	1506.47	1506.47	1506.47	1506.47	1506.47	1506.47	1506.47	1506.47	1506.47	1506.47	1506.47	1506.47	1506.47	1506.47	1506.47	1506.47	1506.47
PAR14	1627.08	1627.08	1627.08	1627.08	1627.08	1627.08	1627.08	1627.08	1627.08	1627.08	1627.08	1627.08	1627.08	1627.08	1627.08	1627.08	1627.08	1627.08	1627.08	1627.08	1627.08	1627.08	1627.08	1627.08
PAR15	1747.69	1747.69	1747.69	1747.69	1747.69	1747.69	1747.69	1747.69	1747.69	1747.69	1747.69	1747.69	1747.69	1747.69	1747.69	1747.69	1747.69	1747.69	1747.69	1747.69	1747.69	1747.69	1747.69	1747.69
ETR1	14.9910	15.3666	15.0987	14.5178	13.0614	11.2581	15.3578	15.5702	15.3136	14.8419	11.3657	11.6339	15.8291	15.4421	15.3477	15.0201	11.7049	9.9901	15.5634	15.3781	15.2954	14.9011	13.7254	11.3257
ETR2	42.4156	44.5617	43.4030	41.0140	34.2648	16.9297	42.9825	44.8102	43.9959	41.2985	23.9466	15.9519	44.7855	43.8048	43.2249	41.3939	25.3574	15.1758	44.5281	43.0397	43.7169	41.6527	33.3299	19.4366
ETR3	61.8991	68.7633	66.0692	60.6611	48.6346	16.1165	62.7667	68.2956	68.2050	63.4385	30.1517	14.3447	66.8813	65.6349	64.1575	62.3441	31.9600	14.6120	66.8595	62.7635	65.5597	60.6156	45.3410	18.7052
ETR4	81.8642	92.4957	90.4091	81.6019	61.9278	20.8310	80.6670	91.7447	92.1650	85.6253	43.6493	22.3954	86.5865	90.2893	85.4739	83.1391	44.1360	16.1336	86.5445	78.3764	86.9119	83.9450	59.9156	36.3791
ETR5	87.8291	105.3048	96.4071	88.7047	59.3556	14.7685	88.2067	101.0034	103.9528	96.5825	36.1060	12.2923	93.7167	97.5806	92.3341	91.3101	39.7698	10.1669	94.8896	85.5103	94.2377	86.7984	57.8579	23.8393
ETR6	95.8740	119.8936	108.5263	97.7044	65.3759	16.7830	97.1511	114.8829	118.0726	108.9609	41.9251	12.1103	102.0661	111.5935	100.5625	101.1721	44.9687	11.1043	103.4363	93.1434	102.8305	96.8926	62.1505	29.2223
ETR7	91.6558	120.5499	98.1140	92.5000	59.8960	1.6620	98.3847	117.4877	121.4268	109.5192	18.3922	-3.3355	99.9804	110.0495	96.2786	97.0004	33.1749	4.6487	103.6732	94.3764	103.7961	89.9076	54.6670	19.1539
ETR8	116.5329	140.1102	131.9589	115.6128	74.7791	32.2126	113.8861	140.0914	148.1996	127.1665	67.8722	30.6116	116.9251	137.6019	124.6798	116.4646	62.8753	12.6908	125.8576	107.7419	123.7600	127.6975	77.7601	64.9257
ETR9	102.4611	134.4055	119.8147	104.0032	65.2733	14.6315	105.8523	132.0263	142.7601	119.0088	34.2558	11.7646	108.0102	130.2117	109.2656	106.0567	49.5658	9.3245	116.3800	100.5057	116.9081	99.3659	61.8977	32.8006
ETR10	86.7930	126.8036	102.4158	92.5656	56.2403	0.2534	99.8760	120.4714	135.4531	117.6299	12.6648	-9.0185	102.7795	121.8704	96.1241	101.0292	33.5206	7.4527	104.8742	98.5104	107.4316	86.7561	50.0569	3.1168
ETR11	23.7820	97.8534	42.4036	61.2642	16.6161	-43.8554	62.2843	71.5362	95.6137	98.4872	-34.1696	-53.4725	64.8409	69.2687	51.0094	64.5184	-11.1369	-11.9288	63.2022	81.9646	64.7610	2.9930	5.0647	-69.9114
ETR12	111.9251	139.4523	128.7656	108.8782	70.8776	30.6302	116.4729	141.4786	151.0174	123.6635	39.9302	15.3834	118.2678	147.6616	113.6604	108.1294	56.6831	9.8407	120.4848	108.1209	122.1374	106.7349	72.7087	54.0667
ETR13	81.1532	130.5816	91.3154	88.3081	52.8081	1.5407	94.4380	111.2934	124.1453	108.6287	8.6031	-9.4780	103.2264	118.7880	85.5368	85.3964	17.1041	14.9458	92.1217	95.2992	98.6607	77.0190	45.9010	4.8000
ETR14	68.2516	108.8743	77.4479	75.5093	34.7627	-17.1796	79.1592	105.8584	121.0382	97.5090	-6.2777	-18.1454	91.3774	108.8626	74.8954	81.7155	13.6553	8.1941	84.1261	93.9633	92.7852	59.1373	22.6757	-12.2881
ETR15	98.0785	130.4304	118.7465	97.7494	75.1561	38.7338	109.3106	132.7126	134.5813	118.5331	15.7215	17.5237	105.6712	135.6373	101.4898	101.8261	48.3500	30.3023	103.3942	97.4734	106.2162	91.6479	51.2112	33.8922
