FluorCam7 Numeric Avg Export File
-----------------------------------
	Area 1	Area 2	Area 3	Area 4	Area 5	Area 6	Area 7	Area 8	Area 9	Area 10	Area 11	Area 12	Area 13	Area 14	Area 15	Area 16	Area 17	Area 18	Area 19	Area 20	Area 21	Area 22	Area 23	Area 24
Size [pixels]	3350	4250	3894	4344	2722	2853	5012	3983	5967	4453	4181	4390	5863	4160	4433	5349	4374	4670	4719	4762	3860	4037	3806	4156
Fo	1778.72	2173.19	1906.68	1953.23	1635.53	1522.30	1930.57	2210.68	2624.85	2536.24	1908.77	1836.41	2200.14	2464.77	2944.43	2638.28	2707.34	2076.70	1765.84	2063.25	2235.98	1873.72	1858.89	1568.29
Fm	5497.25	6831.18	5983.96	6089.60	4857.26	4590.25	6119.76	6955.71	8113.36	7956.82	5987.59	5797.66	6372.86	6943.54	8187.19	7749.60	7686.47	6095.29	5474.41	6258.93	6910.87	5492.09	5772.89	4800.10
Fv	3718.52	4657.99	4077.27	4136.37	3221.73	3067.95	4189.20	4745.02	5488.51	5420.58	4078.81	3961.26	4172.72	4478.77	5242.76	5111.32	4979.13	4018.59	3708.56	4195.68	4674.89	3618.37	3914.00	3231.81
Fm_Lss1	5417.20	6734.04	5860.72	5980.40	4730.30	4485.02	6009.59	6788.44	8017.07	7745.46	5851.28	5577.66	6281.81	6818.52	8061.99	7647.54	7542.76	6008.55	5413.00	6205.89	6800.39	5364.60	5689.18	4705.72
Ft_Lss1	1891.85	2324.98	2019.61	2106.91	1714.57	1583.90	2032.62	2316.57	2771.91	2657.35	1984.08	1898.12	2313.20	2595.69	3100.47	2789.45	2832.09	2164.14	1858.02	2201.55	2344.53	1999.45	1974.67	1691.50
Fo_Lss1	1770.26	2163.27	1893.99	1941.86	1620.88	1510.55	1919.47	2193.51	2614.69	2514.37	1894.70	1813.75	2189.19	2448.83	2928.08	2626.35	2689.29	2066.54	1759.41	2057.45	2224.28	1858.65	1850.12	1558.08
Fv_Lss1	3646.94	4570.78	3966.73	4038.54	3109.42	2974.47	4090.12	4594.93	5402.38	5231.09	3956.58	3763.92	4092.62	4369.69	5133.91	5021.19	4853.47	3942.02	3653.60	4148.44	4576.10	3505.94	3839.06	3147.64
Fq_Lss1	3525.35	4409.06	3841.11	3873.49	3015.73	2901.11	3976.97	4471.87	5245.16	5088.11	3867.20	3679.55	3968.61	4222.83	4961.52	4858.09	4710.67	3844.41	3554.98	4004.34	4455.85	3365.15	3714.51	3014.23
QY_max	0.68	0.68	0.68	0.68	0.66	0.67	0.68	0.68	0.68	0.68	0.68	0.68	0.65	0.65	0.64	0.66	0.65	0.66	0.68	0.67	0.68	0.66	0.68	0.67
Fv/Fm_Lss1	0.67	0.68	0.68	0.68	0.66	0.66	0.68	0.68	0.67	0.68	0.68	0.67	0.65	0.64	0.64	0.66	0.64	0.66	0.67	0.67	0.67	0.65	0.67	0.67
QY_Lss1	0.65	0.65	0.66	0.65	0.64	0.65	0.66	0.66	0.65	0.66	0.66	0.66	0.63	0.62	0.62	0.64	0.62	0.64	0.66	0.65	0.66	0.63	0.65	0.64
NPQ_Lss1	0.01	0.01	0.02	0.02	0.03	0.02	0.02	0.02	0.01	0.03	0.02	0.04	0.01	0.02	0.02	0.01	0.02	0.01	0.01	0.01	0.02	0.02	0.01	0.02
qN_Lss1	0.02	0.02	0.03	0.03	0.04	0.03	0.03	0.04	0.02	0.04	0.03	0.06	0.02	0.03	0.02	0.02	0.03	0.02	0.02	0.01	0.02	0.04	0.02	0.03
qP_Lss1	0.97	0.96	0.97	0.96	0.97	0.98	0.97	0.97	0.97	0.97	0.98	0.98	0.97	0.97	0.97	0.97	0.97	0.98	0.97	0.97	0.97	0.96	0.97	0.96
qL_Lss1	1.03	1.04	1.03	1.04	1.03	1.02	1.03	1.03	1.03	1.03	1.02	1.02	1.02	1.02	1.02	1.03	1.02	1.02	1.03	1.03	1.03	1.03	1.03	1.04
PAR1	10.90	10.90	10.90	10.90	10.90	10.90	10.90	10.90	10.90	10.90	10.90	10.90	10.90	10.90	10.90	10.90	10.90	10.90	10.90	10.90	10.90	10.90	10.90	10.90
ETR1	2.8381	2.8555	2.8583	2.8247	2.7804	2.8210	2.8861	2.8729	2.8533	2.8649	2.8824	2.8771	2.7552	2.7010	2.6840	2.7704	2.7237	2.7904	2.8642	2.8141	2.8576	2.7357	2.8475	2.7935
