FluorCam7 Numeric Avg Export File																									
-----------------------------------																									
	Area 1	Area 2	Area 3	Area 4	Area 5	Area 6	Area 7	Area 8	Area 9	Area 10	Area 11	Area 12	Area 13	Area 14	Area 15	Area 16	Area 17	Area 18	Area 19	Area 20	Area 21	Area 22	Area 23	Area 24
Size [pixels]	1946	2531	2957	3081	1797	1622	2742	1782	2900	1921	2137	2491	1270	2336	2449	2337	782	2445	2261	2715	1555	1623	1717	1491
Fo	3755.79	3585.22	4276.01	4135.98	4097.24	3497.81	3376.71	4165.14	3884.39	3945.89	4014.37	4071.25	2264.16	3678.65	4007.59	4066.13	2616.42	4656.42	2669.53	2841.04	2971.33	2772.36	3340.79	3082.57
Fm	11004.35	9687.5	11353.86	10453.38	9209.22	8287.39	9632.42	9525.28	9263.11	9774.72	8726.07	9864.26	6237.14	9219.83	9617.4	9468.79	5371.29	9941.61	8678.15	8884.54	8584.65	7911.1	7514.94	7440.64
Fv	7248.56	6102.29	7077.85	6317.4	5111.99	4789.58	6255.71	5360.14	5378.72	5828.83	4711.7	5793.01	3972.97	5541.18	5609.81	5402.66	2754.86	5285.18	6008.62	6043.5	5613.33	5138.74	4174.15	4358.07
Fm_Lss1	10782.81	9094.41	11196.45	10440.37	8146.5	7894.29	9462.76	9469.63	9213.92	9897.09	8297.97	9806.98	5708.39	8966.58	9480.69	9434.5	4866.41	9953.83	8425	8527.72	8054	7175.44	6863.31	6920.16
Fm_Lss2	6395.98	6893.32	6818.05	6916.34	5056.49	5206.51	7423.9	5512.86	6461.75	6632.33	5765.61	6536.37	2472.31	6768.22	6829.79	5098.36	2521.36	8090	5888.52	6197.69	5404.95	3583.08	3967.41	4729.24
Fm_Lss3	10067.98	7584.08	10003.48	9501.65	6912.83	7007.35	8937.7	9457.1	8603.43	9314.49	7232.2	9221.98	4803.24	8349.73	8652.62	8824.83	3672.2	9562.79	7483.21	7797.06	6705.23	5827.39	5787.16	5758.82
Fm_Lss4	9304.83	7133.27	9247.06	8489.86	6439.65	6910.82	8421.6	9074.2	7684.41	8197.37	6687.97	8554.95	3785.9	7982.76	8682.67	7735.17	3167.55	9201.04	6747.48	7073.12	6249.95	4941.69	5143.66	5565.97
Fm_Lss5	9130.07	6955.87	9286.84	8169.59	6715.19	7118.49	7963.55	8932.48	7744.86	7922.88	6989.45	8826.6	4176.15	7984.68	8691.03	7882.05	3472.23	9198.72	6471.66	6624.73	6206.5	5137.79	5470.62	5642.03
Fm_Lss6	7351.55	6322.89	7786.63	6680.16	6116.41	6285.21	6868.59	7401.04	6732.35	6539.81	6508.63	7692.31	3203.77	7218.33	7935.24	6601.76	2974.61	8525.35	5428.54	5629.98	5631.96	4007.86	4685.19	5228.68
Fm_Lss7	7385.72	6158.67	8068.56	6586.47	6609.4	6771.75	6578.81	7359.79	6586.01	6474.74	6881.54	8081.91	3375.4	7010.44	8046.25	6518.63	3306.93	8517.53	5260.93	5500.84	5534.83	4168.67	5051.78	5433.02
Fm_Lss8	6896.32	5725.58	7594.53	6168.13	6669.37	6665.57	6210.34	6919.35	6150.9	5964.7	6961.36	7916.97	3255.6	6590.69	7548.04	6024.61	3296.37	8177.27	4876.25	5144.69	5214.85	3849.31	5069.56	5423.75
Fm_Lss9	6621.82	5417.88	7392.48	5983.32	6730.28	6621.46	5860.66	6764.8	5847.76	5665.36	7090.46	7880.11	3305.45	6225.86	7182.54	5904.14	3577.1	8006.34	4710.89	4863.31	5125.79	3759.2	5232.63	5547.5
Fm_Lss10	5195.25	4713.2	5705.22	4760.17	5522.85	5428.64	5011.81	5429.6	4761.2	4359.19	6128.97	6415.5	2369.09	5255.27	6009.26	4558.99	2685.27	6884.81	3834.8	3935.33	4227.47	2721.13	4113.63	4710.94
Fm_Lss11	5828.06	4821.58	6486.83	5454.11	6532.23	6128.85	5252.92	6086.7	5207.06	5003.07	6804.35	7124.09	3135.96	5480.47	6284.7	5371.84	3494.71	7333.98	4228.22	4420.6	4504.7	3465.69	5003.65	5359.18
Fm_Lss12	5749.16	4482.95	6028.95	5084.73	6187.75	5775.93	4930.99	5747.86	4659.94	4558.98	6422.16	6779.38	2803.41	4962.92	5826.77	4823.73	3414.1	6838.16	3850.83	4072.49	4139.3	3080.37	4761.17	5145.05
Fm_Lss13	5186.65	4248.2	5534.77	4784.12	5807.45	5347.95	4604.64	5309.84	4464.43	4180.99	6137.15	6372.16	2635.81	4598.87	5383.01	4508.63	3324.51	6411.84	3585.12	3760.23	3790.59	2911.94	4541	4765.45
Fm_Lss14	5201.77	4046.11	5475.19	4758.05	5732.07	5290.81	4470.6	5238.18	4248.64	4082.87	5963.47	6182.23	2567.04	4399.15	5082.68	4375.14	3434.51	6239.3	3480.15	3709.43	3649.61	2871.79	4539.06	4834.49
Fm_Lss15	4969.14	3915.34	5114.86	4539.85	5464.43	5017.35	4313.41	5087.62	4064.25	3868.63	5711.83	5899.7	2426.16	4181.63	4860.98	4254.73	3310.44	5979.12	3354.24	3571.69	3436.68	2727.32	4401.94	4556.65
Ft_Lss1	4531.12	4882.02	5931.86	5608.11	5806.53	5470.14	4107.49	5120.84	5137.15	5426.76	5813.74	6799.29	2707.92	4520.58	4948.23	4954.43	3020.9	7553.73	3128.66	3496.67	3878.59	3679.41	4835.34	4681.53
Ft_Lss2	4590.8	5029.88	6109.53	6354.41	6104.02	5778.02	4415.51	5750.45	5656.98	6085.17	6490.07	7813.7	2579.16	4694.99	5198.43	5954.37	3084.26	8857.56	3380.19	3995.98	4045.21	3951.63	4991.24	4904.65
Ft_Lss3	5412.79	5166.9	6459.75	6548.71	6306.28	6675.2	4923.27	6219.9	5490.62	6067.99	6724.94	8671.32	2791.78	4843.21	5554.25	5865.82	3233.76	9427.43	3794.09	4345.99	4183.21	3929.93	5290.35	5416.51
Ft_Lss4	5183.44	4836.8	6018.51	6117.37	6451.99	6425.42	4859.99	6151.39	5332.43	5843.7	6779.29	8393.45	2626.91	4813.65	5307.25	5927.22	3140.37	9306.54	3788.5	4382.45	3922.96	3788.61	5199.8	5079.5
Ft_Lss5	5648.34	4927.48	6389.37	6135.93	6902.9	7281.97	5144.98	6331.23	5233.17	5765.69	7168.27	9027.91	2857.81	4933.44	5640.77	5817.86	3433.4	9516.65	4034.55	4515.79	4224.63	3901.61	5558.39	5793
Ft_Lss6	5469.52	4721.27	6149.93	5735.37	6918.72	7222.83	4951.21	5975.98	5004.71	5420.6	7166.36	8812.09	2740.86	4857.71	5505.93	5468.03	3416.41	9167.25	3898.96	4311.73	4127.42	3605.2	5458.22	5737.92
Ft_Lss7	5275.53	4556.9	5993.3	5499.65	7101.69	7179.89	4839.92	5909.01	4940.85	5202.37	7366.07	8675.28	2791.1	4848.64	5457.22	5438.3	3594.69	9002.33	3878.6	4214.07	4051.03	3631.34	5554.56	5800.82
Ft_Lss8	4981.24	4353.43	5691.84	5153.42	7046.5	6944.3	4630.78	5614.16	4695.36	4874.14	7319.8	8279.47	2675.32	4652.18	5249.38	5140.66	3534.13	8593.34	3740.6	3997.15	3859.05	3414.87	5402.5	5651.3
Ft_Lss9	4982.19	4128.41	5453.93	4908.2	6820.8	6739.99	4443.68	5394.28	4364.74	4496.36	7197.62	7955.87	2518.78	4404.13	5059.25	4767.96	3539.83	8071.46	3536.53	3750.48	3670.81	3095.39	5266.83	5598.34
Ft_Lss10	4590.48	3930.36	5091.16	4671.27	6663.51	6290.82	4248.7	5140.01	4239.15	4275.62	6956.94	7432.91	2419.39	4251.72	4786.8	4639.47	3429.31	7643.4	3381.59	3623	3427.58	2998.06	5092.21	5230.13
Ft_Lss11	4685.3	3848.48	5010.17	4562.08	6462.98	6118.9	4164.05	5077.67	4034.62	4085.38	6857.41	7278.75	2367.73	4082.53	4718.68	4411.88	3509.61	7335.74	3320.79	3526.81	3478.74	2916.19	5072.47	5301.5
Ft_Lss12	4368.01	3617.41	4730.16	4410.92	6232.12	5750.48	3987.27	4821.7	3902.22	3886.1	6513.92	6787.56	2266.67	3909.4	4480.26	4323.85	3427.64	6977.19	3147.28	3363.02	3148.19	2742.53	4817.6	4921.21
Ft_Lss13	4389.53	3510.97	4570.4	4299.32	5911.38	5515.89	3885.78	4653.09	3609.63	3731.77	6212.74	6489.65	2148.92	3682.86	4280.92	4045.8	3295.54	6532.43	3030.37	3242	3051.04	2507.35	4653.08	4887.02
Ft_Lss14	4232.84	3461.2	4451.89	4231.49	5843.33	5265.88	3808.31	4649.68	3662.22	3679.17	6090.21	6231.81	2186.02	3626.18	4191.61	4143.47	3435.88	6348.32	3009.09	3193.37	2977.83	2626	4601.06	4709.77
Ft_Lss15	4316.93	3372.74	4421.68	4216.82	5660.17	5111.57	3776.12	4569.83	3520.72	3608.9	5903.39	6057.79	2123.91	3531.01	4042.65	4024.72	3402.8	6092.6	2947.97	3146.12	2994.84	2540.07	4541.66	4757.64
Fo_Lss1	3729.64	3500.73	4253.49	4133.94	3872.48	3425.81	3355.62	4154.46	3875.72	3965.68	3921.3	4061.46	2190.51	3637.66	3983.65	4059.8	2490.56	4659.1	2645.08	2803.53	2905.08	2676.21	3205.5	2989.42
Fo_Lss2	3014.5	3117.54	3419.31	3439.94	3000.79	2798.81	3057.82	3159.57	3286.85	3312.35	3247.3	3364.3	1458.12	3214.13	3425.06	2972.07	1687.37	4205.58	2329.99	2495.14	2468.66	1947.84	2390.54	2490.92
Fo_Lss3	3640.24	3251.48	4069.14	3978.31	3569.66	3247.44	3287.14	4152.05	3763.39	3868.72	3666	3957.49	2042.79	3531.81	3829.65	3942.59	2135.19	4571.6	2544.54	2719.74	2708.56	2463.65	2949.34	2749.86
Fo_Lss4	3535.4	3165.7	3938.1	3789.23	3439.17	3226.55	3214.68	4076.53	3576.3	3661.47	3520.77	3829.36	1833.27	3464.44	3835.53	3709.15	1954.17	4487.26	2453.57	2625.99	2631.13	2290.12	2772.57	2705.11
Fo_Lss5	3509.88	3130.27	3945.3	3724.07	3516.22	3271.1	3145.62	4047.68	3589.33	3605.68	3602.58	3882.85	1920.16	3464.8	3837.16	3742.59	2066.01	4486.71	2416.13	2561.62	2623.4	2331.36	2864.86	2722.95
Fo_Lss6	3211.22	2995.33	3646.81	3380.49	3344.76	3083.27	2959.27	3700.68	3355.46	3289.11	3470.43	3646.33	1685.02	3312.21	3682.31	3427.02	1878.98	4320.27	2254.4	2397.8	2514.96	2066.93	2633.65	2622.88
Fo_Lss7	3217.72	2957.97	3707.48	3356.33	3486.99	3195.91	2904.16	3690.34	3318.7	3272.57	3573.69	3731.6	1731.31	3267.75	3706.04	3404.48	2006.33	4318.26	2224.96	2374.06	2495.4	2108.89	2745.65	2673.32
Fo_Lss8	3121.22	2854.27	3604.11	3244.21	3503.62	3172.06	2830.04	3576.2	3204.48	3136.99	3595.1	3696.04	1699.24	3173.54	3596.69	3264.67	2002.44	4229.04	2153.13	2305.19	2428.23	2023.94	2750.9	2671.07
Fo_Lss9	3063.75	2775.68	3557.96	3192.35	3520.35	3162.04	2755.13	3534.46	3120.21	3052.18	3629.23	3687.99	1712.72	3086.45	3511.55	3228.97	2102.68	4182.86	2120.26	2246.94	2408.74	1998.75	2798.22	2700.74
Fo_Lss10	2718.38	2578.2	3114.63	2807.46	3159.1	2861.76	2551.94	3132.05	2781.51	2627.95	3359.47	3331.98	1421.59	2827.56	3205.56	2780.32	1759.24	3854.79	1922.58	2026.19	2190.05	1661.7	2442.86	2485.83
Fo_Lss11	2882.13	2610.3	3333.94	3035.22	3465.4	3045.16	2613.01	3340.05	2927.98	2849	3552.76	3513.49	1666.07	2891.49	3282.29	3062.98	2073.95	3991.67	2016.65	2147.57	2262.17	1912.63	2731.37	2655.31
Fo_Lss12	2862.7	2507.74	3208.69	2917.28	3365.99	2955.43	2530.82	3235.39	2746.64	2699.27	3445.7	3427.53	1567.29	2740.69	3152.88	2876.6	2045.29	3840.13	1926.6	2061.95	2166.14	1789.12	2657.49	2601.66
Fo_Lss13	2716.03	2432.55	3063.13	2815.77	3250.21	2839.17	2441.99	3091.82	2677.53	2562.12	3361.93	3320.26	1513.49	2625.9	3018.25	2761.51	2012.79	3701.91	1857.71	1978.75	2066.65	1730.96	2587.47	2500.93
Fo_Lss14	2720.17	2364.92	3044.8	2806.72	3226.46	2822.99	2403.76	3067.39	2598.38	2524.94	3309.14	3267.94	1490.56	2559.55	2921.46	2710.85	2052.59	3643.73	1829.13	1964.59	2024.03	1716.7	2586.84	2519.81
Fo_Lss15	2655.17	2319.63	2930.01	2729.33	3139.89	2743.21	2357.57	3015.14	2528.23	2441.33	3230.17	3187.26	1441.94	2484.36	2846.83	2664.13	2007.63	3553.43	1793.74	1925.27	1956.79	1664.01	2541.72	2442.2
Fv_Lss1	7053.17	5593.69	6942.96	6306.43	4274.01	4468.48	6107.14	5315.17	5338.21	5931.41	4376.67	5745.52	3517.88	5328.92	5497.03	5374.71	2375.85	5294.73	5779.91	5724.19	5148.93	4499.23	3657.82	3930.74
Fv_Lss2	3381.48	3775.77	3398.74	3476.4	2055.7	2407.7	4366.08	2353.28	3174.89	3319.97	2518.31	3172.08	1014.19	3554.09	3404.73	2126.29	833.99	3884.42	3558.54	3702.55	2936.3	1635.24	1576.87	2238.32
Fv_Lss3	6427.74	4332.6	5934.34	5523.34	3343.17	3759.91	5650.56	5305.05	4840.04	5445.77	3566.2	5264.49	2760.45	4817.92	4822.97	4882.25	1537.01	4991.19	4938.67	5077.32	3996.68	3363.74	2837.81	3008.95
Fv_Lss4	5769.42	3967.57	5308.96	4700.62	3000.49	3684.27	5206.91	4997.67	4108.12	4535.89	3167.19	4725.59	1952.63	4518.32	4847.14	4026.02	1213.39	4713.78	4293.9	4447.13	3618.82	2651.57	2371.09	2860.86
Fv_Lss5	5620.19	3825.6	5341.54	4445.51	3198.97	3847.38	4817.93	4884.8	4155.53	4317.2	3386.87	4943.75	2255.99	4519.88	4853.87	4139.46	1406.22	4712.01	4055.53	4063.11	3583.1	2806.44	2605.76	2919.08
Fv_Lss6	4140.33	3327.56	4139.82	3299.67	2771.65	3201.95	3909.32	3700.36	3376.89	3250.7	3038.19	4045.99	1518.76	3906.12	4252.93	3174.74	1095.63	4205.08	3174.14	3232.18	3117.01	1940.92	2051.53	2605.8
Fv_Lss7	4167.99	3200.7	4361.08	3230.14	3122.4	3575.84	3674.65	3669.45	3267.31	3202.17	3307.84	4350.32	1644.08	3742.7	4340.21	3114.15	1300.59	4199.27	3035.96	3126.78	3039.43	2059.78	2306.12	2759.71
Fv_Lss8	3775.09	2871.31	3990.42	2923.92	3165.75	3493.51	3380.31	3343.15	2946.42	2827.71	3366.26	4220.93	1556.36	3417.16	3951.34	2759.94	1293.93	3948.22	2723.13	2839.5	2786.63	1825.37	2318.66	2752.68
Fv_Lss9	3558.08	2642.19	3834.51	2790.98	3209.93	3459.43	3105.53	3230.33	2727.55	2613.18	3461.24	4192.12	1592.73	3139.41	3671	2675.18	1474.41	3823.48	2590.63	2616.37	2717.05	1760.45	2434.41	2846.76
Fv_Lss10	2476.87	2135	2590.59	1952.72	2363.75	2566.89	2459.87	2297.55	1979.69	1731.23	2769.5	3083.51	947.5	2427.71	2803.71	1778.67	926.03	3030.01	1912.22	1909.14	2037.42	1059.43	1670.77	2225.11
Fv_Lss11	2945.93	2211.29	3152.89	2418.89	3066.83	3083.7	2639.91	2746.65	2279.08	2154.08	3251.59	3610.6	1469.9	2588.99	3002.4	2308.86	1420.76	3342.3	2211.57	2273.03	2242.53	1553.06	2272.27	2703.87
Fv_Lss12	2886.46	1975.2	2820.25	2167.45	2821.77	2820.5	2400.17	2512.47	1913.29	1859.72	2976.47	3351.84	1236.12	2222.23	2673.89	1947.13	1368.81	2998.03	1924.23	2010.54	1973.16	1291.25	2103.68	2543.38
Fv_Lss13	2470.62	1815.65	2471.63	1968.35	2557.24	2508.78	2162.65	2218.01	1786.9	1618.87	2775.22	3051.9	1122.32	1972.97	2364.76	1747.12	1311.72	2709.94	1727.41	1781.48	1723.94	1180.97	1953.53	2264.52
Fv_Lss14	2481.6	1681.2	2430.39	1951.33	2505.61	2467.82	2066.83	2170.79	1650.26	1557.93	2654.33	2914.28	1076.48	1839.6	2161.22	1664.29	1381.92	2595.57	1651.02	1744.84	1625.59	1155.09	1952.22	2314.67
Fv_Lss15	2313.98	1595.71	2184.85	1810.51	2324.53	2274.14	1955.84	2072.48	1536.02	1427.3	2481.67	2712.44	984.21	1697.27	2014.15	1590.59	1302.81	2425.69	1560.5	1646.42	1479.89	1063.31	1860.22	2114.45
Fq_Lss1	6251.69	4212.39	5264.59	4832.26	2339.96	2424.14	5355.27	4348.79	4076.77	4470.33	2484.24	3007.69	3000.47	4446	4532.46	4480.07	1845.51	2400.1	5296.34	5031.05	4175.42	3496.03	2027.97	2238.63
Fq_Lss2	1805.18	1863.44	708.52	561.93	-1047.53	-571.51	3008.38	-237.59	804.77	547.16	-724.45	-1277.32	-106.85	2073.23	1631.36	-856.01	-562.9	-767.56	2508.33	2201.71	1359.75	-368.55	-1023.83	-175.42
Fq_Lss3	4655.19	2417.18	3543.73	2952.94	606.56	332.14	4014.43	3237.2	3112.8	3246.5	507.26	550.65	2011.46	3506.51	3098.38	2959.01	438.43	135.36	3689.13	3451.07	2522.02	1897.45	496.81	342.3
Fq_Lss4	4121.39	2296.47	3228.54	2372.48	-12.34	485.4	3561.61	2922.81	2351.98	2353.66	-91.33	161.5	1158.99	3169.11	3375.42	1807.95	27.19	-105.5	2958.97	2690.67	2326.99	1153.08	-56.14	486.47
Fq_Lss5	3481.73	2028.39	2897.47	2033.66	-187.7	-163.48	2818.57	2601.26	2511.69	2157.19	-178.83	-201.31	1318.33	3051.24	3050.26	2064.18	38.83	-317.93	2437.11	2108.94	1981.87	1236.18	-87.77	-150.97
Fq_Lss6	1882.03	1601.62	1636.7	944.78	-802.31	-937.61	1917.38	1425.06	1727.63	1119.22	-657.73	-1119.78	462.92	2360.62	2429.31	1133.74	-441.8	-641.9	1529.58	1318.25	1504.54	402.65	-773.03	-509.25
Fq_Lss7	2110.19	1601.77	2075.26	1086.82	-492.29	-408.14	1738.9	1450.78	1645.16	1272.37	-484.53	-593.37	584.29	2161.81	2589.03	1080.33	-287.77	-484.8	1382.32	1286.77	1483.8	537.33	-502.78	-367.8
Fq_Lss8	1915.08	1372.15	1902.69	1014.71	-377.13	-278.73	1579.56	1305.2	1455.54	1090.56	-358.44	-362.5	580.28	1938.51	2298.65	883.95	-237.76	-416.07	1135.65	1147.54	1355.8	434.44	-332.94	-227.55
Fq_Lss9	1639.63	1289.47	1938.54	1075.12	-90.52	-118.53	1416.97	1370.52	1483.02	1169	-107.16	-75.76	786.67	1821.73	2123.29	1136.18	37.27	-65.12	1174.36	1112.83	1454.98	663.81	-34.2	-50.84
Fq_Lss10	604.77	782.84	614.06	88.9	-1140.66	-862.18	763.11	289.59	522.05	83.57	-827.97	-1017.42	-50.29	1003.55	1222.46	-80.48	-744.04	-758.6	453.2	312.33	799.88	-276.93	-978.57	-519.19
Fq_Lss11	1142.76	973.1	1476.65	892.03	69.25	9.96	1088.87	1009.03	1172.44	917.69	-53.06	-154.66	768.23	1397.94	1566.02	959.96	-14.9	-1.76	907.43	893.79	1025.96	549.5	-68.82	57.69
Fq_Lss12	1381.15	865.53	1298.78	673.81	-44.37	25.45	943.72	926.17	757.71	672.88	-91.75	-8.18	536.74	1053.52	1346.51	499.88	-13.54	-139.03	703.55	709.47	991.11	337.83	-56.43	223.84
Fq_Lss13	797.12	737.22	964.36	484.8	-103.93	-167.94	718.86	656.74	854.81	449.22	-75.59	-117.49	486.88	916.01	1102.09	462.83	28.97	-120.59	554.75	518.22	739.55	404.59	-112.08	-121.57
Fq_Lss14	968.93	584.91	1023.3	526.56	-111.26	24.93	662.28	588.51	586.42	403.7	-126.74	-49.58	381.01	772.97	891.07	231.67	-1.37	-109.02	471.06	516.07	671.78	245.78	-62	124.72
Fq_Lss15	652.21	542.61	693.17	323.03	-195.74	-94.22	537.29	517.79	543.54	259.73	-191.55	-158.09	302.25	650.61	818.33	230	-92.36	-113.49	406.27	425.57	441.84	187.25	-139.72	-200.98
QY_max	0.66	0.63	0.62	0.6	0.56	0.58	0.65	0.56	0.58	0.6	0.54	0.59	0.64	0.6	0.58	0.57	0.51	0.53	0.69	0.68	0.65	0.65	0.56	0.59
Fv/Fm_Lss1	0.65	0.62	0.62	0.6	0.52	0.57	0.65	0.56	0.58	0.6	0.53	0.59	0.62	0.59	0.58	0.57	0.49	0.53	0.69	0.67	0.64	0.63	0.53	0.57
Fv/Fm_Lss2	0.53	0.55	0.5	0.5	0.41	0.46	0.59	0.43	0.49	0.5	0.44	0.49	0.41	0.53	0.5	0.42	0.33	0.48	0.6	0.6	0.54	0.46	0.4	0.47
Fv/Fm_Lss3	0.64	0.57	0.59	0.58	0.48	0.54	0.63	0.56	0.56	0.58	0.49	0.57	0.57	0.58	0.56	0.55	0.42	0.52	0.66	0.65	0.6	0.58	0.49	0.52
Fv/Fm_Lss4	0.62	0.56	0.57	0.55	0.47	0.53	0.62	0.55	0.53	0.55	0.47	0.55	0.52	0.57	0.56	0.52	0.38	0.51	0.64	0.63	0.58	0.54	0.46	0.51
Fv/Fm_Lss5	0.62	0.55	0.58	0.54	0.48	0.54	0.6	0.55	0.54	0.54	0.48	0.56	0.54	0.57	0.56	0.53	0.4	0.51	0.63	0.61	0.58	0.55	0.48	0.52
Fv/Fm_Lss6	0.56	0.53	0.53	0.49	0.45	0.51	0.57	0.5	0.5	0.5	0.47	0.53	0.47	0.54	0.54	0.48	0.37	0.49	0.58	0.57	0.55	0.48	0.44	0.5
Fv/Fm_Lss7	0.56	0.52	0.54	0.49	0.47	0.53	0.56	0.5	0.5	0.49	0.48	0.54	0.49	0.53	0.54	0.48	0.39	0.49	0.58	0.57	0.55	0.49	0.46	0.51
Fv/Fm_Lss8	0.55	0.5	0.53	0.47	0.47	0.52	0.54	0.48	0.48	0.47	0.48	0.53	0.48	0.52	0.52	0.46	0.39	0.48	0.56	0.55	0.53	0.47	0.46	0.51
Fv/Fm_Lss9	0.54	0.49	0.52	0.47	0.48	0.52	0.53	0.48	0.47	0.46	0.49	0.53	0.48	0.5	0.51	0.45	0.41	0.48	0.55	0.54	0.53	0.47	0.47	0.51
Fv/Fm_Lss10	0.48	0.45	0.45	0.41	0.43	0.47	0.49	0.42	0.42	0.4	0.45	0.48	0.4	0.46	0.47	0.39	0.34	0.44	0.5	0.49	0.48	0.39	0.41	0.47
Fv/Fm_Lss11	0.51	0.46	0.49	0.44	0.47	0.5	0.5	0.45	0.44	0.43	0.48	0.51	0.47	0.47	0.48	0.43	0.41	0.46	0.52	0.51	0.5	0.45	0.45	0.5
Fv/Fm_Lss12	0.5	0.44	0.47	0.43	0.46	0.49	0.49	0.44	0.41	0.41	0.46	0.49	0.44	0.45	0.46	0.4	0.4	0.44	0.5	0.49	0.48	0.42	0.44	0.49
Fv/Fm_Lss13	0.48	0.43	0.45	0.41	0.44	0.47	0.47	0.42	0.4	0.39	0.45	0.48	0.43	0.43	0.44	0.39	0.39	0.42	0.48	0.47	0.45	0.41	0.43	0.48
Fv/Fm_Lss14	0.48	0.42	0.44	0.41	0.44	0.47	0.46	0.41	0.39	0.38	0.45	0.47	0.42	0.42	0.43	0.38	0.4	0.42	0.47	0.47	0.45	0.4	0.43	0.48
Fv/Fm_Lss15	0.47	0.41	0.43	0.4	0.43	0.45	0.45	0.41	0.38	0.37	0.43	0.46	0.41	0.41	0.41	0.37	0.39	0.41	0.47	0.46	0.43	0.39	0.42	0.46
QY_Lss1	0.58	0.46	0.47	0.46	0.29	0.31	0.57	0.46	0.44	0.45	0.3	0.31	0.53	0.5	0.48	0.47	0.38	0.24	0.63	0.59	0.52	0.49	0.3	0.32
QY_Lss2	0.28	0.27	0.1	0.08	-0.21	-0.11	0.41	-0.04	0.12	0.08	-0.13	-0.2	-0.04	0.31	0.24	-0.17	-0.22	-0.09	0.43	0.36	0.25	-0.1	-0.26	-0.04
QY_Lss3	0.46	0.32	0.35	0.31	0.09	0.05	0.45	0.34	0.36	0.35	0.07	0.06	0.42	0.42	0.36	0.34	0.12	0.01	0.49	0.44	0.38	0.33	0.09	0.06
QY_Lss4	0.44	0.32	0.35	0.28	0	0.07	0.42	0.32	0.31	0.29	-0.01	0.02	0.31	0.4	0.39	0.23	0.01	-0.01	0.44	0.38	0.37	0.23	-0.01	0.09
QY_Lss5	0.38	0.29	0.31	0.25	-0.03	-0.02	0.35	0.29	0.32	0.27	-0.03	-0.02	0.32	0.38	0.35	0.26	0.01	-0.03	0.38	0.32	0.32	0.24	-0.02	-0.03
QY_Lss6	0.26	0.25	0.21	0.14	-0.13	-0.15	0.28	0.19	0.26	0.17	-0.1	-0.15	0.14	0.33	0.31	0.17	-0.15	-0.08	0.28	0.23	0.27	0.1	-0.16	-0.1
QY_Lss7	0.29	0.26	0.26	0.17	-0.07	-0.06	0.26	0.2	0.25	0.2	-0.07	-0.07	0.17	0.31	0.32	0.17	-0.09	-0.06	0.26	0.23	0.27	0.13	-0.1	-0.07
QY_Lss8	0.28	0.24	0.25	0.16	-0.06	-0.04	0.25	0.19	0.24	0.18	-0.05	-0.05	0.18	0.29	0.3	0.15	-0.07	-0.05	0.23	0.22	0.26	0.11	-0.07	-0.04
QY_Lss9	0.25	0.24	0.26	0.18	-0.01	-0.02	0.24	0.2	0.25	0.21	-0.02	-0.01	0.24	0.29	0.3	0.19	0.01	-0.01	0.25	0.23	0.28	0.18	-0.01	-0.01
QY_Lss10	0.12	0.17	0.11	0.02	-0.21	-0.16	0.15	0.05	0.11	0.02	-0.14	-0.16	-0.02	0.19	0.2	-0.02	-0.28	-0.11	0.12	0.08	0.19	-0.1	-0.24	-0.11
QY_Lss11	0.2	0.2	0.23	0.16	0.01	0	0.21	0.17	0.23	0.18	-0.01	-0.02	0.24	0.26	0.25	0.18	0	0	0.21	0.2	0.23	0.16	-0.01	0.01
QY_Lss12	0.24	0.19	0.22	0.13	-0.01	0	0.19	0.16	0.16	0.15	-0.01	0	0.19	0.21	0.23	0.1	0	-0.02	0.18	0.17	0.24	0.11	-0.01	0.04
QY_Lss13	0.15	0.17	0.17	0.1	-0.02	-0.03	0.16	0.12	0.19	0.11	-0.01	-0.02	0.18	0.2	0.2	0.1	0.01	-0.02	0.15	0.14	0.2	0.14	-0.02	-0.03
QY_Lss14	0.19	0.14	0.19	0.11	-0.02	0	0.15	0.11	0.14	0.1	-0.02	-0.01	0.15	0.18	0.18	0.05	0	-0.02	0.14	0.14	0.18	0.09	-0.01	0.03
QY_Lss15	0.13	0.14	0.14	0.07	-0.04	-0.02	0.12	0.1	0.13	0.07	-0.03	-0.03	0.12	0.16	0.17	0.05	-0.03	-0.02	0.12	0.12	0.13	0.07	-0.03	-0.04
NPQ_Lss1	0.02	0.07	0.01	0	0.13	0.05	0.02	0.01	0.01	-0.01	0.05	0.01	0.09	0.03	0.01	0	0.1	0	0.03	0.04	0.07	0.1	0.09	0.08
NPQ_Lss2	0.72	0.41	0.67	0.51	0.82	0.59	0.3	0.73	0.43	0.47	0.51	0.51	1.52	0.36	0.41	0.86	1.13	0.23	0.47	0.43	0.59	1.21	0.89	0.57
NPQ_Lss3	0.09	0.28	0.13	0.1	0.33	0.18	0.08	0.01	0.08	0.05	0.21	0.07	0.3	0.1	0.11	0.07	0.46	0.04	0.16	0.14	0.28	0.36	0.3	0.29
NPQ_Lss4	0.18	0.36	0.23	0.23	0.43	0.2	0.14	0.05	0.21	0.19	0.3	0.15	0.65	0.15	0.11	0.22	0.7	0.08	0.29	0.26	0.37	0.6	0.46	0.34
NPQ_Lss5	0.21	0.39	0.22	0.28	0.37	0.16	0.21	0.07	0.2	0.23	0.25	0.12	0.49	0.15	0.11	0.2	0.55	0.08	0.34	0.34	0.38	0.54	0.37	0.32
NPQ_Lss6	0.5	0.53	0.46	0.56	0.51	0.32	0.4	0.29	0.38	0.49	0.34	0.28	0.95	0.28	0.21	0.43	0.81	0.17	0.6	0.58	0.52	0.97	0.6	0.42
NPQ_Lss7	0.49	0.57	0.41	0.59	0.39	0.22	0.46	0.29	0.41	0.51	0.27	0.22	0.85	0.32	0.2	0.45	0.62	0.17	0.65	0.62	0.55	0.9	0.49	0.37
NPQ_Lss8	0.6	0.69	0.5	0.69	0.38	0.24	0.55	0.38	0.51	0.64	0.25	0.25	0.92	0.4	0.27	0.57	0.63	0.22	0.78	0.73	0.65	1.06	0.48	0.37
NPQ_Lss9	0.66	0.79	0.54	0.75	0.37	0.25	0.64	0.41	0.58	0.73	0.23	0.25	0.89	0.48	0.34	0.6	0.5	0.24	0.84	0.83	0.67	1.1	0.44	0.34
NPQ_Lss10	1.12	1.06	0.99	1.2	0.67	0.53	0.92	0.75	0.95	1.24	0.42	0.54	1.63	0.75	0.6	1.08	1	0.44	1.26	1.26	1.03	1.91	0.83	0.58
NPQ_Lss11	0.89	1.01	0.75	0.92	0.41	0.35	0.83	0.56	0.78	0.95	0.28	0.38	0.99	0.68	0.53	0.76	0.54	0.36	1.05	1.01	0.91	1.28	0.5	0.39
NPQ_Lss12	0.91	1.16	0.88	1.06	0.49	0.43	0.95	0.66	0.99	1.14	0.36	0.46	1.22	0.86	0.65	0.96	0.57	0.45	1.25	1.18	1.07	1.57	0.58	0.45
NPQ_Lss13	1.12	1.28	1.05	1.19	0.59	0.55	1.09	0.79	1.07	1.34	0.42	0.55	1.37	1	0.79	1.1	0.62	0.55	1.42	1.36	1.26	1.72	0.65	0.56
NPQ_Lss14	1.12	1.39	1.07	1.2	0.61	0.57	1.15	0.82	1.18	1.39	0.46	0.6	1.43	1.1	0.89	1.16	0.56	0.59	1.49	1.4	1.35	1.75	0.66	0.54
NPQ_Lss15	1.21	1.47	1.22	1.3	0.69	0.65	1.23	0.87	1.28	1.53	0.53	0.67	1.57	1.2	0.98	1.23	0.62	0.66	1.59	1.49	1.5	1.9	0.71	0.63
qN_Lss1	0.03	0.1	0.02	0	0.2	0.08	0.03	0.01	0.01	-0.02	0.09	0.01	0.13	0.05	0.02	0.01	0.18	0	0.04	0.06	0.09	0.14	0.15	0.12
qN_Lss2	0.58	0.43	0.57	0.5	0.67	0.56	0.34	0.63	0.47	0.49	0.54	0.51	0.79	0.41	0.45	0.67	0.77	0.32	0.44	0.42	0.52	0.73	0.69	0.55
qN_Lss3	0.13	0.33	0.19	0.15	0.41	0.25	0.11	0.01	0.12	0.08	0.3	0.11	0.34	0.15	0.17	0.12	0.53	0.07	0.19	0.18	0.32	0.38	0.38	0.36
qN_Lss4	0.23	0.39	0.28	0.29	0.48	0.27	0.19	0.08	0.28	0.26	0.39	0.22	0.56	0.21	0.16	0.3	0.64	0.14	0.31	0.29	0.39	0.53	0.5	0.4
qN_Lss5	0.25	0.42	0.28	0.34	0.44	0.23	0.26	0.11	0.27	0.3	0.34	0.17	0.48	0.21	0.16	0.28	0.57	0.14	0.35	0.36	0.4	0.5	0.44	0.38
qN_Lss6	0.47	0.5	0.46	0.53	0.53	0.38	0.41	0.36	0.43	0.5	0.42	0.35	0.67	0.34	0.28	0.47	0.69	0.25	0.51	0.5	0.49	0.67	0.58	0.46
qN_Lss7	0.46	0.52	0.43	0.54	0.45	0.3	0.45	0.37	0.45	0.51	0.36	0.29	0.64	0.37	0.27	0.49	0.61	0.25	0.53	0.52	0.5	0.65	0.52	0.42
qN_Lss8	0.52	0.58	0.49	0.59	0.45	0.32	0.5	0.44	0.51	0.57	0.34	0.32	0.66	0.43	0.34	0.56	0.62	0.31	0.58	0.57	0.55	0.69	0.51	0.42
qN_Lss9	0.55	0.62	0.51	0.62	0.44	0.33	0.55	0.46	0.56	0.61	0.32	0.32	0.65	0.49	0.4	0.57	0.55	0.34	0.6	0.61	0.56	0.7	0.48	0.4
qN_Lss10	0.7	0.7	0.69	0.74	0.61	0.53	0.65	0.64	0.69	0.76	0.48	0.53	0.8	0.62	0.56	0.73	0.74	0.5	0.72	0.72	0.68	0.83	0.67	0.55
qN_Lss11	0.64	0.69	0.61	0.67	0.47	0.41	0.62	0.56	0.64	0.69	0.37	0.43	0.68	0.59	0.53	0.64	0.57	0.44	0.67	0.66	0.65	0.74	0.52	0.43
qN_Lss12	0.65	0.72	0.65	0.71	0.52	0.47	0.66	0.6	0.71	0.74	0.44	0.48	0.74	0.66	0.59	0.7	0.59	0.51	0.71	0.71	0.69	0.79	0.57	0.47
qN_Lss13	0.7	0.75	0.7	0.74	0.57	0.54	0.7	0.66	0.73	0.78	0.48	0.53	0.76	0.7	0.64	0.74	0.61	0.57	0.75	0.74	0.74	0.81	0.6	0.54
qN_Lss14	0.7	0.77	0.71	0.74	0.58	0.55	0.71	0.66	0.75	0.79	0.51	0.56	0.77	0.72	0.68	0.75	0.58	0.59	0.76	0.75	0.75	0.81	0.6	0.53
qN_Lss15	0.72	0.78	0.74	0.77	0.62	0.59	0.73	0.68	0.77	0.81	0.55	0.59	0.79	0.75	0.7	0.77	0.61	0.62	0.77	0.76	0.78	0.83	0.63	0.58
qP_Lss1	0.89	0.75	0.76	0.77	0.55	0.54	0.88	0.82	0.76	0.75	0.57	0.52	0.85	0.83	0.82	0.83	0.78	0.45	0.92	0.88	0.81	0.78	0.55	0.57
qP_Lss2	0.53	0.49	0.21	0.16	-0.51	-0.24	0.69	-0.1	0.25	0.16	-0.29	-0.4	-0.11	0.58	0.48	-0.4	-0.67	-0.2	0.7	0.59	0.46	-0.23	-0.65	-0.08
qP_Lss3	0.72	0.56	0.6	0.53	0.18	0.09	0.71	0.61	0.64	0.6	0.14	0.1	0.73	0.73	0.64	0.61	0.29	0.03	0.75	0.68	0.63	0.56	0.18	0.11
qP_Lss4	0.71	0.58	0.61	0.5	0	0.13	0.68	0.58	0.57	0.52	-0.03	0.03	0.59	0.7	0.7	0.45	0.02	-0.02	0.69	0.61	0.64	0.43	-0.02	0.17
qP_Lss5	0.62	0.53	0.54	0.46	-0.06	-0.04	0.59	0.53	0.6	0.5	-0.05	-0.04	0.58	0.68	0.63	0.5	0.03	-0.07	0.6	0.52	0.55	0.44	-0.03	-0.05
qP_Lss6	0.45	0.48	0.4	0.29	-0.29	-0.29	0.49	0.39	0.51	0.34	-0.22	-0.28	0.3	0.6	0.57	0.36	-0.4	-0.15	0.48	0.41	0.48	0.21	-0.38	-0.2
qP_Lss7	0.51	0.5	0.48	0.34	-0.16	-0.11	0.47	0.4	0.5	0.4	-0.15	-0.14	0.36	0.58	0.6	0.35	-0.22	-0.12	0.46	0.41	0.49	0.26	-0.22	-0.13
qP_Lss8	0.51	0.48	0.48	0.35	-0.12	-0.08	0.47	0.39	0.49	0.39	-0.11	-0.09	0.37	0.57	0.58	0.32	-0.18	-0.11	0.42	0.4	0.49	0.24	-0.14	-0.08
qP_Lss9	0.46	0.49	0.51	0.39	-0.03	-0.03	0.46	0.42	0.54	0.45	-0.03	-0.02	0.49	0.58	0.58	0.42	0.03	-0.02	0.45	0.43	0.54	0.38	-0.01	-0.02
qP_Lss10	0.24	0.37	0.24	0.05	-0.48	-0.34	0.31	0.13	0.26	0.05	-0.3	-0.33	-0.05	0.41	0.44	-0.05	-0.8	-0.25	0.24	0.16	0.39	-0.26	-0.59	-0.23
qP_Lss11	0.39	0.44	0.47	0.37	0.02	0	0.41	0.37	0.51	0.43	-0.02	-0.04	0.52	0.54	0.52	0.42	-0.01	0	0.41	0.39	0.46	0.35	-0.03	0.02
qP_Lss12	0.48	0.44	0.46	0.31	-0.02	0.01	0.39	0.37	0.4	0.36	-0.03	0	0.43	0.47	0.5	0.26	-0.01	-0.05	0.37	0.35	0.5	0.26	-0.03	0.09
qP_Lss13	0.32	0.41	0.39	0.25	-0.04	-0.07	0.33	0.3	0.48	0.28	-0.03	-0.04	0.43	0.46	0.47	0.26	0.02	-0.04	0.32	0.29	0.43	0.34	-0.06	-0.05
qP_Lss14	0.39	0.35	0.42	0.27	-0.04	0.01	0.32	0.27	0.36	0.26	-0.05	-0.02	0.35	0.42	0.41	0.14	0	-0.04	0.29	0.3	0.41	0.21	-0.03	0.05
qP_Lss15	0.28	0.34	0.32	0.18	-0.08	-0.04	0.27	0.25	0.35	0.18	-0.08	-0.06	0.31	0.38	0.41	0.14	-0.07	-0.05	0.26	0.26	0.3	0.18	-0.08	-0.1
qL_Lss1	1.08	1.05	1.06	1.04	0.82	0.87	1.07	1.01	1.01	1.03	0.84	0.88	1.05	1.04	1.02	1.02	0.94	0.73	1.08	1.1	1.08	1.07	0.84	0.89
qL_Lss2	0.81	0.8	0.37	0.3	-1.04	-0.49	0.99	-0.18	0.44	0.3	-0.57	-0.94	-0.19	0.85	0.73	-0.81	-1.23	-0.42	1.02	0.95	0.76	-0.46	-1.36	-0.15
qL_Lss3	1.08	0.89	0.95	0.88	0.32	0.18	1.06	0.91	0.94	0.94	0.26	0.23	1	1	0.93	0.9	0.43	0.06	1.11	1.09	0.97	0.9	0.31	0.22
qL_Lss4	1.05	0.88	0.93	0.81	-0.01	0.26	1.03	0.88	0.85	0.83	-0.06	0.07	0.85	0.97	0.96	0.72	0.04	-0.05	1.06	1.01	0.96	0.72	-0.04	0.32
qL_Lss5	1	0.83	0.88	0.75	-0.12	-0.09	0.96	0.83	0.88	0.8	-0.11	-0.09	0.87	0.96	0.92	0.78	0.05	-0.14	1	0.92	0.89	0.74	-0.07	-0.11
qL_Lss6	0.77	0.76	0.67	0.49	-0.6	-0.69	0.82	0.62	0.76	0.57	-0.45	-0.67	0.5	0.89	0.85	0.57	-0.73	-0.32	0.83	0.73	0.79	0.36	-0.78	-0.43
qL_Lss7	0.83	0.77	0.77	0.55	-0.32	-0.26	0.79	0.63	0.75	0.63	-0.3	-0.32	0.57	0.86	0.88	0.55	-0.4	-0.24	0.79	0.73	0.79	0.45	-0.44	-0.29
qL_Lss8	0.81	0.73	0.75	0.55	-0.24	-0.17	0.76	0.61	0.72	0.6	-0.22	-0.19	0.59	0.83	0.85	0.5	-0.32	-0.21	0.72	0.7	0.77	0.4	-0.28	-0.17
qL_Lss9	0.75	0.73	0.77	0.59	-0.05	-0.07	0.74	0.65	0.76	0.66	-0.06	-0.04	0.73	0.83	0.83	0.63	0.04	-0.03	0.76	0.71	0.82	0.58	-0.03	-0.04
qL_Lss10	0.41	0.56	0.39	0.08	-1.02	-0.74	0.52	0.21	0.4	0.08	-0.62	-0.74	-0.09	0.62	0.65	-0.08	-1.57	-0.5	0.42	0.29	0.61	-0.47	-1.22	-0.49
qL_Lss11	0.63	0.65	0.7	0.55	0.04	0.01	0.66	0.56	0.71	0.61	-0.03	-0.09	0.74	0.76	0.75	0.6	-0.02	0	0.68	0.65	0.7	0.54	-0.06	0.04
qL_Lss12	0.73	0.63	0.68	0.47	-0.03	0.02	0.62	0.55	0.56	0.52	-0.06	0	0.63	0.68	0.72	0.39	-0.02	-0.08	0.6	0.58	0.73	0.4	-0.05	0.17
qL_Lss13	0.52	0.59	0.58	0.38	-0.07	-0.13	0.53	0.45	0.64	0.4	-0.05	-0.08	0.62	0.65	0.66	0.39	0.04	-0.08	0.52	0.48	0.63	0.5	-0.1	-0.1
qL_Lss14	0.61	0.51	0.62	0.41	-0.08	0.02	0.51	0.41	0.5	0.38	-0.09	-0.03	0.52	0.6	0.59	0.21	0	-0.07	0.47	0.48	0.61	0.33	-0.06	0.1
qL_Lss15	0.46	0.49	0.48	0.28	-0.15	-0.08	0.44	0.38	0.49	0.27	-0.14	-0.11	0.45	0.54	0.58	0.22	-0.12	-0.08	0.43	0.42	0.46	0.27	-0.13	-0.19
PAR1	59.15	59.15	59.15	59.15	59.15	59.15	59.15	59.15	59.15	59.15	59.15	59.15	59.15	59.15	59.15	59.15	59.15	59.15	59.15	59.15	59.15	59.15	59.15	59.15
PAR2	179.76	179.76	179.76	179.76	179.76	179.76	179.76	179.76	179.76	179.76	179.76	179.76	179.76	179.76	179.76	179.76	179.76	179.76	179.76	179.76	179.76	179.76	179.76	179.76
PAR3	300.37	300.37	300.37	300.37	300.37	300.37	300.37	300.37	300.37	300.37	300.37	300.37	300.37	300.37	300.37	300.37	300.37	300.37	300.37	300.37	300.37	300.37	300.37	300.37
PAR4	420.98	420.98	420.98	420.98	420.98	420.98	420.98	420.98	420.98	420.98	420.98	420.98	420.98	420.98	420.98	420.98	420.98	420.98	420.98	420.98	420.98	420.98	420.98	420.98
PAR5	541.59	541.59	541.59	541.59	541.59	541.59	541.59	541.59	541.59	541.59	541.59	541.59	541.59	541.59	541.59	541.59	541.59	541.59	541.59	541.59	541.59	541.59	541.59	541.59
PAR6	662.2	662.2	662.2	662.2	662.2	662.2	662.2	662.2	662.2	662.2	662.2	662.2	662.2	662.2	662.2	662.2	662.2	662.2	662.2	662.2	662.2	662.2	662.2	662.2
PAR7	782.81	782.81	782.81	782.81	782.81	782.81	782.81	782.81	782.81	782.81	782.81	782.81	782.81	782.81	782.81	782.81	782.81	782.81	782.81	782.81	782.81	782.81	782.81	782.81
PAR8	903.42	903.42	903.42	903.42	903.42	903.42	903.42	903.42	903.42	903.42	903.42	903.42	903.42	903.42	903.42	903.42	903.42	903.42	903.42	903.42	903.42	903.42	903.42	903.42
PAR9	1024.03	1024.03	1024.03	1024.03	1024.03	1024.03	1024.03	1024.03	1024.03	1024.03	1024.03	1024.03	1024.03	1024.03	1024.03	1024.03	1024.03	1024.03	1024.03	1024.03	1024.03	1024.03	1024.03	1024.03
PAR10	1144.64	1144.64	1144.64	1144.64	1144.64	1144.64	1144.64	1144.64	1144.64	1144.64	1144.64	1144.64	1144.64	1144.64	1144.64	1144.64	1144.64	1144.64	1144.64	1144.64	1144.64	1144.64	1144.64	1144.64
PAR11	1265.25	1265.25	1265.25	1265.25	1265.25	1265.25	1265.25	1265.25	1265.25	1265.25	1265.25	1265.25	1265.25	1265.25	1265.25	1265.25	1265.25	1265.25	1265.25	1265.25	1265.25	1265.25	1265.25	1265.25
PAR12	1385.86	1385.86	1385.86	1385.86	1385.86	1385.86	1385.86	1385.86	1385.86	1385.86	1385.86	1385.86	1385.86	1385.86	1385.86	1385.86	1385.86	1385.86	1385.86	1385.86	1385.86	1385.86	1385.86	1385.86
PAR13	1506.47	1506.47	1506.47	1506.47	1506.47	1506.47	1506.47	1506.47	1506.47	1506.47	1506.47	1506.47	1506.47	1506.47	1506.47	1506.47	1506.47	1506.47	1506.47	1506.47	1506.47	1506.47	1506.47	1506.47
PAR14	1627.08	1627.08	1627.08	1627.08	1627.08	1627.08	1627.08	1627.08	1627.08	1627.08	1627.08	1627.08	1627.08	1627.08	1627.08	1627.08	1627.08	1627.08	1627.08	1627.08	1627.08	1627.08	1627.08	1627.08
PAR15	1747.69	1747.69	1747.69	1747.69	1747.69	1747.69	1747.69	1747.69	1747.69	1747.69	1747.69	1747.69	1747.69	1747.69	1747.69	1747.69	1747.69	1747.69	1747.69	1747.69	1747.69	1747.69	1747.69	1747.69
ETR1	13.717	10.9584	11.1244	10.9503	6.7957	7.265	13.3893	10.865	10.468	10.6862	7.0829	7.2559	12.4356	11.731	11.3106	11.2346	8.9722	5.7047	14.873	13.9578	12.2654	11.5271	6.9907	7.6535
ETR2	20.2936	19.4372	7.472	5.8418	-14.8958	-7.8926	29.1372	-3.0989	8.955	5.9319	-9.0346	-14.0511	-3.1075	22.0252	17.1746	-12.0724	-16.0524	-6.822	30.6284	25.5432	18.0889	-7.3958	-18.5553	-2.667
ETR3	55.553	38.293	42.5619	37.3394	10.5421	5.6948	53.9648	41.1267	43.4703	41.8763	8.4271	7.1741	50.314	50.4563	43.0228	40.2858	14.3446	1.7006	59.2308	53.1784	45.1904	39.121	10.3142	7.1415
ETR4	74.5854	54.2114	58.7924	47.0567	-0.3227	11.8275	71.2148	54.2388	51.5396	48.3491	-2.2994	3.1788	51.5502	66.8502	65.4625	39.3581	1.4452	-1.9308	73.8445	64.0571	62.6955	39.2919	-1.8379	14.7174
ETR5	82.6132	63.1724	67.5895	53.9269	-6.0553	-4.9753	76.6743	63.0869	70.2556	58.984	-5.5427	-4.9409	68.3876	82.7842	76.0315	56.7333	2.4224	-7.4873	81.5807	68.9642	69.1762	52.1236	-3.4755	-5.7966
ETR6	67.8103	67.0951	55.6758	37.4622	-34.7448	-39.514	73.9414	51.002	67.9724	45.331	-26.7675	-38.5588	38.2726	86.6238	81.0906	45.4883	-39.3404	-19.9435	74.6341	62.0211	70.7605	26.6113	-43.7036	-25.7979
ETR7	89.463	81.4382	80.5364	51.6679	-23.3224	-18.8721	82.764	61.7234	78.2167	61.5328	-22.0469	-22.9893	54.2028	96.5575	100.753	51.8938	-27.2478	-17.8221	82.2739	73.2465	83.9432	40.3608	-31.164	-21.1974
ETR8	100.3501	86.6024	90.5349	59.448	-20.4342	-15.1112	91.9112	68.1645	85.5133	66.0707	-18.6067	-16.5462	64.4098	106.2885	110.0495	53.0208	-26.0647	-18.387	84.1603	80.6042	93.951	40.7845	-23.7323	-15.161
ETR9	101.424	97.4887	107.413	73.6015	-5.5089	-7.3323	99.0345	82.9854	103.8795	84.5199	-6.1905	-3.9379	97.4841	119.8552	121.0886	78.8249	4.2674	-3.3317	102.1104	93.7279	116.27	72.3304	-2.6773	-3.7539
ETR10	53.2984	76.0471	49.2794	8.551	-94.5632	-72.7165	69.7144	24.4201	50.2025	8.7775	-61.8521	-72.6099	-9.7193	87.4323	93.141	-8.0827	-126.8633	-50.4483	54.1101	36.3376	86.6312	-46.5959	-108.9172	-50.4595
ETR11	99.2351	102.1422	115.2078	82.7734	5.3654	0.8222	104.9082	83.899	113.9553	92.8316	-3.9465	-10.9874	123.9819	129.0942	126.1096	90.4409	-2.1575	-0.1215	108.6153	102.3268	115.2654	80.2438	-6.9609	5.4476
ETR12	133.1727	107.0284	119.4191	73.4599	-3.9751	2.4423	106.0934	89.3226	90.1372	81.8181	-7.9198	-0.669	106.1348	117.675	128.1032	57.4459	-2.1981	-11.2707	101.2791	96.5726	132.7309	60.7966	-6.5703	24.1171
ETR13	92.6102	104.5716	104.9931	61.063	-10.7841	-18.9223	94.0738	74.5305	115.3775	64.7437	-7.4218	-11.1103	111.3094	120.0245	123.3702	61.8577	5.2505	-11.333	93.2427	83.0468	117.5659	83.7239	-14.8728	-15.3726
ETR14	121.2294	94.0846	121.6391	72.0261	-12.633	3.0665	96.4156	73.1203	89.8318	64.3518	-13.8323	-5.2194	96.5991	114.3573	114.1004	34.4626	-0.2595	-11.3718	88.0943	90.5455	119.7972	55.7016	-8.89	16.7904
ETR15	91.7551	96.8811	94.7396	49.7418	-25.0417	-13.1273	87.0786	71.148	93.4916	46.9339	-23.444	-18.7322	87.0907	108.7683	117.6867	37.7908	-19.5048	-13.2687	84.6736	83.2946	89.8779	47.9967	-22.1884	-30.8346