FluorCam7 Numeric Avg Export File
-----------------------------------
	Area 1	Area 2	Area 3	Area 4	Area 5	Area 6	Area 7	Area 8	Area 9	Area 10	Area 11	Area 12	Area 13	Area 14	Area 15	Area 16	Area 17	Area 18	Area 19	Area 20	Area 21	Area 22	Area 23	Area 24
Size [pixels]	4406	4073	3043	4286	3110	2905	2167	4291	3641	3539	4839	3497	4184	4298	5079	3992	5209	2999	5813	3009	2041	4600	4640	4967
Fo	2031.59	2363.90	1925.67	2267.28	2254.68	1571.33	1443.33	2019.60	1751.09	2151.19	1958.50	1881.70	1864.05	2344.17	2561.49	2281.33	2380.46	1719.30	1804.78	1538.65	1799.40	1953.15	1955.19	1688.62
Fm	6319.47	7330.13	5762.22	6799.36	6596.73	4772.68	4617.50	6483.57	5756.50	6627.38	6198.42	5895.35	6250.53	7604.86	8301.36	7475.58	7743.34	5761.38	5986.96	5077.43	5714.03	6333.79	6354.94	5477.41
Fv	4287.88	4966.23	3836.55	4532.08	4342.06	3201.35	3174.17	4463.97	4005.41	4476.20	4239.93	4013.65	4386.48	5260.69	5739.87	5194.25	5362.89	4042.08	4182.18	3538.78	3914.63	4380.64	4399.75	3788.79
Fm_Lss1	6281.36	7345.01	5776.52	6821.10	6519.02	4763.25	4563.02	6349.13	5701.38	6485.25	6138.07	5845.04	6192.90	7548.74	8236.00	7399.43	7665.26	5670.00	5528.88	5011.48	5705.81	6272.39	6219.54	5372.45
Ft_Lss1	2158.47	2494.84	2020.81	2390.34	2387.36	1632.24	1551.68	2123.01	1879.44	2271.34	2092.75	2029.85	1976.36	2486.17	2696.05	2404.53	2529.55	1837.24	1808.62	1644.03	1897.91	2069.10	2073.48	1776.76
Fo_Lss1	2027.63	2365.44	1927.27	2269.69	2245.53	1570.30	1437.97	2006.37	1745.96	2135.99	1952.43	1876.54	1858.89	2338.81	2555.23	2274.19	2373.03	1711.07	1760.80	1532.54	1798.58	1947.27	1942.18	1678.51
Fv_Lss1	4253.72	4979.56	3849.25	4551.40	4273.49	3192.95	3125.05	4342.76	3955.42	4349.26	4185.64	3968.49	4334.01	5209.93	5680.77	5125.24	5292.23	3958.93	3768.08	3478.95	3907.23	4325.12	4277.36	3693.93
Fq_Lss1	4122.89	4850.17	3755.71	4430.75	4131.66	3131.02	3011.34	4226.12	3821.93	4213.91	4045.31	3815.18	4216.54	5062.56	5539.95	4994.90	5135.71	3832.76	3720.26	3367.45	3807.90	4203.28	4146.06	3595.69
QY_max	0.68	0.68	0.67	0.67	0.66	0.67	0.69	0.69	0.70	0.68	0.68	0.68	0.70	0.69	0.69	0.69	0.69	0.70	0.70	0.70	0.69	0.69	0.69	0.69
Fv/Fm_Lss1	0.68	0.68	0.67	0.67	0.66	0.67	0.68	0.68	0.69	0.67	0.68	0.68	0.70	0.69	0.69	0.69	0.69	0.70	0.68	0.69	0.68	0.69	0.69	0.69
QY_Lss1	0.66	0.66	0.65	0.65	0.63	0.66	0.66	0.67	0.67	0.65	0.66	0.65	0.68	0.67	0.67	0.68	0.67	0.68	0.67	0.67	0.67	0.67	0.67	0.67
NPQ_Lss1	0.01	-0.00	-0.00	-0.00	0.01	0.00	0.01	0.02	0.01	0.02	0.01	0.01	0.01	0.01	0.01	0.01	0.01	0.02	0.08	0.01	0.00	0.01	0.02	0.02
qN_Lss1	0.01	-0.00	-0.00	-0.00	0.02	0.00	0.02	0.03	0.01	0.03	0.01	0.01	0.01	0.01	0.01	0.01	0.01	0.02	0.11	0.02	0.00	0.01	0.03	0.03
qP_Lss1	0.97	0.97	0.98	0.97	0.97	0.98	0.96	0.97	0.97	0.97	0.97	0.96	0.97	0.97	0.98	0.97	0.97	0.97	0.99	0.97	0.97	0.97	0.97	0.97
qL_Lss1	1.03	1.03	1.02	1.03	1.03	1.02	1.04	1.03	1.04	1.03	1.04	1.04	1.03	1.03	1.03	1.03	1.03	1.04	1.01	1.04	1.03	1.03	1.03	1.03
PAR1	10.90	10.90	10.90	10.90	10.90	10.90	10.90	10.90	10.90	10.90	10.90	10.90	10.90	10.90	10.90	10.90	10.90	10.90	10.90	10.90	10.90	10.90	10.90	10.90
ETR1	2.8626	2.8799	2.8355	2.8329	2.7641	2.8667	2.8782	2.9029	2.9235	2.8338	2.8743	2.8467	2.9694	2.9248	2.9336	2.9440	2.9220	2.9481	2.9346	2.9305	2.9105	2.9225	2.9073	2.9189
