FluorCam7 Numeric Avg Export File
-----------------------------------
	Area 1	Area 2	Area 3	Area 4	Area 5	Area 6	Area 7	Area 8	Area 9	Area 10	Area 11	Area 12	Area 13	Area 14	Area 15	Area 16	Area 17	Area 18	Area 19	Area 20	Area 21	Area 22	Area 23	Area 24
Size [pixels]	4770	4315	3372	3949	2948	1335	2553	4592	3947	3510	4900	2993	4335	4237	5092	3584	4660	2173	5443	3258	2239	4369	4578	4367
Fo	1863.69	2146.31	1735.78	1865.06	2651.11	1708.61	1278.29	1809.95	1529.44	1849.25	2420.61	2457.84	1645.01	2034.16	2185.57	1987.99	2634.73	2327.73	1478.89	1390.86	1542.93	1639.80	2309.29	2411.74
Fm	5170.28	5735.80	4566.85	4075.10	4291.40	2145.82	3704.23	5257.18	4294.68	4367.66	4339.76	3447.71	4755.35	5299.57	5512.63	4274.49	4374.92	2841.94	4434.96	4059.67	4352.52	4089.46	4366.10	3339.21
Fv	3306.59	3589.49	2831.07	2210.03	1640.29	437.21	2425.93	3447.23	2765.24	2518.41	1919.15	989.87	3110.35	3265.40	3327.06	2286.50	1740.18	514.21	2956.07	2668.80	2809.59	2449.66	2056.81	927.47
Fm_Lss1	5138.60	5691.76	4544.63	3901.76	4259.31	2129.60	3711.34	5185.69	4240.61	4161.46	4351.70	3428.51	4659.88	4973.68	5174.29	3963.59	4388.01	2859.86	4439.60	4038.94	4315.92	3931.25	4376.23	3357.22
Ft_Lss1	1969.74	2253.84	1822.56	1947.24	2930.58	1763.73	1368.93	1920.27	1654.67	2017.87	2839.20	2649.02	1782.96	2168.13	2285.49	2159.54	2915.91	2403.57	1563.70	1486.03	1645.22	1774.21	2662.74	2560.74
Fo_Lss1	1859.55	2140.12	1732.56	1827.90	2638.83	1698.31	1279.14	1801.40	1522.53	1811.25	2424.32	2448.06	1633.43	1984.26	2130.34	1918.02	2639.47	2339.74	1479.41	1388.42	1538.31	1613.75	2312.12	2421.12
Fv_Lss1	3279.05	3551.65	2812.07	2073.86	1620.48	431.29	2432.21	3384.29	2718.09	2350.21	1927.38	980.45	3026.45	2989.42	3043.95	2045.56	1748.53	520.12	2960.20	2650.52	2777.61	2317.50	2064.11	936.10
Fq_Lss1	3168.86	3437.92	2722.07	1954.52	1328.73	365.87	2342.41	3265.42	2585.94	2143.59	1512.50	779.49	2876.92	2805.55	2888.81	1804.05	1472.10	456.29	2875.90	2552.91	2670.70	2157.04	1713.49	796.49
QY_max	0.64	0.63	0.62	0.54	0.38	0.20	0.65	0.66	0.64	0.58	0.44	0.29	0.65	0.62	0.60	0.53	0.40	0.18	0.67	0.66	0.65	0.60	0.47	0.28
Fv/Fm_Lss1	0.64	0.62	0.62	0.53	0.38	0.20	0.66	0.65	0.64	0.56	0.44	0.29	0.65	0.60	0.59	0.52	0.40	0.18	0.67	0.66	0.64	0.59	0.47	0.28
QY_Lss1	0.62	0.60	0.60	0.50	0.31	0.17	0.63	0.63	0.61	0.52	0.35	0.23	0.62	0.56	0.56	0.46	0.34	0.16	0.65	0.63	0.62	0.55	0.39	0.24
NPQ_Lss1	0.01	0.01	0.00	0.04	0.01	0.01	-0.00	0.01	0.01	0.05	-0.00	0.01	0.02	0.07	0.07	0.08	-0.00	-0.01	-0.00	0.01	0.01	0.04	-0.00	-0.01
qN_Lss1	0.01	0.01	0.01	0.08	0.02	0.04	-0.00	0.02	0.02	0.08	-0.01	0.02	0.03	0.10	0.10	0.13	-0.01	-0.04	-0.00	0.01	0.01	0.06	-0.00	-0.02
qP_Lss1	0.97	0.97	0.97	0.94	0.82	0.85	0.96	0.96	0.95	0.91	0.78	0.80	0.95	0.94	0.95	0.88	0.84	0.88	0.97	0.96	0.96	0.93	0.83	0.85
qL_Lss1	1.02	1.02	1.02	1.00	0.91	0.88	1.03	1.03	1.03	1.02	0.92	0.86	1.04	1.03	1.02	0.99	0.93	0.90	1.03	1.03	1.03	1.02	0.96	0.90
PAR1	10.90	10.90	10.90	10.90	10.90	10.90	10.90	10.90	10.90	10.90	10.90	10.90	10.90	10.90	10.90	10.90	10.90	10.90	10.90	10.90	10.90	10.90	10.90	10.90
ETR1	2.6895	2.6342	2.6122	2.1847	1.3605	0.7493	2.7526	2.7462	2.6595	2.2465	1.5158	0.9915	2.6925	2.4601	2.4349	1.9850	1.4631	0.6958	2.8251	2.7566	2.6987	2.3929	1.7076	1.0347
