FluorCam7 Numeric Avg Export File
-----------------------------------
	Area 1	Area 2	Area 3	Area 4	Area 5	Area 6	Area 7	Area 8	Area 9	Area 10	Area 11	Area 12	Area 13	Area 14	Area 15	Area 16	Area 17	Area 18	Area 19	Area 20	Area 21	Area 22	Area 23	Area 24
Size [pixels]	3155	4144	4901	4794	3496	3711	3792	3622	4249	5773	5376	5343	3927	4416	2901	5595	4030	3514	2992	5554	3965	5278	3266	3739
Fo	1435.16	1685.61	2013.68	1934.36	1521.17	1559.81	1591.68	1973.07	1880.24	2089.04	1893.47	2006.27	1987.08	1852.83	1656.68	2170.42	2072.50	1703.55	1156.04	1620.94	1398.71	1556.99	1517.24	1147.16
Fm	4425.04	4785.95	5980.66	5769.16	4436.51	4492.27	4711.66	5774.19	5474.04	6107.22	5590.03	5918.53	5701.37	5524.05	4479.12	6075.13	5826.08	4864.11	3515.11	4890.23	4212.38	4737.16	4521.24	3504.03
Fv	2989.89	3100.34	3966.98	3834.80	2915.35	2932.46	3119.98	3801.13	3593.80	4018.18	3696.55	3912.26	3714.29	3671.22	2822.44	3904.72	3753.57	3160.57	2359.07	3269.29	2813.66	3180.17	3004.00	2356.87
Fm_Lss1	4413.10	4783.07	5921.80	5771.13	4421.31	4426.06	4674.85	5735.50	5440.30	6073.77	5571.63	5933.64	5704.05	5536.20	4413.90	6021.93	5821.87	4836.02	3487.50	4849.74	4189.52	4733.98	4487.98	3493.58
Ft_Lss1	1531.05	1794.79	2152.91	2062.81	1631.08	1660.95	1689.19	2116.91	2006.78	2231.98	2024.10	2136.98	2149.64	1984.89	1771.13	2307.48	2223.88	1837.48	1237.31	1775.24	1498.02	1688.17	1624.14	1228.21
Fo_Lss1	1433.90	1685.25	2006.96	1934.58	1519.37	1551.75	1587.46	1968.53	1876.24	2085.11	1891.36	2008.01	1987.40	1854.20	1647.68	2163.59	2071.97	1700.09	1153.04	1616.47	1396.19	1556.64	1513.47	1146.03
Fv_Lss1	2979.20	3097.82	3914.84	3836.55	2901.94	2874.31	3087.39	3766.97	3564.06	3988.67	3680.27	3925.63	3716.65	3682.00	2766.23	3858.34	3749.90	3135.93	2334.47	3233.27	2793.34	3177.33	2974.51	2347.55
Fq_Lss1	2882.05	2988.28	3768.89	3708.32	2790.23	2765.10	2985.66	3618.59	3433.51	3841.79	3547.53	3796.66	3554.41	3551.31	2642.77	3714.45	3597.99	2998.54	2250.19	3074.50	2691.50	3045.80	2863.84	2265.38
QY_max	0.68	0.65	0.66	0.66	0.66	0.65	0.66	0.66	0.66	0.66	0.66	0.66	0.65	0.66	0.63	0.64	0.64	0.65	0.67	0.67	0.67	0.67	0.66	0.67
Fv/Fm_Lss1	0.68	0.65	0.66	0.66	0.66	0.65	0.66	0.66	0.66	0.66	0.66	0.66	0.65	0.67	0.63	0.64	0.64	0.65	0.67	0.67	0.67	0.67	0.66	0.67
QY_Lss1	0.65	0.62	0.64	0.64	0.63	0.62	0.64	0.63	0.63	0.63	0.64	0.64	0.62	0.64	0.60	0.62	0.62	0.62	0.65	0.63	0.64	0.64	0.64	0.65
NPQ_Lss1	0.00	0.00	0.01	-0.00	0.00	0.01	0.01	0.01	0.01	0.01	0.00	-0.00	-0.00	-0.00	0.01	0.01	0.00	0.01	0.01	0.01	0.01	0.00	0.01	0.00
qN_Lss1	0.00	0.00	0.01	-0.00	0.01	0.02	0.01	0.01	0.01	0.01	0.00	-0.00	-0.00	-0.00	0.02	0.01	0.00	0.01	0.01	0.01	0.01	0.00	0.01	0.00
qP_Lss1	0.97	0.96	0.96	0.97	0.96	0.96	0.97	0.96	0.96	0.96	0.96	0.97	0.96	0.96	0.96	0.96	0.96	0.96	0.96	0.95	0.96	0.96	0.96	0.96
qL_Lss1	1.03	1.03	1.03	1.03	1.03	1.03	1.03	1.03	1.03	1.03	1.03	1.03	1.03	1.03	1.03	1.03	1.03	1.03	1.03	1.04	1.03	1.04	1.03	1.03
PAR1	10.90	10.90	10.90	10.90	10.90	10.90	10.90	10.90	10.90	10.90	10.90	10.90	10.90	10.90	10.90	10.90	10.90	10.90	10.90	10.90	10.90	10.90	10.90	10.90
ETR1	2.8482	2.7247	2.7757	2.8024	2.7523	2.7246	2.7853	2.7515	2.7525	2.7586	2.7768	2.7905	2.7176	2.7976	2.6112	2.6901	2.6953	2.7041	2.8139	2.7648	2.8018	2.8060	2.7829	2.8280
