FluorCam7 Numeric Avg Export File
-----------------------------------
	Area 1	Area 2	Area 3	Area 4	Area 5	Area 6	Area 7	Area 8	Area 9	Area 10	Area 11	Area 12	Area 13	Area 14	Area 15	Area 16	Area 17	Area 18	Area 19	Area 20	Area 21	Area 22	Area 23	Area 24
Size [pixels]	4358	5416	5427	5871	4905	5326	5028	3545	4533	5416	4905	3298	3072	5533	4388	4474	1816	2300	4307	4492	4361	4295	4820	4009
Fo	1936.23	1672.78	2023.07	2151.71	1814.86	1471.12	2077.21	1866.84	2072.94	2054.36	1870.89	1914.05	1326.30	2002.68	1840.08	2044.16	1574.44	1764.65	1493.09	2021.26	1932.95	1760.98	1820.56	1742.98
Fm	5830.27	4981.86	5916.89	6253.19	5104.23	3807.84	6355.45	5770.91	6426.28	6099.76	5277.90	4656.55	4336.53	6579.56	5992.66	6444.26	4670.95	4050.51	4582.91	5943.47	5497.06	5259.11	4839.87	4553.38
Fv	3894.04	3309.08	3893.82	4101.48	3289.37	2336.72	4278.25	3904.07	4353.34	4045.40	3407.01	2742.51	3010.23	4576.88	4152.58	4400.09	3096.51	2285.87	3089.82	3922.21	3564.12	3498.13	3019.31	2810.40
Fm_Lss1	5774.10	4934.52	5878.51	6090.80	4970.30	3603.59	6304.95	5634.53	6313.53	5974.59	5104.10	4222.05	4267.29	6392.57	5832.75	6182.40	4405.94	3501.46	4570.06	5935.65	5499.84	5131.25	4784.40	4511.04
Fm_Lss2	5625.64	4728.84	5691.57	5679.97	4598.61	3186.64	6146.58	5388.01	6044.59	5705.53	4752.73	3603.47	4021.98	6059.20	5483.70	5720.99	3633.85	3041.94	4453.38	5795.15	5307.67	4904.65	4547.42	4404.33
Fm_Lss3	5509.71	4530.47	5514.94	5163.27	4178.52	2737.88	5883.55	5278.22	5824.83	5484.95	4307.15	3299.94	3922.71	5924.95	5106.10	5168.07	2970.64	2842.62	4406.01	5698.55	5244.74	4763.07	4380.65	4388.23
Fm_Lss4	5212.22	4246.28	5034.08	4544.49	3673.05	2428.72	5520.04	4926.29	5376.66	5038.41	3728.38	3150.61	3750.73	5581.85	4619.28	4507.68	2494.74	2758.70	4306.81	5494.59	5103.71	4378.92	4101.99	4362.21
Fm_Lss5	4756.43	3796.92	4358.36	3976.15	3191.30	2211.59	5024.75	4417.91	4766.05	4455.93	3208.52	3079.61	3493.93	4987.39	4024.59	3834.26	2157.25	2823.88	4073.42	5107.17	4790.34	3982.46	3804.50	4320.68
Fm_Lss6	4203.53	3378.65	3782.31	3510.86	2768.09	2038.36	4569.22	3894.40	4136.72	3921.01	2773.81	3032.09	3259.31	4355.11	3472.09	3355.41	1928.16	2833.32	3817.90	4654.20	4458.56	3541.76	3363.19	4229.14
Fm_Lss7	3737.22	3024.19	3294.12	3151.17	2440.62	1955.51	4169.69	3456.78	3647.76	3459.54	2448.20	3056.82	2978.25	3816.46	3061.88	2983.06	1772.13	2970.16	3529.98	4212.22	4139.68	3203.90	2974.87	4119.55
Fm_Lss8	3328.05	2731.90	2926.32	2880.56	2170.46	1909.25	3844.29	3097.93	3268.83	3083.26	2221.95	3108.45	2709.06	3380.02	2716.46	2705.73	1687.96	3013.58	3227.40	3804.38	3823.84	2918.43	2594.60	4039.50
Fm_Lss9	2972.91	2470.92	2638.79	2676.52	1999.73	1906.47	3584.92	2805.84	2996.36	2796.77	2062.94	3129.72	2486.46	3012.10	2471.72	2516.20	1607.50	3003.01	2964.94	3502.70	3524.62	2679.94	2321.56	3922.28
Fm_Lss10	2720.44	2289.57	2413.36	2505.30	1866.22	1939.00	3327.92	2565.37	2749.41	2565.02	1932.61	3169.48	2329.29	2736.48	2251.14	2347.69	1552.64	2958.15	2694.76	3186.53	3232.72	2456.93	2101.79	3798.29
Fm_Lss11	2509.00	2101.97	2238.07	2382.04	1769.72	1993.76	3124.16	2356.26	2548.79	2394.55	1838.13	3165.13	2175.79	2522.58	2096.55	2251.35	1510.73	2822.41	2492.12	2967.90	2968.52	2288.02	1937.35	3633.25
Fm_Lss12	2326.36	2001.84	2105.52	2272.40	1717.28	2060.89	2967.75	2249.21	2402.36	2256.64	1804.76	3123.57	2022.15	2340.28	2012.50	2167.54	1493.12	2749.53	2286.79	2774.08	2731.40	2163.82	1834.76	3471.35
Fm_Lss13	2203.84	1901.69	2012.80	2225.50	1665.97	2142.36	2828.85	2096.61	2301.60	2142.24	1754.73	3061.15	1919.73	2210.91	1914.35	2083.03	1467.11	2665.81	2130.60	2601.61	2535.32	2057.56	1739.19	3312.53
Fm_Lss14	2081.61	1813.59	1944.46	2156.24	1655.14	2178.42	2700.52	2021.15	2210.98	2082.91	1759.59	2959.56	1819.90	2099.93	1863.51	2058.11	1437.04	2524.53	1997.79	2484.27	2344.51	1965.61	1685.12	3164.38
Fm_Lss15	2004.99	1745.83	1845.63	2111.79	1608.29	2222.30	2587.59	1930.31	2122.92	2012.58	1790.71	2790.46	1728.50	1999.59	1813.49	1991.32	1441.41	2401.92	1873.77	2363.39	2204.84	1909.02	1634.38	3059.93
Ft_Lss1	2234.83	1935.00	2385.46	2591.28	2133.26	1860.55	2385.37	2138.84	2349.39	2356.90	2194.33	2516.41	1533.68	2259.41	2111.66	2386.36	1801.04	2120.90	1712.11	2338.40	2339.99	2147.20	2259.61	2759.83
Ft_Lss2	2507.76	2187.30	2687.79	2998.17	2382.55	2090.48	2862.64	2353.68	2574.37	2557.58	2466.89	2752.47	1845.28	2458.46	2411.18	2640.22	1860.03	2261.71	1919.54	2661.00	2664.03	2469.56	2641.70	3618.91
Ft_Lss3	2765.55	2386.52	2885.00	3128.35	2433.00	2047.66	3247.04	2558.64	2770.81	2705.67	2500.10	2696.86	2153.26	2720.53	2634.02	2779.39	1797.23	2307.26	2133.21	2966.73	2819.65	2617.62	2746.55	3911.68
Ft_Lss4	2922.35	2477.24	2913.12	3043.11	2344.24	1945.85	3412.47	2645.58	2835.73	2714.94	2389.23	2710.80	2323.75	2849.85	2666.85	2708.90	1682.59	2394.21	2313.90	3117.32	2881.88	2610.86	2713.76	4031.89
Ft_Lss5	2909.05	2413.33	2753.52	2866.65	2188.77	1837.89	3385.55	2621.31	2748.84	2622.26	2218.71	2727.70	2364.03	2810.56	2548.41	2533.94	1570.07	2467.02	2383.04	3125.38	2868.63	2506.09	2608.65	4092.48
Ft_Lss6	2785.60	2299.64	2539.78	2671.74	2036.23	1771.49	3267.39	2493.41	2601.39	2470.44	2044.38	2766.01	2352.46	2655.95	2362.03	2367.67	1501.36	2615.45	2365.15	3024.16	2764.42	2352.48	2429.29	4066.21
Ft_Lss7	2601.80	2155.64	2337.73	2510.01	1872.31	1723.77	3122.79	2372.82	2456.27	2321.50	1917.07	2857.45	2266.68	2464.19	2191.60	2225.56	1428.97	2747.39	2319.68	2888.47	2654.20	2222.35	2238.26	4027.94
Ft_Lss8	2415.66	2023.84	2160.28	2362.28	1755.03	1712.46	2988.12	2223.13	2322.67	2181.08	1795.68	2925.79	2159.47	2295.22	2046.82	2079.47	1396.37	2845.24	2195.34	2728.11	2534.54	2085.06	2038.87	3937.20
Ft_Lss9	2256.37	1905.73	2019.25	2248.34	1654.81	1740.73	2861.88	2124.14	2190.33	2073.14	1714.78	3020.94	2058.43	2139.25	1924.11	2005.47	1387.13	2904.18	2105.36	2603.98	2439.85	1982.96	1891.91	3855.61
Ft_Lss10	2126.07	1807.63	1900.40	2154.77	1589.30	1809.04	2749.40	2009.66	2099.96	1988.82	1669.83	3078.36	1959.03	2031.63	1836.47	1953.39	1354.04	2875.85	1997.42	2465.97	2323.15	1901.30	1769.53	3718.26
Ft_Lss11	2010.09	1711.71	1819.17	2097.65	1543.33	1899.09	2654.14	1927.70	2021.06	1911.70	1634.58	3100.38	1869.06	1938.55	1778.06	1890.86	1346.56	2782.81	1905.10	2357.12	2192.05	1825.26	1664.91	3571.10
Ft_Lss12	1912.94	1650.51	1734.90	2038.93	1512.62	1990.07	2543.58	1849.68	1967.33	1843.59	1604.84	3068.55	1781.25	1860.26	1703.38	1843.06	1324.54	2710.89	1796.97	2250.23	2092.26	1758.42	1598.57	3416.90
Ft_Lss13	1838.14	1596.71	1685.35	1983.81	1493.53	2086.93	2465.25	1770.36	1906.44	1808.05	1612.00	3009.71	1699.91	1788.38	1658.45	1819.05	1318.83	2602.68	1714.69	2159.87	1998.91	1709.31	1547.90	3281.11
Ft_Lss14	1780.19	1558.44	1640.37	1953.00	1480.77	2140.52	2395.36	1730.07	1879.70	1769.41	1626.36	2921.64	1626.43	1741.57	1643.18	1817.35	1334.62	2485.53	1652.04	2099.41	1911.84	1668.79	1518.66	3126.64
Ft_Lss15	1726.58	1505.61	1599.50	1924.51	1459.78	2167.35	2307.96	1683.65	1834.14	1745.57	1689.30	2788.91	1562.24	1707.14	1613.02	1782.71	1323.88	2345.66	1570.02	2022.02	1824.62	1634.39	1497.53	2998.93
Fo_Lss1	1929.99	1667.41	2018.56	2132.15	1797.63	1439.59	2071.78	1852.33	2061.06	2039.97	1848.58	1836.36	1319.75	1985.01	1824.72	2017.06	1543.15	1651.80	1491.72	2020.36	1933.29	1746.41	1812.66	1736.74
Fo_Lss2	1913.12	1643.26	1996.05	2079.50	1746.58	1368.08	2054.39	1824.88	2031.56	2007.64	1800.37	1708.78	1295.32	1951.67	1789.09	1965.35	1436.27	1541.92	1479.07	2003.82	1909.00	1719.37	1777.56	1720.69
Fo_Lss3	1899.53	1618.63	1973.88	2006.00	1682.34	1278.14	2024.15	1812.12	2006.12	1979.63	1732.48	1637.36	1284.84	1937.53	1746.94	1895.67	1319.81	1489.00	1473.81	1992.14	1900.79	1701.64	1751.50	1718.23
Fo_Lss4	1862.87	1580.83	1908.63	1905.22	1594.02	1206.45	1979.30	1768.74	1950.13	1918.26	1630.66	1599.74	1265.83	1899.35	1686.15	1799.00	1216.69	1465.64	1462.54	1966.63	1881.95	1649.93	1705.18	1714.22
Fo_Lss5	1801.18	1514.12	1802.66	1797.50	1496.01	1150.35	1911.73	1698.56	1863.54	1827.32	1522.75	1581.23	1235.19	1825.32	1599.85	1681.16	1130.44	1483.84	1434.63	1914.64	1837.62	1590.28	1651.50	1707.77
Fo_Lss6	1715.72	1442.89	1695.84	1695.90	1395.96	1101.65	1841.87	1615.09	1758.91	1730.51	1417.33	1568.61	1204.54	1733.22	1504.67	1582.16	1064.18	1486.44	1401.59	1847.24	1786.62	1515.00	1562.50	1693.29
Fo_Lss7	1632.58	1374.11	1590.17	1607.28	1307.49	1076.99	1773.38	1534.52	1664.07	1634.30	1327.14	1575.20	1163.95	1641.05	1422.11	1494.22	1014.87	1523.26	1360.84	1773.39	1733.12	1449.61	1473.16	1675.44
Fo_Lss8	1549.37	1310.40	1499.21	1533.78	1225.76	1062.81	1711.75	1459.47	1580.49	1545.21	1257.72	1588.80	1120.43	1554.73	1342.80	1421.25	986.69	1534.60	1313.37	1696.80	1675.19	1388.18	1373.48	1662.05
Fo_Lss9	1467.74	1247.21	1419.94	1473.95	1169.37	1061.94	1658.33	1391.24	1513.93	1469.76	1205.14	1594.34	1080.43	1472.02	1280.15	1367.16	958.64	1531.86	1267.71	1634.03	1615.12	1331.80	1292.98	1641.86
Fo_Lss10	1403.44	1199.27	1351.99	1420.49	1122.42	1071.96	1601.13	1329.45	1448.20	1403.13	1159.46	1604.59	1049.66	1402.96	1218.32	1315.84	938.86	1520.10	1215.60	1561.75	1550.95	1274.32	1221.82	1619.72
Fo_Lss11	1344.96	1145.71	1295.16	1380.00	1086.78	1088.49	1552.42	1271.00	1390.55	1350.54	1124.77	1603.47	1017.31	1344.51	1171.56	1285.02	923.37	1483.44	1172.59	1507.32	1487.44	1227.32	1164.37	1588.95
Fo_Lss12	1290.65	1115.30	1249.64	1342.48	1066.77	1108.20	1512.80	1239.18	1345.80	1305.54	1112.19	1592.74	982.41	1290.92	1144.85	1257.27	916.76	1463.05	1125.05	1455.67	1425.43	1190.67	1126.52	1557.18
Fo_Lss13	1252.03	1083.51	1216.38	1325.97	1046.74	1131.33	1475.86	1191.41	1313.58	1266.42	1092.99	1576.35	957.59	1250.55	1112.40	1228.37	906.89	1439.01	1085.89	1406.73	1370.13	1157.76	1089.75	1524.40
Fo_Lss14	1211.61	1054.33	1191.08	1301.07	1042.46	1141.31	1440.16	1166.65	1283.56	1245.44	1094.87	1548.97	932.09	1214.26	1095.04	1219.66	895.31	1396.81	1050.31	1371.70	1312.41	1128.07	1068.27	1492.25
Fo_Lss15	1185.25	1031.06	1153.26	1284.75	1023.68	1153.24	1407.40	1135.80	1253.38	1219.95	1106.84	1501.35	907.51	1180.02	1077.58	1195.89	897.00	1358.44	1014.99	1334.03	1267.47	1109.20	1047.65	1468.61
Fv_Lss1	3844.10	3267.11	3859.95	3958.65	3172.67	2163.99	4233.16	3782.19	4252.46	3934.63	3255.53	2385.69	2947.54	4407.56	4008.03	4165.34	2862.79	1849.66	3078.34	3915.29	3566.55	3384.84	2971.74	2774.30
Fv_Lss2	3712.52	3085.58	3695.52	3600.47	2852.04	1818.56	4092.19	3563.12	4013.03	3697.89	2952.35	1894.69	2726.66	4107.53	3694.61	3755.64	2197.58	1500.02	2974.31	3791.33	3398.67	3185.28	2769.85	2683.64
Fv_Lss3	3610.18	2911.84	3541.06	3157.27	2496.18	1459.73	3859.41	3466.10	3818.71	3505.32	2574.67	1662.57	2637.86	3987.42	3359.15	3272.39	1650.83	1353.62	2932.20	3706.40	3343.94	3061.43	2629.16	2670.00
Fv_Lss4	3349.34	2665.45	3125.46	2639.28	2079.03	1222.27	3540.73	3157.55	3426.52	3120.14	2097.72	1550.87	2484.90	3682.50	2933.13	2708.68	1278.05	1293.05	2844.27	3527.97	3221.77	2728.99	2396.81	2647.99
Fv_Lss5	2955.25	2282.80	2555.70	2178.65	1695.29	1061.24	3113.01	2719.35	2902.51	2628.61	1685.77	1498.38	2258.73	3162.07	2424.73	2153.10	1026.81	1340.04	2638.79	3192.53	2952.72	2392.18	2153.00	2612.90
Fv_Lss6	2487.81	1935.76	2086.47	1814.96	1372.13	936.71	2727.35	2279.31	2377.81	2190.50	1356.48	1463.48	2054.77	2621.88	1967.42	1773.25	863.97	1346.88	2416.30	2806.96	2671.94	2026.76	1800.69	2535.85
Fv_Lss7	2104.64	1650.08	1703.95	1543.89	1133.13	878.52	2396.31	1922.26	1983.69	1825.25	1121.06	1481.62	1814.31	2175.41	1639.77	1488.84	757.26	1446.90	2169.14	2438.83	2406.56	1754.29	1501.71	2444.11
Fv_Lss8	1778.68	1421.49	1427.11	1346.78	944.71	846.45	2132.53	1638.45	1688.35	1538.05	964.23	1519.65	1588.62	1825.29	1373.66	1284.48	701.27	1478.98	1914.02	2107.58	2148.65	1530.26	1221.12	2377.46
Fv_Lss9	1505.17	1223.70	1218.84	1202.57	830.36	844.53	1926.59	1414.60	1482.44	1327.01	857.80	1535.39	1406.03	1540.08	1191.58	1149.05	648.86	1471.16	1697.23	1868.66	1909.50	1348.14	1028.58	2280.43
Fv_Lss10	1317.00	1090.30	1061.37	1084.81	743.80	867.04	1726.79	1235.92	1301.21	1161.88	773.15	1564.89	1279.64	1333.51	1032.82	1031.85	613.78	1438.05	1479.16	1624.79	1681.77	1182.61	879.96	2178.57
Fv_Lss11	1164.03	956.26	942.91	1002.04	682.95	905.27	1571.74	1085.27	1158.24	1044.01	713.35	1561.65	1158.48	1178.06	924.98	966.33	587.36	1338.98	1319.53	1460.57	1481.08	1060.69	772.98	2044.31
Fv_Lss12	1035.71	886.54	855.88	929.92	650.51	952.69	1454.95	1010.03	1056.56	951.10	692.57	1530.83	1039.74	1049.36	867.65	910.27	576.36	1286.48	1161.73	1318.41	1305.97	973.15	708.25	1914.16
Fv_Lss13	951.81	818.18	796.42	899.53	619.22	1011.03	1352.99	905.20	988.02	875.83	661.75	1484.80	962.13	960.36	801.94	854.67	560.22	1226.81	1044.71	1194.87	1165.19	899.79	649.44	1788.13
Fv_Lss14	870.00	759.26	753.38	855.17	612.68	1037.11	1260.37	854.49	927.42	837.46	664.72	1410.59	887.81	885.68	768.47	838.45	541.73	1127.72	947.49	1112.57	1032.10	837.54	616.85	1672.14
Fv_Lss15	819.74	714.76	692.38	827.04	584.61	1069.07	1180.19	794.50	869.55	792.63	683.87	1289.11	820.99	819.57	735.91	795.44	544.41	1043.48	858.78	1029.36	937.38	799.82	586.73	1591.32
Fq_Lss1	3539.27	2999.52	3493.06	3499.52	2837.04	1743.03	3919.58	3495.69	3964.13	3617.70	2909.77	1705.64	2733.61	4133.16	3721.09	3796.04	2604.90	1380.56	2857.95	3597.25	3159.85	2984.04	2524.78	1751.20
Fq_Lss2	3117.88	2541.54	3003.78	2681.80	2216.06	1096.17	3283.94	3034.33	3470.22	3147.95	2285.84	851.00	2176.70	3600.74	3072.52	3080.77	1773.82	780.23	2533.84	3134.15	2643.64	2435.09	1905.71	785.42
Fq_Lss3	2744.16	2143.95	2629.93	2034.92	1745.53	690.22	2636.51	2719.57	3054.02	2779.28	1807.04	603.07	1769.45	3204.42	2472.07	2388.68	1173.41	535.35	2272.80	2731.82	2425.09	2145.45	1634.10	476.55
Fq_Lss4	2289.87	1769.03	2120.96	1501.38	1328.82	482.87	2107.56	2280.70	2540.93	2323.46	1339.15	439.81	1426.98	2732.00	1952.43	1798.78	812.15	364.48	1992.91	2377.28	2221.84	1768.06	1388.23	330.32
Fq_Lss5	1847.39	1383.59	1604.84	1109.50	1002.53	373.70	1639.20	1796.60	2017.21	1833.67	989.80	351.91	1129.90	2176.83	1476.18	1300.32	587.18	356.86	1690.38	1981.79	1921.71	1476.37	1195.85	228.19
Fq_Lss6	1417.93	1079.00	1242.53	839.12	731.85	266.87	1301.83	1400.99	1535.33	1450.57	729.43	266.08	906.86	1699.16	1110.06	987.74	426.80	217.88	1452.74	1630.03	1694.14	1189.28	933.89	162.93
Fq_Lss7	1135.42	868.55	956.40	641.16	568.31	231.73	1046.90	1083.96	1191.49	1138.04	531.13	199.37	711.57	1352.27	870.28	757.50	343.16	222.78	1210.30	1323.75	1485.49	981.55	736.61	91.61
Fq_Lss8	912.39	708.06	766.04	518.27	415.43	196.79	856.17	874.79	946.16	902.18	426.27	182.66	549.59	1084.80	669.65	626.25	291.59	168.35	1032.06	1076.27	1289.30	833.38	555.73	102.30
Fq_Lss9	716.54	565.19	619.54	428.18	344.92	165.74	723.05	681.70	806.03	723.63	348.17	108.79	428.03	872.85	547.61	510.74	220.37	98.83	859.59	898.72	1084.78	696.98	429.64	66.67
Fq_Lss10	594.36	481.94	512.96	350.53	276.92	129.96	578.52	555.71	649.45	576.19	262.78	91.12	370.26	704.84	414.67	394.30	198.60	82.30	697.34	720.57	909.57	555.63	332.26	80.04
Fq_Lss11	498.91	390.26	418.90	284.39	226.39	94.67	470.02	428.57	527.73	482.85	203.54	64.75	306.73	584.03	318.48	360.49	164.17	39.60	587.02	610.77	776.47	462.76	272.44	62.15
Fq_Lss12	413.41	351.34	370.62	233.47	204.65	70.81	424.17	399.54	435.04	413.05	199.93	55.02	240.90	480.02	309.12	324.48	168.58	38.64	489.82	523.84	639.13	405.40	236.19	54.45
Fq_Lss13	365.70	304.97	327.46	241.70	172.44	55.42	363.60	326.25	395.16	334.19	142.74	51.44	219.82	422.53	255.90	263.99	148.28	63.14	415.91	441.74	536.42	348.25	191.29	31.42
Fq_Lss14	301.42	255.15	304.10	203.24	174.37	37.90	305.16	291.07	331.28	313.50	133.23	37.92	193.46	358.37	220.33	240.76	102.42	39.00	345.75	384.85	432.67	296.82	166.46	37.74
Fq_Lss15	278.41	240.21	246.13	187.28	148.51	54.96	279.62	246.65	288.78	267.01	101.41	1.55	166.26	292.45	200.47	208.61	117.53	56.27	303.75	341.37	380.23	274.63	136.85	61.00
QY_max	0.67	0.66	0.66	0.66	0.64	0.61	0.67	0.68	0.68	0.66	0.65	0.59	0.69	0.70	0.69	0.68	0.66	0.56	0.67	0.66	0.65	0.67	0.62	0.62
Fv/Fm_Lss1	0.67	0.66	0.66	0.65	0.64	0.60	0.67	0.67	0.67	0.66	0.64	0.57	0.69	0.69	0.69	0.67	0.65	0.53	0.67	0.66	0.65	0.66	0.62	0.62
Fv/Fm_Lss2	0.66	0.65	0.65	0.63	0.62	0.57	0.67	0.66	0.66	0.65	0.62	0.53	0.68	0.68	0.67	0.66	0.60	0.49	0.67	0.65	0.64	0.65	0.61	0.61
Fv/Fm_Lss3	0.66	0.64	0.64	0.61	0.60	0.53	0.66	0.66	0.66	0.64	0.60	0.50	0.67	0.67	0.66	0.63	0.56	0.48	0.67	0.65	0.64	0.64	0.60	0.61
Fv/Fm_Lss4	0.64	0.63	0.62	0.58	0.57	0.50	0.64	0.64	0.64	0.62	0.56	0.49	0.66	0.66	0.63	0.60	0.51	0.47	0.66	0.64	0.63	0.62	0.58	0.61
Fv/Fm_Lss5	0.62	0.60	0.59	0.55	0.53	0.48	0.62	0.62	0.61	0.59	0.53	0.49	0.65	0.63	0.60	0.56	0.48	0.47	0.65	0.63	0.62	0.60	0.57	0.60
Fv/Fm_Lss6	0.59	0.57	0.55	0.52	0.50	0.46	0.60	0.59	0.57	0.56	0.49	0.48	0.63	0.60	0.57	0.53	0.45	0.48	0.63	0.60	0.60	0.57	0.54	0.60
Fv/Fm_Lss7	0.56	0.55	0.52	0.49	0.46	0.45	0.57	0.56	0.54	0.53	0.46	0.48	0.61	0.57	0.54	0.50	0.43	0.49	0.61	0.58	0.58	0.55	0.50	0.59
Fv/Fm_Lss8	0.53	0.52	0.49	0.47	0.44	0.44	0.55	0.53	0.52	0.50	0.43	0.49	0.59	0.54	0.51	0.47	0.42	0.49	0.59	0.55	0.56	0.52	0.47	0.59
Fv/Fm_Lss9	0.51	0.50	0.46	0.45	0.42	0.44	0.54	0.50	0.49	0.47	0.42	0.49	0.57	0.51	0.48	0.46	0.40	0.49	0.57	0.53	0.54	0.50	0.44	0.58
Fv/Fm_Lss10	0.48	0.48	0.44	0.43	0.40	0.45	0.52	0.48	0.47	0.45	0.40	0.49	0.55	0.49	0.46	0.44	0.40	0.49	0.55	0.51	0.52	0.48	0.42	0.57
Fv/Fm_Lss11	0.46	0.45	0.42	0.42	0.39	0.45	0.50	0.46	0.45	0.44	0.39	0.49	0.53	0.47	0.44	0.43	0.39	0.47	0.53	0.49	0.50	0.46	0.40	0.56
Fv/Fm_Lss12	0.45	0.44	0.41	0.41	0.38	0.46	0.49	0.45	0.44	0.42	0.38	0.49	0.51	0.45	0.43	0.42	0.39	0.47	0.51	0.48	0.48	0.45	0.39	0.55
Fv/Fm_Lss13	0.43	0.43	0.40	0.40	0.37	0.47	0.48	0.43	0.43	0.41	0.38	0.49	0.50	0.43	0.42	0.41	0.38	0.46	0.49	0.46	0.46	0.44	0.37	0.54
Fv/Fm_Lss14	0.42	0.42	0.39	0.40	0.37	0.48	0.47	0.42	0.42	0.40	0.38	0.48	0.49	0.42	0.41	0.41	0.38	0.45	0.47	0.45	0.44	0.43	0.37	0.53
Fv/Fm_Lss15	0.41	0.41	0.38	0.39	0.36	0.48	0.46	0.41	0.41	0.39	0.38	0.46	0.47	0.41	0.41	0.40	0.38	0.43	0.46	0.44	0.43	0.42	0.36	0.52
QY_Lss1	0.61	0.61	0.59	0.57	0.57	0.48	0.62	0.62	0.63	0.61	0.57	0.40	0.64	0.65	0.64	0.61	0.59	0.39	0.63	0.61	0.57	0.58	0.53	0.39
QY_Lss2	0.55	0.54	0.53	0.47	0.48	0.34	0.53	0.56	0.57	0.55	0.48	0.24	0.54	0.59	0.56	0.54	0.49	0.26	0.57	0.54	0.50	0.50	0.42	0.18
QY_Lss3	0.50	0.47	0.48	0.39	0.42	0.25	0.45	0.52	0.52	0.51	0.42	0.18	0.45	0.54	0.48	0.46	0.40	0.19	0.52	0.48	0.46	0.45	0.37	0.11
QY_Lss4	0.44	0.42	0.42	0.33	0.36	0.20	0.38	0.46	0.47	0.46	0.36	0.14	0.38	0.49	0.42	0.40	0.33	0.13	0.46	0.43	0.44	0.40	0.34	0.08
QY_Lss5	0.39	0.36	0.37	0.28	0.31	0.17	0.33	0.41	0.42	0.41	0.31	0.11	0.32	0.44	0.37	0.34	0.27	0.13	0.41	0.39	0.40	0.37	0.31	0.05
QY_Lss6	0.34	0.32	0.33	0.24	0.26	0.13	0.28	0.36	0.37	0.37	0.26	0.09	0.28	0.39	0.32	0.29	0.22	0.08	0.38	0.35	0.38	0.34	0.28	0.04
QY_Lss7	0.30	0.29	0.29	0.20	0.23	0.12	0.25	0.31	0.33	0.33	0.22	0.07	0.24	0.35	0.28	0.25	0.19	0.08	0.34	0.31	0.36	0.31	0.25	0.02
QY_Lss8	0.27	0.26	0.26	0.18	0.19	0.10	0.22	0.28	0.29	0.29	0.19	0.06	0.20	0.32	0.25	0.23	0.17	0.06	0.32	0.28	0.34	0.29	0.21	0.03
QY_Lss9	0.24	0.23	0.23	0.16	0.17	0.09	0.20	0.24	0.27	0.26	0.17	0.03	0.17	0.29	0.22	0.20	0.14	0.03	0.29	0.26	0.31	0.26	0.19	0.02
QY_Lss10	0.22	0.21	0.21	0.14	0.15	0.07	0.17	0.22	0.24	0.22	0.14	0.03	0.16	0.26	0.18	0.17	0.13	0.03	0.26	0.23	0.28	0.23	0.16	0.02
QY_Lss11	0.20	0.19	0.19	0.12	0.13	0.05	0.15	0.18	0.21	0.20	0.11	0.02	0.14	0.23	0.15	0.16	0.11	0.01	0.24	0.21	0.26	0.20	0.14	0.02
QY_Lss12	0.18	0.18	0.18	0.10	0.12	0.03	0.14	0.18	0.18	0.18	0.11	0.02	0.12	0.21	0.15	0.15	0.11	0.01	0.21	0.19	0.23	0.19	0.13	0.02
QY_Lss13	0.17	0.16	0.16	0.11	0.10	0.03	0.13	0.16	0.17	0.16	0.08	0.02	0.11	0.19	0.13	0.13	0.10	0.02	0.20	0.17	0.21	0.17	0.11	0.01
QY_Lss14	0.14	0.14	0.16	0.09	0.11	0.02	0.11	0.14	0.15	0.15	0.08	0.01	0.11	0.17	0.12	0.12	0.07	0.02	0.17	0.15	0.18	0.15	0.10	0.01
QY_Lss15	0.14	0.14	0.13	0.09	0.09	0.02	0.11	0.13	0.14	0.13	0.06	0.00	0.10	0.15	0.11	0.10	0.08	0.02	0.16	0.14	0.17	0.14	0.08	0.02
NPQ_Lss1	0.01	0.01	0.01	0.03	0.03	0.06	0.01	0.02	0.02	0.02	0.03	0.10	0.02	0.03	0.03	0.04	0.06	0.16	0.00	0.00	-0.00	0.02	0.01	0.01
NPQ_Lss2	0.04	0.05	0.04	0.10	0.11	0.19	0.03	0.07	0.06	0.07	0.11	0.29	0.08	0.09	0.09	0.13	0.29	0.33	0.03	0.03	0.04	0.07	0.06	0.03
NPQ_Lss3	0.06	0.10	0.07	0.21	0.22	0.39	0.08	0.09	0.10	0.11	0.23	0.41	0.11	0.11	0.17	0.25	0.57	0.42	0.04	0.04	0.05	0.10	0.10	0.04
NPQ_Lss4	0.12	0.17	0.18	0.38	0.39	0.57	0.15	0.17	0.20	0.21	0.42	0.48	0.16	0.18	0.30	0.43	0.87	0.47	0.06	0.08	0.08	0.20	0.18	0.04
NPQ_Lss5	0.23	0.31	0.36	0.57	0.60	0.72	0.26	0.31	0.35	0.37	0.64	0.51	0.24	0.32	0.49	0.68	1.17	0.43	0.13	0.16	0.15	0.32	0.27	0.05
NPQ_Lss6	0.39	0.47	0.56	0.78	0.84	0.87	0.39	0.48	0.55	0.56	0.90	0.54	0.33	0.51	0.73	0.92	1.42	0.43	0.20	0.28	0.23	0.48	0.44	0.08
NPQ_Lss7	0.56	0.65	0.80	0.98	1.09	0.95	0.52	0.67	0.76	0.76	1.16	0.52	0.46	0.72	0.96	1.16	1.64	0.36	0.30	0.41	0.33	0.64	0.63	0.11
NPQ_Lss8	0.75	0.82	1.02	1.17	1.35	0.99	0.65	0.86	0.97	0.98	1.38	0.50	0.60	0.95	1.21	1.38	1.77	0.34	0.42	0.56	0.44	0.80	0.87	0.13
NPQ_Lss9	0.96	1.02	1.24	1.34	1.55	1.00	0.77	1.06	1.14	1.18	1.56	0.49	0.74	1.18	1.42	1.56	1.91	0.35	0.55	0.70	0.56	0.96	1.08	0.16
NPQ_Lss10	1.14	1.18	1.45	1.50	1.74	0.96	0.91	1.25	1.34	1.38	1.73	0.47	0.86	1.40	1.66	1.74	2.01	0.37	0.70	0.87	0.70	1.14	1.30	0.20
NPQ_Lss11	1.32	1.37	1.64	1.63	1.88	0.91	1.03	1.45	1.52	1.55	1.87	0.47	0.99	1.61	1.86	1.86	2.09	0.44	0.84	1.00	0.85	1.30	1.50	0.25
NPQ_Lss12	1.51	1.49	1.81	1.75	1.97	0.85	1.14	1.57	1.67	1.70	1.92	0.49	1.14	1.81	1.98	1.97	2.13	0.47	1.00	1.14	1.01	1.43	1.64	0.31
NPQ_Lss13	1.65	1.62	1.94	1.81	2.06	0.78	1.25	1.75	1.79	1.85	2.01	0.52	1.26	1.98	2.13	2.09	2.18	0.52	1.15	1.28	1.17	1.56	1.78	0.37
NPQ_Lss14	1.80	1.75	2.04	1.90	2.08	0.75	1.35	1.86	1.91	1.93	2.00	0.57	1.38	2.13	2.22	2.13	2.25	0.60	1.29	1.39	1.34	1.68	1.87	0.44
NPQ_Lss15	1.91	1.85	2.21	1.96	2.17	0.71	1.46	1.99	2.03	2.03	1.95	0.67	1.51	2.29	2.30	2.24	2.24	0.69	1.45	1.51	1.49	1.75	1.96	0.49
qN_Lss1	0.01	0.01	0.01	0.04	0.04	0.09	0.01	0.03	0.03	0.03	0.05	0.15	0.02	0.04	0.04	0.06	0.08	0.23	0.00	0.00	-0.00	0.04	0.02	0.02
qN_Lss2	0.05	0.08	0.06	0.14	0.15	0.25	0.05	0.10	0.09	0.10	0.15	0.36	0.10	0.11	0.12	0.16	0.32	0.40	0.04	0.04	0.05	0.10	0.10	0.05
qN_Lss3	0.08	0.13	0.10	0.26	0.27	0.42	0.11	0.12	0.14	0.15	0.27	0.45	0.14	0.14	0.21	0.28	0.51	0.47	0.06	0.06	0.07	0.14	0.15	0.06
qN_Lss4	0.16	0.22	0.22	0.39	0.41	0.53	0.19	0.21	0.23	0.25	0.42	0.49	0.19	0.21	0.32	0.42	0.63	0.50	0.09	0.11	0.11	0.24	0.24	0.07
qN_Lss5	0.27	0.34	0.38	0.51	0.53	0.60	0.30	0.33	0.36	0.38	0.55	0.51	0.27	0.33	0.45	0.55	0.71	0.48	0.16	0.21	0.19	0.35	0.32	0.08
qN_Lss6	0.40	0.45	0.51	0.60	0.63	0.65	0.40	0.45	0.49	0.50	0.65	0.53	0.34	0.46	0.56	0.64	0.76	0.47	0.24	0.31	0.28	0.46	0.45	0.11
qN_Lss7	0.50	0.54	0.61	0.67	0.70	0.68	0.48	0.55	0.58	0.59	0.72	0.52	0.43	0.56	0.64	0.70	0.79	0.43	0.33	0.42	0.36	0.54	0.55	0.15
qN_Lss8	0.58	0.61	0.68	0.71	0.76	0.69	0.54	0.62	0.65	0.66	0.76	0.50	0.51	0.64	0.70	0.74	0.81	0.41	0.41	0.50	0.44	0.60	0.65	0.18
qN_Lss9	0.65	0.67	0.73	0.75	0.79	0.69	0.59	0.68	0.70	0.71	0.79	0.50	0.57	0.70	0.75	0.77	0.83	0.42	0.49	0.57	0.51	0.66	0.71	0.22
qN_Lss10	0.70	0.71	0.77	0.78	0.81	0.68	0.64	0.72	0.74	0.75	0.81	0.49	0.61	0.74	0.78	0.80	0.84	0.43	0.56	0.63	0.57	0.70	0.76	0.26
qN_Lss11	0.74	0.75	0.80	0.79	0.83	0.67	0.67	0.76	0.77	0.78	0.83	0.49	0.65	0.77	0.81	0.81	0.84	0.48	0.61	0.67	0.63	0.74	0.79	0.31
qN_Lss12	0.77	0.77	0.82	0.81	0.84	0.65	0.70	0.78	0.79	0.80	0.83	0.50	0.69	0.80	0.82	0.82	0.85	0.50	0.66	0.71	0.68	0.76	0.81	0.36
qN_Lss13	0.79	0.79	0.83	0.82	0.85	0.62	0.72	0.80	0.81	0.82	0.84	0.52	0.72	0.82	0.84	0.84	0.85	0.53	0.70	0.74	0.72	0.78	0.83	0.41
qN_Lss14	0.81	0.81	0.84	0.83	0.85	0.61	0.74	0.81	0.82	0.83	0.84	0.55	0.74	0.83	0.84	0.84	0.86	0.58	0.73	0.76	0.75	0.80	0.84	0.45
qN_Lss15	0.82	0.82	0.85	0.83	0.86	0.60	0.76	0.83	0.83	0.84	0.84	0.59	0.76	0.85	0.85	0.85	0.86	0.61	0.76	0.78	0.78	0.81	0.85	0.48
qP_Lss1	0.92	0.92	0.90	0.88	0.89	0.81	0.93	0.92	0.93	0.92	0.89	0.71	0.93	0.94	0.93	0.91	0.91	0.75	0.93	0.92	0.89	0.88	0.85	0.63
qP_Lss2	0.84	0.82	0.81	0.74	0.78	0.60	0.80	0.85	0.86	0.85	0.77	0.45	0.80	0.88	0.83	0.82	0.81	0.52	0.85	0.83	0.78	0.76	0.69	0.29
qP_Lss3	0.76	0.74	0.74	0.64	0.70	0.47	0.68	0.78	0.80	0.79	0.70	0.36	0.67	0.80	0.74	0.73	0.71	0.40	0.78	0.74	0.73	0.70	0.62	0.18
qP_Lss4	0.68	0.66	0.68	0.57	0.64	0.40	0.60	0.72	0.74	0.74	0.64	0.28	0.57	0.74	0.67	0.66	0.64	0.28	0.70	0.67	0.69	0.65	0.58	0.12
qP_Lss5	0.63	0.61	0.63	0.51	0.59	0.35	0.53	0.66	0.69	0.70	0.59	0.23	0.50	0.69	0.61	0.60	0.57	0.27	0.64	0.62	0.65	0.62	0.56	0.09
qP_Lss6	0.57	0.56	0.60	0.46	0.53	0.28	0.48	0.61	0.65	0.66	0.54	0.18	0.44	0.65	0.56	0.56	0.49	0.16	0.60	0.58	0.63	0.59	0.52	0.06
qP_Lss7	0.54	0.53	0.56	0.42	0.50	0.26	0.44	0.56	0.60	0.62	0.47	0.13	0.39	0.62	0.53	0.51	0.45	0.15	0.56	0.54	0.62	0.56	0.49	0.04
qP_Lss8	0.51	0.50	0.54	0.38	0.44	0.23	0.40	0.53	0.56	0.59	0.44	0.12	0.35	0.59	0.49	0.49	0.42	0.11	0.54	0.51	0.60	0.54	0.46	0.04
qP_Lss9	0.48	0.46	0.51	0.36	0.42	0.20	0.38	0.48	0.54	0.55	0.41	0.07	0.30	0.57	0.46	0.44	0.34	0.07	0.51	0.48	0.57	0.52	0.42	0.03
qP_Lss10	0.45	0.44	0.48	0.32	0.37	0.15	0.34	0.45	0.50	0.50	0.34	0.06	0.29	0.53	0.40	0.38	0.32	0.06	0.47	0.44	0.54	0.47	0.38	0.04
qP_Lss11	0.43	0.41	0.44	0.28	0.33	0.10	0.30	0.39	0.46	0.46	0.29	0.04	0.26	0.50	0.34	0.37	0.28	0.03	0.44	0.42	0.52	0.44	0.35	0.03
qP_Lss12	0.40	0.40	0.43	0.25	0.31	0.07	0.29	0.40	0.41	0.43	0.29	0.04	0.23	0.46	0.36	0.36	0.29	0.03	0.42	0.40	0.49	0.42	0.33	0.03
qP_Lss13	0.38	0.37	0.41	0.27	0.28	0.05	0.27	0.36	0.40	0.38	0.22	0.03	0.23	0.44	0.32	0.31	0.26	0.05	0.40	0.37	0.46	0.39	0.29	0.02
qP_Lss14	0.35	0.34	0.40	0.24	0.28	0.04	0.24	0.34	0.36	0.37	0.20	0.03	0.22	0.40	0.29	0.29	0.19	0.03	0.36	0.35	0.42	0.35	0.27	0.02
qP_Lss15	0.34	0.34	0.36	0.23	0.25	0.05	0.24	0.31	0.33	0.34	0.15	0.00	0.20	0.36	0.27	0.26	0.22	0.05	0.35	0.33	0.41	0.34	0.23	0.04
qL_Lss1	1.07	1.07	1.07	1.07	1.06	1.04	1.07	1.07	1.06	1.06	1.06	0.98	1.08	1.07	1.07	1.08	1.06	0.96	1.07	1.06	1.07	1.08	1.06	1.00
qL_Lss2	1.10	1.10	1.09	1.07	1.06	0.92	1.12	1.10	1.10	1.08	1.06	0.72	1.14	1.10	1.12	1.10	1.05	0.76	1.11	1.10	1.09	1.10	1.02	0.62
qL_Lss3	1.11	1.09	1.09	1.01	1.01	0.76	1.10	1.11	1.10	1.08	1.01	0.60	1.12	1.13	1.11	1.07	0.97	0.61	1.12	1.10	1.08	1.08	0.97	0.41
qL_Lss4	1.07	1.04	1.04	0.91	0.94	0.64	1.03	1.08	1.08	1.05	0.94	0.48	1.05	1.11	1.05	1.00	0.88	0.46	1.11	1.07	1.06	1.03	0.92	0.29
qL_Lss5	1.01	0.97	0.96	0.81	0.87	0.56	0.93	1.02	1.03	1.00	0.86	0.41	0.96	1.06	0.97	0.91	0.79	0.44	1.06	1.01	1.02	0.97	0.88	0.21
qL_Lss6	0.93	0.89	0.89	0.73	0.78	0.46	0.85	0.95	0.95	0.95	0.78	0.32	0.86	0.99	0.89	0.83	0.70	0.28	1.01	0.95	0.98	0.91	0.81	0.15
qL_Lss7	0.86	0.83	0.83	0.65	0.72	0.42	0.77	0.87	0.89	0.89	0.68	0.24	0.76	0.93	0.82	0.76	0.64	0.28	0.95	0.88	0.95	0.86	0.75	0.09
qL_Lss8	0.80	0.77	0.77	0.59	0.63	0.37	0.70	0.81	0.82	0.83	0.63	0.22	0.67	0.88	0.74	0.71	0.59	0.21	0.90	0.82	0.91	0.82	0.68	0.10
qL_Lss9	0.73	0.71	0.72	0.54	0.59	0.32	0.65	0.74	0.79	0.77	0.58	0.13	0.58	0.82	0.69	0.65	0.49	0.13	0.84	0.77	0.86	0.77	0.61	0.07
qL_Lss10	0.68	0.67	0.68	0.49	0.53	0.25	0.58	0.68	0.72	0.70	0.49	0.11	0.54	0.77	0.61	0.57	0.47	0.11	0.77	0.70	0.81	0.70	0.55	0.08
qL_Lss11	0.64	0.61	0.62	0.43	0.47	0.18	0.51	0.60	0.66	0.65	0.41	0.08	0.49	0.71	0.52	0.55	0.41	0.06	0.72	0.65	0.77	0.65	0.50	0.07
qL_Lss12	0.59	0.59	0.60	0.38	0.45	0.13	0.49	0.59	0.60	0.61	0.42	0.07	0.42	0.66	0.53	0.52	0.42	0.06	0.67	0.61	0.72	0.62	0.47	0.06
qL_Lss13	0.56	0.55	0.57	0.40	0.40	0.10	0.45	0.54	0.58	0.54	0.32	0.07	0.41	0.63	0.48	0.46	0.38	0.09	0.63	0.57	0.67	0.57	0.42	0.04
qL_Lss14	0.51	0.50	0.56	0.36	0.40	0.07	0.40	0.51	0.52	0.53	0.30	0.05	0.38	0.58	0.43	0.43	0.28	0.06	0.57	0.53	0.61	0.52	0.38	0.05
qL_Lss15	0.49	0.49	0.49	0.34	0.36	0.10	0.39	0.46	0.49	0.48	0.23	0.00	0.35	0.52	0.41	0.39	0.32	0.09	0.55	0.50	0.58	0.51	0.33	0.08
PAR1	59.15	59.15	59.15	59.15	59.15	59.15	59.15	59.15	59.15	59.15	59.15	59.15	59.15	59.15	59.15	59.15	59.15	59.15	59.15	59.15	59.15	59.15	59.15	59.15
PAR2	179.76	179.76	179.76	179.76	179.76	179.76	179.76	179.76	179.76	179.76	179.76	179.76	179.76	179.76	179.76	179.76	179.76	179.76	179.76	179.76	179.76	179.76	179.76	179.76
PAR3	300.37	300.37	300.37	300.37	300.37	300.37	300.37	300.37	300.37	300.37	300.37	300.37	300.37	300.37	300.37	300.37	300.37	300.37	300.37	300.37	300.37	300.37	300.37	300.37
PAR4	420.98	420.98	420.98	420.98	420.98	420.98	420.98	420.98	420.98	420.98	420.98	420.98	420.98	420.98	420.98	420.98	420.98	420.98	420.98	420.98	420.98	420.98	420.98	420.98
PAR5	541.59	541.59	541.59	541.59	541.59	541.59	541.59	541.59	541.59	541.59	541.59	541.59	541.59	541.59	541.59	541.59	541.59	541.59	541.59	541.59	541.59	541.59	541.59	541.59
PAR6	662.20	662.20	662.20	662.20	662.20	662.20	662.20	662.20	662.20	662.20	662.20	662.20	662.20	662.20	662.20	662.20	662.20	662.20	662.20	662.20	662.20	662.20	662.20	662.20
PAR7	782.81	782.81	782.81	782.81	782.81	782.81	782.81	782.81	782.81	782.81	782.81	782.81	782.81	782.81	782.81	782.81	782.81	782.81	782.81	782.81	782.81	782.81	782.81	782.81
PAR8	903.42	903.42	903.42	903.42	903.42	903.42	903.42	903.42	903.42	903.42	903.42	903.42	903.42	903.42	903.42	903.42	903.42	903.42	903.42	903.42	903.42	903.42	903.42	903.42
PAR9	1024.03	1024.03	1024.03	1024.03	1024.03	1024.03	1024.03	1024.03	1024.03	1024.03	1024.03	1024.03	1024.03	1024.03	1024.03	1024.03	1024.03	1024.03	1024.03	1024.03	1024.03	1024.03	1024.03	1024.03
PAR10	1144.64	1144.64	1144.64	1144.64	1144.64	1144.64	1144.64	1144.64	1144.64	1144.64	1144.64	1144.64	1144.64	1144.64	1144.64	1144.64	1144.64	1144.64	1144.64	1144.64	1144.64	1144.64	1144.64	1144.64
PAR11	1265.25	1265.25	1265.25	1265.25	1265.25	1265.25	1265.25	1265.25	1265.25	1265.25	1265.25	1265.25	1265.25	1265.25	1265.25	1265.25	1265.25	1265.25	1265.25	1265.25	1265.25	1265.25	1265.25	1265.25
PAR12	1385.86	1385.86	1385.86	1385.86	1385.86	1385.86	1385.86	1385.86	1385.86	1385.86	1385.86	1385.86	1385.86	1385.86	1385.86	1385.86	1385.86	1385.86	1385.86	1385.86	1385.86	1385.86	1385.86	1385.86
PAR13	1506.47	1506.47	1506.47	1506.47	1506.47	1506.47	1506.47	1506.47	1506.47	1506.47	1506.47	1506.47	1506.47	1506.47	1506.47	1506.47	1506.47	1506.47	1506.47	1506.47	1506.47	1506.47	1506.47	1506.47
PAR14	1627.08	1627.08	1627.08	1627.08	1627.08	1627.08	1627.08	1627.08	1627.08	1627.08	1627.08	1627.08	1627.08	1627.08	1627.08	1627.08	1627.08	1627.08	1627.08	1627.08	1627.08	1627.08	1627.08	1627.08
PAR15	1747.69	1747.69	1747.69	1747.69	1747.69	1747.69	1747.69	1747.69	1747.69	1747.69	1747.69	1747.69	1747.69	1747.69	1747.69	1747.69	1747.69	1747.69	1747.69	1747.69	1747.69	1747.69	1747.69	1747.69
ETR1	14.5018	14.3814	14.0582	13.5934	13.5044	11.4436	14.7079	14.6780	14.8549	14.3257	13.4875	9.5578	15.1557	15.2968	15.0935	14.5267	13.9877	9.3282	14.7953	14.3382	13.5928	13.7586	12.4850	9.1844
ETR2	39.8505	38.6446	37.9474	33.9489	34.6498	24.7337	38.4156	40.4930	41.2796	39.6714	34.5819	16.9807	38.9139	42.7289	40.2872	38.7199	35.0985	18.4425	40.9106	38.8867	35.8133	35.6987	30.1327	12.8223
ETR3	59.8402	56.8569	57.2949	47.3516	50.1898	30.2891	53.8397	61.9050	62.9943	60.8797	50.4071	21.9572	54.1956	64.9795	58.1680	55.5317	47.4583	22.6275	61.9766	57.5970	55.5541	54.1182	44.8179	13.0477
ETR4	73.9787	70.1529	70.9464	55.6318	60.9195	33.4787	64.2920	77.9592	79.5789	77.6535	60.4822	23.5065	64.0651	82.4179	71.1736	67.1960	54.8185	22.2481	77.9203	72.8555	73.3069	67.9907	56.9884	12.7512
ETR5	84.1404	78.9410	79.7694	60.4497	68.0549	36.6055	70.6717	88.0974	91.6897	89.1477	66.8302	24.7547	70.0573	94.5538	79.4594	73.4678	58.9655	27.3769	89.8987	84.0631	86.9058	80.3105	68.0939	11.4413
ETR6	89.3486	84.5915	87.0157	63.3078	70.0312	34.6787	75.4674	95.2886	98.3090	97.9916	69.6553	23.2446	73.6987	103.3432	84.6843	77.9727	58.6307	20.3685	100.7889	92.7683	100.6473	88.9431	73.5518	10.2045
ETR7	95.1308	89.9294	90.9101	63.7102	72.9127	37.1060	78.6171	98.1875	102.2771	103.0038	67.9308	20.4225	74.8120	110.9475	88.9991	79.5123	60.6337	23.4857	107.3582	98.4032	112.3611	95.9289	77.5326	6.9634
ETR8	99.0696	93.6594	94.5969	65.0176	69.1668	37.2475	80.4805	102.0428	104.5973	105.7378	69.3271	21.2346	73.3105	115.9791	89.0819	83.6402	62.4245	20.1868	115.5578	102.2316	121.8434	103.1904	77.4003	9.1518
ETR9	98.7255	93.6924	96.1686	65.5286	70.6507	35.6090	82.6151	99.5179	110.1864	105.9820	69.1306	14.2378	70.5116	118.6976	90.7499	83.1424	56.1527	13.4810	118.7531	105.0976	126.0663	106.5292	75.8054	6.9624
ETR10	100.0326	96.3756	97.3169	64.0608	67.9382	30.6866	79.5928	99.1812	108.1516	102.8505	62.2550	13.1636	72.7793	117.9310	84.3383	76.8969	58.5655	12.7379	118.4822	103.5342	128.8241	103.5424	72.3795	9.6481
ETR11	100.6364	93.9638	94.7265	60.4229	64.7428	24.0305	76.1409	92.0515	104.7874	102.0530	56.0428	10.3531	71.3474	117.1723	76.8809	81.0374	54.9970	7.1011	119.2124	104.1519	132.3794	102.3596	71.1714	8.6576
ETR12	98.5116	97.2911	97.5771	56.9533	66.0630	19.0475	79.2296	98.4704	100.3844	101.4647	61.4082	9.7649	66.0392	113.7035	85.1461	82.9853	62.5879	7.7902	118.7373	104.6792	129.7135	103.8581	71.3613	8.6945
ETR13	99.9928	96.6364	98.0326	65.4425	62.3708	15.5887	77.4516	93.7680	103.4583	94.0032	49.0175	10.1267	68.9998	115.1623	80.5506	76.3673	60.9034	14.2721	117.6295	102.3155	127.4935	101.9904	66.2776	5.7157
ETR14	94.2401	91.5636	101.7838	61.3460	68.5640	11.3230	73.5439	93.7285	97.5167	97.9561	49.2792	8.3379	69.1867	111.0687	76.9489	76.1336	46.3848	10.0534	112.6357	100.8244	120.1082	98.2800	64.2895	7.7625
ETR15	97.0732	96.1877	93.2275	61.9949	64.5526	17.2876	75.5438	89.3277	95.0958	92.7469	39.5888	0.3888	67.2430	102.2432	77.2774	73.2357	57.0024	16.3761	113.3238	100.9741	120.5555	100.5680	58.5346	13.9355
