FluorCam7 Numeric Avg Export File																								
-----------------------------------																								
	Area 1	Area 2	Area 3	Area 4	Area 5	Area 6	Area 7	Area 8	Area 9	Area 10	Area 11	Area 12	Area 13	Area 14	Area 15	Area 16	Area 17	Area 18	Area 19	Area 20	Area 21	Area 22	Area 23	Area 24
Size [pixels]	3684	5523	3684	4364	3150	3504	5252	3488	4080	5047	4900	3894	3508	4210	5636	4418	4641	3931	4341	3764	6207	4026	4425	3246
Fo	1718.73	2122.62	1884.78	1813.81	1857.32	1998.74	1691.09	1832.33	2031.87	2333.1	1738.41	1557.72	1860.89	2060.51	2366.33	2104.49	2013.03	1952.86	1732.55	1745.1	2445.89	2375.85	2027.77	2017.44
Fm	5534.27	6662.38	5914.62	5590.83	5460.35	4552.51	5833.49	6171.48	5621.71	7205.46	5230.99	3634.62	5586.38	6245.46	7001.98	5997.8	5688.65	4893.37	5290.27	5421.53	7051.58	6238.92	5332.88	4933.91
Fv	3815.54	4539.76	4029.84	3777.02	3603.03	2553.76	4142.4	4339.15	3589.83	4872.35	3492.59	2076.9	3725.49	4184.95	4635.65	3893.31	3675.62	2940.51	3557.72	3676.43	4605.69	3863.07	3305.11	2916.47
Fm_Lss1	5428.58	6522.47	5810.91	5525.11	5368.54	4051.84	5671.81	6041.8	5424.19	7013.17	4854.27	3049.44	5559.63	6223.88	6963.03	5983.01	5581.8	4796.34	5211.53	5360.73	7008.25	6103.04	5183.91	4998.05
Fm_Lss2	5243.58	6347	5710.66	5214.69	5030.42	3570.15	5496.75	5819.71	5291.62	6746.4	4304.52	2609.64	5431.21	6059.21	6654.28	5699.65	5208.6	4726.71	5085.97	5211.92	6734.53	5740.74	4815.36	4950.88
Fm_Lss3	5210.85	6230.41	5634.61	5206.53	4883.19	3312.8	5391.53	5699.9	5138.66	6049.3	3686.36	2550	5408.82	5982.59	6455.15	5563.87	4935.63	4731.22	5009.68	5159.1	6610.75	5438.53	4580.4	4870.38
Fm_Lss4	4985.79	5753.13	5331.05	5072.31	4627.83	3115.63	5156.03	5315.41	4944.03	5159.38	3105.59	2504.46	5173.75	5769.52	6199.92	5417.26	4634.37	4739.69	4904.44	5077.23	6441.13	5052.84	4285.65	4877.01
Fm_Lss5	4539.47	5090.09	4794	4770.94	4165.75	3005.74	4698.77	4721.53	4809.73	4479.45	2644.77	2501.78	4738.19	5373.01	5824	5115.74	4196.31	4694.72	4684.47	4827.91	6160.48	4641.78	3973.34	4837.35
Fm_Lss6	4053.72	4424.3	4196.28	4133.03	3586.52	2892.41	4175.53	4155.35	4628.39	3922.72	2354.22	2494.15	4166.75	4848.64	5292.46	4682.08	3686.27	4588.04	4332.62	4403.94	5730.06	4220.98	3642.07	4748.71
Fm_Lss7	3572.23	3886.34	3653.93	3514.03	3058.31	2814.57	3625.23	3621.46	4514.37	3552.89	2143.23	2507.21	3675.01	4295.86	4762.82	4214.43	3215.44	4471.09	3950.31	3966.75	5197.18	3786.77	3343.3	4663.52
Fm_Lss8	3200.39	3495.82	3231.62	3003.72	2675.11	2705.55	3216.52	3176.81	4381.9	3276.6	1996.48	2530.23	3248.24	3795.1	4228.47	3731.1	2843.06	4360.94	3510.56	3532.66	4628.14	3460.77	3065.79	4570.6
Fm_Lss9	2879.08	3164.7	2943.69	2679.37	2374.01	2641.51	2885.19	2792.08	4228	3080.24	1910.42	2520.01	2929	3388.23	3799.89	3343.14	2536.44	4194.7	3153.2	3113.4	4119.03	3174.64	2799.27	4420.42
Fm_Lss10	2633.45	2913.64	2688.69	2390.77	2195.43	2592.33	2620.8	2543.18	4091.07	2966.77	1819.91	2513.11	2685.56	3076.97	3450.54	3040.07	2358.04	4013.79	2838.42	2777.93	3717.65	2982.43	2595.57	4290.57
Fm_Lss11	2448.49	2748.61	2512.67	2229.37	2053.34	2517.28	2421.1	2384.37	3897.34	2850.73	1786.57	2472.26	2476.52	2865.59	3184.54	2797.53	2185.46	3832.59	2540.27	2507.54	3405.06	2781.82	2429.95	4111.25
Fm_Lss12	2298.47	2592.17	2363.71	2088.8	1950.46	2464.83	2268.08	2255.28	3797.3	2755.73	1775.08	2415.8	2356.61	2661.23	2997.94	2623.78	2119.93	3660	2364.04	2290.34	3153.06	2680.45	2297.77	3951.49
Fm_Lss13	2172.56	2488.85	2261.98	1981.74	1866.42	2428.71	2145.36	2105.56	3624.68	2664.99	1759.07	2364.8	2215.45	2514.82	2835.73	2471.19	2057.89	3468.16	2187.67	2134.24	2956.35	2557.65	2187.21	3822
Fm_Lss14	2049.02	2400.27	2184.24	1903.87	1805.64	2384.56	2036.98	2014.47	3459.73	2604.92	1751.4	2264.97	2116.26	2396.06	2693.72	2369.64	1982.05	3281.42	2057.69	2005.77	2790.03	2454.34	2128.66	3727.54
Fm_Lss15	1970.63	2310.11	2094.01	1824.65	1775.79	2380.43	1944.28	1939.97	3325.9	2542.04	1764.66	2208.65	2067.41	2318.79	2600.26	2279.18	1956.4	3146.58	1953.06	1896.74	2694.01	2406.01	2073.78	3560.36
Ft_Lss1	2020.27	2544.17	2235.98	2315.75	2461.28	2998.5	1943	2090.98	2429.97	2653.15	2005.77	1851.07	2149.89	2344.18	2757.63	2486.76	2474.64	3097.6	1984.33	2008.16	2833.21	2766.36	2429.01	3074.44
Ft_Lss2	2286.27	2892.97	2670.52	2682.83	2930.68	3105.1	2043.84	2214.6	3112.9	2988.01	2104.59	1965.61	2349.49	2546.98	3081.22	2799.67	2839.78	3994.33	2179.91	2229.67	3160.07	3048.58	2749.26	4052.19
Ft_Lss3	2557.21	3170.18	2965.76	2741.11	2948.75	2988.94	2223.04	2434.6	3577.85	3184.96	2063.61	2059.81	2597.96	2805.05	3295.72	2967.43	2934	4313.87	2366.71	2432.15	3380.27	3166.39	2855.44	4369.92
Ft_Lss4	2742.16	3258.42	3124.42	2787.84	2875.11	2867.34	2418.96	2559.09	3788.25	3081.31	1934.39	2146.63	2767.12	2983.11	3392.89	3033.2	2878.23	4477.26	2522.58	2597.32	3496.1	3172.66	2842.73	4523.26
Ft_Lss5	2764.96	3125.17	3069.03	2745.06	2729.25	2810.07	2458.45	2511.02	3879.91	2968.1	1803.59	2210.46	2763.46	3036.44	3401.28	3030.79	2777.08	4537.21	2567.9	2639.97	3549.44	3084.94	2771.96	4588.13
Ft_Lss6	2670.79	2941.14	2871.61	2573.95	2486.53	2730.23	2379.31	2384.79	3904.37	2825.94	1712.12	2273.21	2627.4	2951.06	3301.59	2940.46	2614.36	4518.85	2567.2	2611.95	3486.7	2953.75	2656.83	4600.77
Ft_Lss7	2506.04	2763.9	2649.97	2350.98	2291.1	2666.98	2249.31	2247.24	3917.12	2710.33	1636.66	2336.32	2469.68	2789.82	3133.39	2790.39	2414.51	4429.47	2462.74	2481.81	3344.79	2781.9	2523.49	4570.04
Ft_Lss8	2343.44	2587.01	2451.52	2129.7	2074.43	2580.01	2124.51	2114.48	3902.27	2619.75	1589.05	2373.47	2307.57	2607.59	2947.13	2635.5	2244.01	4329.37	2337.22	2330.55	3144.81	2644.2	2393.48	4460.61
Ft_Lss9	2195.04	2451.28	2295.6	1971.88	1922.27	2545.47	1983.44	1984.42	3860.46	2551.14	1573.52	2401.35	2186.75	2450.85	2772.12	2474.55	2092.45	4183.08	2184.27	2163.2	2945.71	2522.75	2267.56	4370.72
Ft_Lss10	2078.85	2340.61	2179.29	1847.3	1820.8	2492.16	1896.74	1901.05	3762.01	2497.92	1538.32	2403.84	2086.25	2326.73	2624.93	2337.21	1984.14	4003.01	2038.51	2012.19	2773.12	2421.48	2150.11	4215.61
Ft_Lss11	1971.53	2251.02	2085.98	1761.09	1732.83	2435.89	1813.37	1822.53	3676.61	2441.54	1539.81	2393.01	1987.32	2208.21	2510.58	2220.78	1905.12	3836.01	1923.89	1905.04	2631.26	2329.15	2075.52	4103.77
Ft_Lss12	1897.62	2182.84	2022.8	1696.73	1682.46	2401.8	1759.49	1778.35	3557.99	2422.47	1550.74	2349.23	1927.22	2135.51	2423.55	2144.52	1856.47	3658	1836.81	1810.13	2511.26	2286.57	2007.72	3943.64
Ft_Lss13	1835.26	2119.73	1952.54	1644.94	1649.72	2376.48	1700.4	1740.05	3427.58	2363.2	1541.44	2305.14	1876.24	2081.09	2346.24	2080.13	1836.28	3491	1757.62	1727.88	2428.89	2227.62	1960.59	3800.27
Ft_Lss14	1781.06	2085.29	1931.46	1603.18	1627.09	2340.85	1665.76	1709.99	3311.27	2362.81	1583.07	2238.62	1843.02	2038.78	2297.51	2049.3	1814.63	3323.83	1704.36	1674.08	2342.11	2178.37	1925.35	3695.17
Ft_Lss15	1717.99	2053.31	1885.24	1577.24	1593.88	2349.15	1626.82	1674.02	3198.95	2319.13	1615.17	2165.85	1795.37	1990.12	2252.48	2009.69	1793.76	3153.98	1638.57	1628.43	2294.59	2164.58	1904.81	3563.52
Fo_Lss1	1708.4	2108.22	1874.12	1806.84	1846.58	1895.89	1677.23	1820.73	2005.48	2312.57	1694.7	1439.34	1857.92	2058.15	2361.86	2102.67	1999.48	1937.22	1724.02	1738.75	2440.66	2355.88	2005.85	2028.08
Fo_Lss2	1689.64	2089.54	1863.57	1772.33	1804.85	1783.31	1661.58	1800.03	1987.07	2282.81	1622.36	1333.28	1843.35	2039.82	2325.27	2066.56	1949.45	1925.76	1710.05	1722.8	2406.59	2299.85	1948.16	2020.27
Fo_Lss3	1686.23	2076.75	1855.4	1771.39	1785.53	1716.69	1651.84	1788.4	1965.11	2197.13	1525.92	1317.54	1840.76	2031.06	2300.47	2048.44	1909.91	1926.51	1701.34	1716.99	2390.59	2249.77	1908.55	2006.74
Fo_Lss4	1661.95	2020.87	1821.25	1755.59	1750.22	1662.18	1629.04	1748.71	1935.96	2067.6	1416.29	1305.28	1812.73	2005.91	2267.21	2028.23	1863.05	1927.91	1689.03	1707.82	2368.04	2180.9	1855.38	2007.86
Fo_Lss5	1609.21	1932.45	1754.12	1718.02	1679.75	1630.38	1580.45	1679.22	1915.02	1949.04	1312.03	1304.55	1756.17	1955.73	2214.93	1984.44	1788.01	1920.43	1662.15	1678.66	2329.04	2100.61	1794.32	2001.11
Fo_Lss6	1543.64	1828.01	1667.22	1627.56	1577.05	1596.45	1516.53	1601.61	1885.61	1835.69	1236.34	1302.47	1671.22	1881.66	2133.44	1915.61	1688.47	1902.34	1615.6	1624.29	2264.72	2009.93	1723.53	1985.77
Fo_Lss7	1468.28	1729.12	1574.38	1521.99	1465.74	1572.45	1437.29	1515.5	1866.4	1750.42	1175.56	1306.02	1586.1	1792.17	2041.91	1832.42	1582.34	1881.93	1559.32	1560.84	2176.52	1905.87	1653.6	1970.72
Fo_Lss8	1401.36	1647.24	1490.46	1417.67	1371.57	1537.83	1368.35	1431.64	1843.36	1680.6	1130	1312.24	1500.99	1698.66	1936.97	1734.71	1486.53	1862.13	1485.86	1488.86	2069.94	1819.6	1582.74	1953.93
Fo_Lss9	1336.07	1569.85	1426.12	1341.05	1287.83	1516.93	1304.62	1347.94	1815.56	1627.39	1101.91	1309.49	1429.01	1612.02	1841.81	1645.91	1398.16	1831.14	1417.84	1408.9	1961.5	1737.28	1508.59	1925.96
Fo_Lss10	1280.64	1505.5	1363.47	1264.64	1233.4	1500.58	1247.7	1287.12	1789.84	1595.16	1071.18	1307.62	1368.49	1538	1755.65	1568.91	1342.18	1795.81	1350.5	1335.89	1865.59	1678.09	1447.37	1900.9
Fo_Lss11	1235.26	1460.2	1316.7	1218	1187.25	1475.12	1200.56	1245.15	1751.74	1560.99	1059.54	1296.48	1312.06	1483.31	1684.08	1501.72	1284.45	1758.61	1279.07	1270.03	1783.43	1612.66	1394.37	1864.86
Fo_Lss12	1195.88	1414.84	1274.61	1174.81	1152.11	1456.96	1161.69	1209.01	1731.24	1532.07	1055.49	1280.78	1277.61	1426.6	1630.41	1450.17	1261.53	1721.36	1232.8	1211.83	1711.78	1578.06	1349.82	1831.28
Fo_Lss13	1160.88	1383.49	1244.43	1140.16	1122.26	1444.26	1128.63	1164.62	1694.45	1503.61	1049.81	1266.3	1234.96	1383.42	1581.22	1402.31	1239.3	1677.72	1183.06	1166.68	1652.1	1534.68	1310.89	1802.97
Fo_Lss14	1124.65	1355.68	1220.53	1113.95	1100	1428.53	1097.9	1136.2	1657.51	1484.3	1047.08	1237.1	1203.51	1346.7	1536.07	1369.02	1211.38	1632.77	1143.98	1127.21	1598.83	1496.87	1289.63	1781.67
Fo_Lss15	1100.62	1326.44	1191.83	1086.35	1088.85	1427.05	1070.39	1112.11	1626.16	1463.67	1051.8	1220.11	1187.55	1321.95	1505.22	1338.33	1201.75	1598.68	1110.89	1091.94	1566.83	1478.76	1269.28	1742.56
Fv_Lss1	3720.18	4414.25	3936.79	3718.27	3521.97	2155.95	3994.58	4221.07	3418.71	4700.6	3159.57	1610.1	3701.71	4165.72	4601.16	3880.34	3582.32	2859.12	3487.51	3621.97	4567.6	3747.16	3178.06	2969.97
Fv_Lss2	3553.94	4257.45	3847.09	3442.36	3225.57	1786.85	3835.16	4019.68	3304.55	4463.59	2682.15	1276.36	3587.86	4019.39	4329.02	3633.09	3259.15	2800.95	3375.92	3489.12	4327.94	3440.89	2867.21	2930.61
Fv_Lss3	3524.62	4153.66	3779.21	3435.14	3097.66	1596.1	3739.69	3911.5	3173.55	3852.17	2160.44	1232.46	3568.06	3951.53	4154.68	3515.43	3025.71	2804.71	3308.34	3442.11	4220.15	3188.76	2671.85	2863.64
Fv_Lss4	3323.84	3732.26	3509.8	3316.73	2877.61	1453.45	3526.99	3566.69	3008.07	3091.78	1689.3	1199.18	3361.01	3763.61	3932.71	3389.03	2771.32	2811.78	3215.41	3369.41	4073.08	2871.94	2430.28	2869.15
Fv_Lss5	2930.25	3157.64	3039.88	3052.92	2486	1375.36	3118.32	3042.31	2894.71	2530.4	1332.74	1197.23	2982.02	3417.27	3609.07	3131.3	2408.29	2774.29	3022.31	3149.25	3831.44	2541.16	2179.02	2836.24
Fv_Lss6	2510.08	2596.29	2529.06	2505.47	2009.47	1295.96	2659	2553.74	2742.78	2087.04	1117.88	1191.68	2495.53	2966.98	3159.02	2766.46	1997.8	2685.7	2717.02	2779.64	3465.34	2211.05	1918.55	2762.93
Fv_Lss7	2103.95	2157.22	2079.55	1992.05	1592.58	1242.12	2187.94	2105.97	2647.96	1802.47	967.67	1201.18	2088.92	2503.69	2720.92	2382.01	1633.1	2589.17	2390.98	2405.91	3020.66	1880.9	1689.7	2692.8
Fv_Lss8	1799.03	1848.57	1741.16	1586.05	1303.54	1167.72	1848.16	1745.17	2538.53	1596	866.47	1217.99	1747.26	2096.44	2291.5	1996.38	1356.53	2498.81	2024.7	2043.8	2558.2	1641.17	1483.05	2616.66
Fv_Lss9	1543.01	1594.85	1517.57	1338.32	1086.18	1124.58	1580.57	1444.14	2412.44	1452.85	808.51	1210.52	1499.99	1776.22	1958.08	1697.23	1138.29	2363.56	1735.36	1704.51	2157.52	1437.36	1290.69	2494.46
Fv_Lss10	1352.81	1408.14	1325.22	1126.13	962.02	1091.75	1373.1	1256.05	2301.23	1371.61	748.73	1205.49	1317.06	1538.97	1694.89	1471.16	1015.86	2217.98	1487.92	1442.03	1852.06	1304.34	1148.2	2389.67
Fv_Lss11	1213.23	1288.41	1195.97	1011.37	866.09	1042.16	1220.54	1139.22	2145.6	1289.74	727.03	1175.78	1164.46	1382.29	1500.46	1295.82	901.01	2073.98	1261.2	1237.51	1621.63	1169.16	1035.58	2246.39
Fv_Lss12	1102.59	1177.33	1089.11	914	798.35	1007.88	1106.39	1046.26	2066.06	1223.65	719.59	1135.02	1078.99	1234.63	1367.53	1173.61	858.4	1938.64	1131.24	1078.51	1441.29	1102.39	947.96	2120.21
Fv_Lss13	1011.68	1105.36	1017.55	841.58	744.16	984.45	1016.73	940.94	1930.23	1161.38	709.26	1098.5	980.49	1131.39	1254.51	1068.88	818.6	1790.45	1004.61	967.56	1304.26	1022.97	876.32	2019.03
Fv_Lss14	924.38	1044.59	963.71	789.92	705.64	956.03	939.08	878.27	1802.22	1120.62	704.33	1027.87	912.75	1049.35	1157.65	1000.62	770.67	1648.66	913.71	878.56	1191.2	957.46	839.03	1945.87
Fv_Lss15	870.02	983.67	902.18	738.3	686.94	953.38	873.89	827.86	1699.74	1078.37	712.86	988.54	879.85	996.84	1095.04	940.85	754.65	1547.9	842.16	804.8	1127.18	927.25	804.5	1817.8
Fq_Lss1	3408.31	3978.3	3574.93	3209.35	2907.26	1053.34	3728.81	3950.83	2994.21	4360.02	2848.49	1198.37	3409.74	3879.7	4205.39	3496.25	3107.16	1698.74	3227.2	3352.56	4175.04	3336.68	2754.9	1923.61
Fq_Lss2	2957.31	3454.02	3040.14	2531.86	2099.74	465.05	3452.91	3605.1	2178.73	3758.39	2199.93	644.03	3081.72	3512.23	3573.07	2899.98	2368.81	732.38	2906.06	2982.25	3574.46	2692.16	2066.11	898.69
Fq_Lss3	2653.65	3060.23	2668.85	2465.42	1934.44	323.85	3168.49	3265.3	1560.81	2864.35	1622.75	490.19	2810.86	3177.54	3159.43	2596.44	2001.63	417.35	2642.97	2726.95	3230.48	2272.14	1724.96	500.46
Fq_Lss4	2243.63	2494.71	2206.63	2284.47	1752.72	248.29	2737.07	2756.32	1155.78	2078.07	1171.2	357.83	2406.63	2786.42	2807.03	2384.06	1756.14	262.44	2381.86	2479.91	2945.03	1880.17	1442.92	353.75
Fq_Lss5	1774.51	1964.92	1724.97	2025.88	1436.51	195.68	2240.32	2210.51	929.82	1511.35	841.18	291.32	1974.73	2336.57	2422.72	2084.94	1419.23	157.51	2116.57	2187.95	2611.04	1556.84	1201.39	249.22
Fq_Lss6	1382.93	1483.16	1324.67	1559.09	1099.99	162.18	1796.22	1770.55	724.02	1096.78	642.1	220.94	1539.35	1897.57	1990.87	1741.62	1071.92	69.19	1765.42	1791.99	2243.36	1267.22	985.25	147.94
Fq_Lss7	1066.2	1122.44	1003.96	1163.05	767.21	147.59	1375.92	1374.23	597.25	842.56	506.57	170.88	1205.33	1506.04	1629.44	1424.03	800.93	41.62	1487.56	1484.94	1852.39	1004.87	819.82	93.48
Fq_Lss8	856.96	908.8	780.1	874.01	600.68	125.54	1092	1062.33	479.63	656.85	407.43	156.75	940.68	1187.51	1281.34	1095.6	599.05	31.57	1173.34	1202.11	1483.33	816.57	672.3	109.99
Fq_Lss9	684.04	713.43	648.09	707.49	451.73	96.04	901.75	807.66	367.54	529.11	336.9	118.66	742.25	937.39	1027.77	868.59	443.99	11.62	968.93	950.2	1173.32	651.89	531.71	49.7
Fq_Lss10	554.6	573.03	509.4	543.47	374.63	100.17	724.06	642.12	329.05	468.85	281.59	109.27	599.31	750.24	825.61	702.87	373.9	10.78	799.9	765.73	944.53	560.95	445.46	74.96
Fq_Lss11	476.97	497.59	426.69	468.28	320.51	81.39	607.73	561.84	220.73	409.19	246.76	79.25	489.2	657.38	673.96	576.75	280.34	-3.42	616.38	602.5	773.8	452.68	354.43	7.49
Fq_Lss12	400.85	409.33	340.91	392.07	268	63.03	508.59	476.93	239.31	333.26	224.34	66.57	429.39	525.71	574.4	479.26	263.45	2	527.24	480.2	641.8	393.88	290.06	7.85
Fq_Lss13	337.3	369.12	309.44	336.8	216.71	52.23	444.96	365.51	197.1	301.79	217.63	59.66	339.22	433.73	489.49	391.06	221.61	-22.83	430.05	406.37	527.46	330.03	226.63	21.73
Fq_Lss14	267.96	314.97	252.79	300.69	178.54	43.71	371.22	304.47	148.46	242.11	168.33	26.35	273.24	357.28	396.21	320.34	167.42	-42.41	353.32	331.68	447.92	275.97	203.31	32.37
Fq_Lss15	252.64	256.8	208.77	247.41	181.91	31.28	317.46	265.95	126.96	222.9	149.48	42.8	272.04	328.67	347.77	269.49	162.64	-7.4	314.48	268.32	399.41	241.43	168.97	-3.16
QY_max	0.69	0.68	0.68	0.68	0.66	0.56	0.71	0.7	0.64	0.68	0.67	0.57	0.67	0.67	0.66	0.65	0.65	0.6	0.67	0.68	0.65	0.62	0.62	0.59
Fv/Fm_Lss1	0.69	0.68	0.68	0.67	0.66	0.53	0.7	0.7	0.63	0.67	0.65	0.53	0.67	0.67	0.66	0.65	0.64	0.6	0.67	0.68	0.65	0.61	0.61	0.59
Fv/Fm_Lss2	0.68	0.67	0.67	0.66	0.64	0.5	0.7	0.69	0.62	0.66	0.62	0.49	0.66	0.66	0.65	0.64	0.63	0.59	0.66	0.67	0.64	0.6	0.6	0.59
Fv/Fm_Lss3	0.68	0.67	0.67	0.66	0.63	0.48	0.69	0.69	0.62	0.64	0.59	0.48	0.66	0.66	0.64	0.63	0.61	0.59	0.66	0.67	0.64	0.59	0.58	0.59
Fv/Fm_Lss4	0.67	0.65	0.66	0.65	0.62	0.47	0.68	0.67	0.61	0.6	0.54	0.48	0.65	0.65	0.63	0.63	0.6	0.59	0.66	0.66	0.63	0.57	0.57	0.59
Fv/Fm_Lss5	0.65	0.62	0.63	0.64	0.6	0.46	0.66	0.64	0.6	0.56	0.5	0.48	0.63	0.64	0.62	0.61	0.57	0.59	0.65	0.65	0.62	0.55	0.55	0.59
Fv/Fm_Lss6	0.62	0.59	0.6	0.61	0.56	0.45	0.64	0.61	0.59	0.53	0.47	0.48	0.6	0.61	0.6	0.59	0.54	0.59	0.63	0.63	0.6	0.52	0.53	0.58
Fv/Fm_Lss7	0.59	0.56	0.57	0.57	0.52	0.44	0.6	0.58	0.59	0.51	0.45	0.48	0.57	0.58	0.57	0.57	0.51	0.58	0.61	0.61	0.58	0.5	0.51	0.58
Fv/Fm_Lss8	0.56	0.53	0.54	0.53	0.49	0.43	0.57	0.55	0.58	0.49	0.43	0.48	0.54	0.55	0.54	0.54	0.48	0.57	0.58	0.58	0.55	0.47	0.48	0.57
Fv/Fm_Lss9	0.54	0.5	0.52	0.5	0.46	0.43	0.55	0.52	0.57	0.47	0.42	0.48	0.51	0.52	0.52	0.51	0.45	0.56	0.55	0.55	0.52	0.45	0.46	0.56
Fv/Fm_Lss10	0.51	0.48	0.49	0.47	0.44	0.42	0.52	0.49	0.56	0.46	0.41	0.48	0.49	0.5	0.49	0.48	0.43	0.55	0.52	0.52	0.5	0.44	0.44	0.56
Fv/Fm_Lss11	0.5	0.47	0.48	0.45	0.42	0.41	0.5	0.48	0.55	0.45	0.41	0.48	0.47	0.48	0.47	0.46	0.41	0.54	0.5	0.49	0.48	0.42	0.43	0.55
Fv/Fm_Lss12	0.48	0.45	0.46	0.44	0.41	0.41	0.49	0.46	0.54	0.44	0.41	0.47	0.46	0.46	0.46	0.45	0.4	0.53	0.48	0.47	0.46	0.41	0.41	0.54
Fv/Fm_Lss13	0.47	0.44	0.45	0.42	0.4	0.41	0.47	0.45	0.53	0.44	0.4	0.46	0.44	0.45	0.44	0.43	0.4	0.52	0.46	0.45	0.44	0.4	0.4	0.53
Fv/Fm_Lss14	0.45	0.44	0.44	0.41	0.39	0.4	0.46	0.44	0.52	0.43	0.4	0.45	0.43	0.44	0.43	0.42	0.39	0.5	0.44	0.44	0.43	0.39	0.39	0.52
Fv/Fm_Lss15	0.44	0.43	0.43	0.4	0.39	0.4	0.45	0.43	0.51	0.42	0.4	0.45	0.43	0.43	0.42	0.41	0.39	0.49	0.43	0.42	0.42	0.39	0.39	0.51
QY_Lss1	0.63	0.61	0.62	0.58	0.54	0.26	0.66	0.65	0.55	0.62	0.59	0.39	0.61	0.62	0.6	0.58	0.56	0.35	0.62	0.63	0.6	0.55	0.53	0.38
QY_Lss2	0.56	0.54	0.53	0.49	0.42	0.13	0.63	0.62	0.41	0.56	0.51	0.25	0.57	0.58	0.54	0.51	0.45	0.15	0.57	0.57	0.53	0.47	0.43	0.18
QY_Lss3	0.51	0.49	0.47	0.47	0.4	0.1	0.59	0.57	0.3	0.47	0.44	0.19	0.52	0.53	0.49	0.47	0.41	0.09	0.53	0.53	0.49	0.42	0.38	0.1
QY_Lss4	0.45	0.43	0.41	0.45	0.38	0.08	0.53	0.52	0.23	0.4	0.38	0.14	0.47	0.48	0.45	0.44	0.38	0.06	0.49	0.49	0.46	0.37	0.34	0.07
QY_Lss5	0.39	0.39	0.36	0.42	0.34	0.07	0.48	0.47	0.19	0.34	0.32	0.12	0.42	0.43	0.42	0.41	0.34	0.03	0.45	0.45	0.42	0.34	0.3	0.05
QY_Lss6	0.34	0.34	0.32	0.38	0.31	0.06	0.43	0.43	0.16	0.28	0.27	0.09	0.37	0.39	0.38	0.37	0.29	0.02	0.41	0.41	0.39	0.3	0.27	0.03
QY_Lss7	0.3	0.29	0.27	0.33	0.25	0.05	0.38	0.38	0.13	0.24	0.24	0.07	0.33	0.35	0.34	0.34	0.25	0.01	0.38	0.37	0.36	0.27	0.25	0.02
QY_Lss8	0.27	0.26	0.24	0.29	0.22	0.05	0.34	0.33	0.11	0.2	0.2	0.06	0.29	0.31	0.3	0.29	0.21	0.01	0.33	0.34	0.32	0.24	0.22	0.02
QY_Lss9	0.24	0.23	0.22	0.26	0.19	0.04	0.31	0.29	0.09	0.17	0.18	0.05	0.25	0.28	0.27	0.26	0.18	0	0.31	0.31	0.28	0.21	0.19	0.01
QY_Lss10	0.21	0.2	0.19	0.23	0.17	0.04	0.28	0.25	0.08	0.16	0.15	0.04	0.22	0.24	0.24	0.23	0.16	0	0.28	0.28	0.25	0.19	0.17	0.02
QY_Lss11	0.19	0.18	0.17	0.21	0.16	0.03	0.25	0.24	0.06	0.14	0.14	0.03	0.2	0.23	0.21	0.21	0.13	0	0.24	0.24	0.23	0.16	0.15	0
QY_Lss12	0.17	0.16	0.14	0.19	0.14	0.03	0.22	0.21	0.06	0.12	0.13	0.03	0.18	0.2	0.19	0.18	0.12	0	0.22	0.21	0.2	0.15	0.13	0
QY_Lss13	0.16	0.15	0.14	0.17	0.12	0.02	0.21	0.17	0.05	0.11	0.12	0.03	0.15	0.17	0.17	0.16	0.11	-0.01	0.2	0.19	0.18	0.13	0.1	0.01
QY_Lss14	0.13	0.13	0.12	0.16	0.1	0.02	0.18	0.15	0.04	0.09	0.1	0.01	0.13	0.15	0.15	0.14	0.08	-0.01	0.17	0.17	0.16	0.11	0.1	0.01
QY_Lss15	0.13	0.11	0.1	0.14	0.1	0.01	0.16	0.14	0.04	0.09	0.08	0.02	0.13	0.14	0.13	0.12	0.08	0	0.16	0.14	0.15	0.1	0.08	0
NPQ_Lss1	0.02	0.02	0.02	0.01	0.02	0.12	0.03	0.02	0.04	0.03	0.08	0.19	0	0	0.01	0	0.02	0.02	0.02	0.01	0.01	0.02	0.03	-0.01
NPQ_Lss2	0.06	0.05	0.04	0.07	0.09	0.28	0.06	0.06	0.06	0.07	0.22	0.39	0.03	0.03	0.05	0.05	0.09	0.04	0.04	0.04	0.05	0.09	0.11	0
NPQ_Lss3	0.06	0.07	0.05	0.07	0.12	0.37	0.08	0.08	0.09	0.19	0.42	0.43	0.03	0.04	0.08	0.08	0.15	0.03	0.06	0.05	0.07	0.15	0.16	0.01
NPQ_Lss4	0.11	0.16	0.11	0.1	0.18	0.46	0.13	0.16	0.14	0.4	0.68	0.45	0.08	0.08	0.13	0.11	0.23	0.03	0.08	0.07	0.09	0.23	0.24	0.01
NPQ_Lss5	0.22	0.31	0.23	0.17	0.31	0.51	0.24	0.31	0.17	0.61	0.98	0.45	0.18	0.16	0.2	0.17	0.36	0.04	0.13	0.12	0.14	0.34	0.34	0.02
NPQ_Lss6	0.37	0.51	0.41	0.35	0.52	0.57	0.4	0.49	0.21	0.84	1.22	0.46	0.34	0.29	0.32	0.28	0.54	0.07	0.22	0.23	0.23	0.48	0.46	0.04
NPQ_Lss7	0.55	0.71	0.62	0.59	0.79	0.62	0.61	0.7	0.25	1.03	1.44	0.45	0.52	0.45	0.47	0.42	0.77	0.09	0.34	0.37	0.36	0.65	0.6	0.06
NPQ_Lss8	0.73	0.91	0.83	0.86	1.04	0.68	0.81	0.94	0.28	1.2	1.62	0.44	0.72	0.65	0.66	0.61	1	0.12	0.51	0.53	0.52	0.8	0.74	0.08
NPQ_Lss9	0.92	1.11	1.01	1.09	1.3	0.72	1.02	1.21	0.33	1.34	1.74	0.44	0.91	0.84	0.84	0.79	1.24	0.17	0.68	0.74	0.71	0.97	0.91	0.12
NPQ_Lss10	1.1	1.29	1.2	1.34	1.49	0.76	1.23	1.43	0.37	1.43	1.87	0.45	1.08	1.03	1.03	0.97	1.41	0.22	0.86	0.95	0.9	1.09	1.05	0.15
NPQ_Lss11	1.26	1.42	1.35	1.51	1.66	0.81	1.41	1.59	0.44	1.53	1.93	0.47	1.26	1.18	1.2	1.14	1.6	0.28	1.08	1.16	1.07	1.24	1.19	0.2
NPQ_Lss12	1.41	1.57	1.5	1.68	1.8	0.85	1.57	1.74	0.48	1.61	1.95	0.5	1.37	1.35	1.34	1.29	1.68	0.34	1.24	1.37	1.24	1.33	1.32	0.25
NPQ_Lss13	1.55	1.68	1.61	1.82	1.93	0.87	1.72	1.93	0.55	1.7	1.97	0.54	1.52	1.48	1.47	1.43	1.76	0.41	1.42	1.54	1.39	1.44	1.44	0.29
NPQ_Lss14	1.7	1.78	1.71	1.94	2.02	0.91	1.86	2.06	0.62	1.77	1.99	0.6	1.64	1.61	1.6	1.53	1.87	0.49	1.57	1.7	1.53	1.54	1.51	0.32
NPQ_Lss15	1.81	1.88	1.82	2.06	2.07	0.91	2	2.18	0.69	1.83	1.96	0.65	1.7	1.69	1.69	1.63	1.91	0.56	1.71	1.86	1.62	1.59	1.57	0.39
qN_Lss1	0.03	0.03	0.03	0.02	0.03	0.19	0.04	0.03	0.05	0.04	0.11	0.27	0.01	0.01	0.01	0	0.03	0.03	0.02	0.02	0.01	0.03	0.04	-0.02
qN_Lss2	0.08	0.07	0.05	0.1	0.12	0.35	0.08	0.08	0.09	0.09	0.26	0.45	0.04	0.04	0.07	0.08	0.13	0.06	0.06	0.06	0.07	0.13	0.15	-0.01
qN_Lss3	0.08	0.09	0.07	0.1	0.16	0.44	0.11	0.11	0.13	0.23	0.42	0.47	0.05	0.06	0.12	0.11	0.2	0.05	0.08	0.07	0.09	0.2	0.22	0.02
qN_Lss4	0.14	0.2	0.14	0.14	0.22	0.5	0.16	0.19	0.18	0.4	0.56	0.49	0.11	0.11	0.17	0.15	0.28	0.05	0.11	0.09	0.13	0.29	0.3	0.02
qN_Lss5	0.25	0.33	0.27	0.21	0.34	0.53	0.27	0.32	0.22	0.52	0.66	0.49	0.22	0.2	0.25	0.22	0.38	0.07	0.17	0.16	0.19	0.39	0.38	0.03
qN_Lss6	0.37	0.46	0.4	0.37	0.48	0.56	0.38	0.44	0.27	0.61	0.72	0.49	0.36	0.32	0.35	0.32	0.5	0.1	0.26	0.27	0.28	0.48	0.47	0.06
qN_Lss7	0.48	0.56	0.52	0.51	0.6	0.58	0.5	0.55	0.29	0.67	0.76	0.48	0.48	0.44	0.45	0.43	0.6	0.14	0.36	0.38	0.38	0.57	0.54	0.09
qN_Lss8	0.56	0.63	0.61	0.62	0.68	0.61	0.59	0.63	0.33	0.71	0.79	0.48	0.57	0.54	0.55	0.53	0.68	0.18	0.47	0.48	0.49	0.63	0.6	0.12
qN_Lss9	0.63	0.69	0.66	0.69	0.74	0.63	0.65	0.7	0.37	0.74	0.8	0.48	0.64	0.62	0.62	0.61	0.73	0.23	0.55	0.58	0.58	0.68	0.66	0.17
qN_Lss10	0.68	0.73	0.71	0.74	0.77	0.64	0.7	0.74	0.4	0.76	0.82	0.48	0.69	0.67	0.68	0.67	0.77	0.28	0.62	0.65	0.64	0.71	0.7	0.21
qN_Lss11	0.72	0.75	0.74	0.77	0.8	0.66	0.74	0.77	0.45	0.77	0.83	0.5	0.73	0.71	0.72	0.71	0.8	0.34	0.69	0.7	0.69	0.75	0.74	0.27
qN_Lss12	0.75	0.78	0.77	0.79	0.81	0.67	0.76	0.79	0.47	0.78	0.83	0.52	0.75	0.74	0.75	0.74	0.81	0.39	0.72	0.74	0.73	0.76	0.76	0.32
qN_Lss13	0.77	0.79	0.78	0.81	0.83	0.68	0.78	0.81	0.51	0.8	0.83	0.54	0.77	0.77	0.77	0.77	0.82	0.44	0.76	0.77	0.76	0.78	0.78	0.36
qN_Lss14	0.79	0.8	0.79	0.82	0.84	0.69	0.8	0.83	0.55	0.8	0.83	0.57	0.79	0.79	0.79	0.78	0.83	0.49	0.78	0.8	0.78	0.8	0.79	0.38
qN_Lss15	0.8	0.82	0.81	0.84	0.84	0.69	0.82	0.84	0.57	0.81	0.83	0.59	0.8	0.8	0.8	0.8	0.83	0.53	0.8	0.81	0.79	0.81	0.8	0.43
qP_Lss1	0.92	0.9	0.91	0.86	0.83	0.49	0.93	0.94	0.88	0.93	0.9	0.74	0.92	0.93	0.91	0.9	0.87	0.59	0.93	0.93	0.91	0.89	0.87	0.65
qP_Lss2	0.83	0.81	0.79	0.74	0.65	0.26	0.9	0.9	0.66	0.84	0.82	0.5	0.86	0.87	0.83	0.8	0.73	0.26	0.86	0.85	0.83	0.78	0.72	0.31
qP_Lss3	0.75	0.74	0.71	0.72	0.62	0.2	0.85	0.83	0.49	0.74	0.75	0.4	0.79	0.8	0.76	0.74	0.66	0.15	0.8	0.79	0.77	0.71	0.65	0.17
qP_Lss4	0.68	0.67	0.63	0.69	0.61	0.17	0.78	0.77	0.38	0.67	0.69	0.3	0.72	0.74	0.71	0.7	0.63	0.09	0.74	0.74	0.72	0.65	0.59	0.12
qP_Lss5	0.61	0.62	0.57	0.66	0.58	0.14	0.72	0.73	0.32	0.6	0.63	0.24	0.66	0.68	0.67	0.67	0.59	0.06	0.7	0.69	0.68	0.61	0.55	0.09
qP_Lss6	0.55	0.57	0.52	0.62	0.55	0.13	0.68	0.69	0.26	0.53	0.57	0.19	0.62	0.64	0.63	0.63	0.54	0.03	0.65	0.64	0.65	0.57	0.51	0.05
qP_Lss7	0.51	0.52	0.48	0.58	0.48	0.12	0.63	0.65	0.23	0.47	0.52	0.14	0.58	0.6	0.6	0.6	0.49	0.02	0.62	0.62	0.61	0.53	0.49	0.03
qP_Lss8	0.48	0.49	0.45	0.55	0.46	0.11	0.59	0.61	0.19	0.41	0.47	0.13	0.54	0.57	0.56	0.55	0.44	0.01	0.58	0.59	0.58	0.5	0.45	0.04
qP_Lss9	0.44	0.45	0.43	0.53	0.42	0.09	0.57	0.56	0.15	0.36	0.42	0.1	0.49	0.53	0.52	0.51	0.39	0	0.56	0.56	0.54	0.45	0.41	0.02
qP_Lss10	0.41	0.41	0.38	0.48	0.39	0.09	0.53	0.51	0.14	0.34	0.38	0.09	0.46	0.49	0.49	0.48	0.37	0	0.54	0.53	0.51	0.43	0.39	0.03
qP_Lss11	0.39	0.39	0.36	0.46	0.37	0.08	0.5	0.49	0.1	0.32	0.34	0.07	0.42	0.48	0.45	0.45	0.31	0	0.49	0.49	0.48	0.39	0.34	0
qP_Lss12	0.36	0.35	0.31	0.43	0.34	0.06	0.46	0.46	0.12	0.27	0.31	0.06	0.4	0.43	0.42	0.41	0.31	0	0.47	0.45	0.45	0.36	0.31	0
qP_Lss13	0.33	0.33	0.3	0.4	0.29	0.05	0.44	0.39	0.1	0.26	0.31	0.05	0.35	0.38	0.39	0.37	0.27	-0.01	0.43	0.42	0.4	0.32	0.26	0.01
qP_Lss14	0.29	0.3	0.26	0.38	0.25	0.05	0.4	0.35	0.08	0.22	0.24	0.03	0.3	0.34	0.34	0.32	0.22	-0.03	0.39	0.38	0.38	0.29	0.24	0.02
qP_Lss15	0.29	0.26	0.23	0.34	0.26	0.03	0.36	0.32	0.07	0.21	0.21	0.04	0.31	0.33	0.32	0.29	0.22	0	0.37	0.33	0.35	0.26	0.21	0
qL_Lss1	1.08	1.09	1.08	1.11	1.1	0.77	1.08	1.07	1.06	1.06	1.07	0.96	1.07	1.06	1.07	1.07	1.07	0.95	1.07	1.07	1.06	1.05	1.05	0.98
qL_Lss2	1.13	1.12	1.13	1.11	1.06	0.45	1.11	1.1	1.03	1.1	1.06	0.74	1.09	1.09	1.09	1.08	1.06	0.54	1.1	1.11	1.08	1.04	1.02	0.62
qL_Lss3	1.14	1.12	1.13	1.11	1.03	0.35	1.14	1.14	0.9	1.08	1.02	0.62	1.11	1.11	1.09	1.07	1.02	0.33	1.11	1.12	1.08	1	0.97	0.38
qL_Lss4	1.11	1.08	1.08	1.09	1	0.29	1.15	1.13	0.75	1	0.95	0.49	1.09	1.1	1.07	1.05	0.98	0.22	1.11	1.12	1.07	0.95	0.91	0.28
qL_Lss5	1.04	1.01	0.99	1.06	0.94	0.25	1.12	1.09	0.65	0.91	0.87	0.41	1.04	1.06	1.03	1.02	0.92	0.13	1.08	1.09	1.04	0.9	0.85	0.2
qL_Lss6	0.95	0.92	0.9	0.98	0.86	0.21	1.06	1.03	0.55	0.81	0.8	0.32	0.97	1	0.98	0.97	0.83	0.06	1.03	1.04	1	0.84	0.79	0.12
qL_Lss7	0.86	0.83	0.81	0.9	0.75	0.2	0.98	0.97	0.47	0.72	0.73	0.25	0.9	0.94	0.92	0.91	0.75	0.04	0.98	0.98	0.94	0.78	0.74	0.08
qL_Lss8	0.8	0.77	0.74	0.83	0.7	0.18	0.92	0.9	0.4	0.64	0.66	0.23	0.83	0.87	0.85	0.83	0.67	0.03	0.91	0.92	0.88	0.72	0.69	0.1
qL_Lss9	0.73	0.7	0.69	0.78	0.62	0.14	0.87	0.82	0.32	0.57	0.6	0.18	0.76	0.8	0.79	0.77	0.58	0.01	0.86	0.86	0.82	0.66	0.62	0.05
qL_Lss10	0.67	0.63	0.61	0.7	0.57	0.15	0.8	0.76	0.3	0.54	0.54	0.17	0.69	0.74	0.73	0.71	0.54	0.01	0.81	0.8	0.76	0.62	0.58	0.07
qL_Lss11	0.63	0.6	0.57	0.67	0.54	0.13	0.75	0.72	0.22	0.5	0.49	0.12	0.64	0.71	0.67	0.66	0.46	0	0.74	0.73	0.7	0.56	0.51	0.01
qL_Lss12	0.58	0.54	0.5	0.62	0.49	0.1	0.7	0.67	0.24	0.43	0.46	0.11	0.6	0.64	0.62	0.6	0.45	0	0.69	0.67	0.65	0.52	0.46	0.01
qL_Lss13	0.53	0.51	0.48	0.58	0.43	0.09	0.66	0.58	0.21	0.41	0.45	0.1	0.53	0.58	0.58	0.54	0.4	-0.03	0.64	0.62	0.59	0.47	0.39	0.02
qL_Lss14	0.46	0.46	0.42	0.55	0.37	0.07	0.6	0.52	0.16	0.34	0.36	0.05	0.46	0.52	0.51	0.48	0.33	-0.05	0.58	0.56	0.55	0.42	0.36	0.03
qL_Lss15	0.45	0.4	0.37	0.49	0.39	0.05	0.55	0.48	0.15	0.33	0.32	0.08	0.47	0.5	0.48	0.43	0.32	-0.01	0.55	0.5	0.52	0.38	0.32	0
PAR1	59.15	59.15	59.15	59.15	59.15	59.15	59.15	59.15	59.15	59.15	59.15	59.15	59.15	59.15	59.15	59.15	59.15	59.15	59.15	59.15	59.15	59.15	59.15	59.15
PAR2	179.76	179.76	179.76	179.76	179.76	179.76	179.76	179.76	179.76	179.76	179.76	179.76	179.76	179.76	179.76	179.76	179.76	179.76	179.76	179.76	179.76	179.76	179.76	179.76
PAR3	300.37	300.37	300.37	300.37	300.37	300.37	300.37	300.37	300.37	300.37	300.37	300.37	300.37	300.37	300.37	300.37	300.37	300.37	300.37	300.37	300.37	300.37	300.37	300.37
PAR4	420.98	420.98	420.98	420.98	420.98	420.98	420.98	420.98	420.98	420.98	420.98	420.98	420.98	420.98	420.98	420.98	420.98	420.98	420.98	420.98	420.98	420.98	420.98	420.98
PAR5	541.59	541.59	541.59	541.59	541.59	541.59	541.59	541.59	541.59	541.59	541.59	541.59	541.59	541.59	541.59	541.59	541.59	541.59	541.59	541.59	541.59	541.59	541.59	541.59
PAR6	662.2	662.2	662.2	662.2	662.2	662.2	662.2	662.2	662.2	662.2	662.2	662.2	662.2	662.2	662.2	662.2	662.2	662.2	662.2	662.2	662.2	662.2	662.2	662.2
PAR7	782.81	782.81	782.81	782.81	782.81	782.81	782.81	782.81	782.81	782.81	782.81	782.81	782.81	782.81	782.81	782.81	782.81	782.81	782.81	782.81	782.81	782.81	782.81	782.81
PAR8	903.42	903.42	903.42	903.42	903.42	903.42	903.42	903.42	903.42	903.42	903.42	903.42	903.42	903.42	903.42	903.42	903.42	903.42	903.42	903.42	903.42	903.42	903.42	903.42
PAR9	1024.03	1024.03	1024.03	1024.03	1024.03	1024.03	1024.03	1024.03	1024.03	1024.03	1024.03	1024.03	1024.03	1024.03	1024.03	1024.03	1024.03	1024.03	1024.03	1024.03	1024.03	1024.03	1024.03	1024.03
PAR10	1144.64	1144.64	1144.64	1144.64	1144.64	1144.64	1144.64	1144.64	1144.64	1144.64	1144.64	1144.64	1144.64	1144.64	1144.64	1144.64	1144.64	1144.64	1144.64	1144.64	1144.64	1144.64	1144.64	1144.64
PAR11	1265.25	1265.25	1265.25	1265.25	1265.25	1265.25	1265.25	1265.25	1265.25	1265.25	1265.25	1265.25	1265.25	1265.25	1265.25	1265.25	1265.25	1265.25	1265.25	1265.25	1265.25	1265.25	1265.25	1265.25
PAR12	1385.86	1385.86	1385.86	1385.86	1385.86	1385.86	1385.86	1385.86	1385.86	1385.86	1385.86	1385.86	1385.86	1385.86	1385.86	1385.86	1385.86	1385.86	1385.86	1385.86	1385.86	1385.86	1385.86	1385.86
PAR13	1506.47	1506.47	1506.47	1506.47	1506.47	1506.47	1506.47	1506.47	1506.47	1506.47	1506.47	1506.47	1506.47	1506.47	1506.47	1506.47	1506.47	1506.47	1506.47	1506.47	1506.47	1506.47	1506.47	1506.47
PAR14	1627.08	1627.08	1627.08	1627.08	1627.08	1627.08	1627.08	1627.08	1627.08	1627.08	1627.08	1627.08	1627.08	1627.08	1627.08	1627.08	1627.08	1627.08	1627.08	1627.08	1627.08	1627.08	1627.08	1627.08
PAR15	1747.69	1747.69	1747.69	1747.69	1747.69	1747.69	1747.69	1747.69	1747.69	1747.69	1747.69	1747.69	1747.69	1747.69	1747.69	1747.69	1747.69	1747.69	1747.69	1747.69	1747.69	1747.69	1747.69	1747.69
ETR1	14.8541	14.4304	14.5551	13.7426	12.8121	6.1505	15.554	15.4708	13.0599	14.7084	13.883	9.2974	14.51	14.7479	14.289	13.8253	13.1699	8.3793	14.6505	14.7961	14.0943	12.9348	12.5731	9.1056
ETR2	40.5522	39.1294	38.2783	34.9105	30.0129	9.3661	45.1674	44.5413	29.6046	40.0567	36.7477	17.7448	40.7983	41.6786	38.6087	36.5841	32.7006	11.1409	41.0844	41.1426	38.1636	33.7193	30.851	13.0519
ETR3	61.1852	59.0133	56.9078	56.8925	47.5952	11.7453	70.6078	68.8284	36.4933	56.8895	52.8892	23.096	62.438	63.8138	58.805	56.0678	48.7251	10.5984	63.3861	63.5061	58.7122	50.1955	45.2469	12.3458
ETR4	75.7767	73.0187	69.7003	75.84	63.7755	13.4192	89.39	87.3196	39.3653	67.8236	63.5046	24.0593	78.3289	81.325	76.2393	74.1066	63.8098	9.3238	81.7797	82.2483	76.9921	62.6587	56.695	12.214
ETR5	84.684	83.6271	77.9494	91.9894	74.7037	14.1032	103.2892	101.4234	41.8798	73.0916	68.9016	25.2259	90.2868	94.2083	90.1177	88.2906	73.2678	7.2681	97.8815	98.176	91.8179	72.6587	65.5021	11.1608
ETR6	90.3637	88.7954	83.6164	99.9191	81.2387	14.8517	113.9449	112.8623	41.435	74.0594	72.2444	23.4637	97.8559	103.6636	99.6398	98.5285	77.023	3.9943	107.9306	107.7807	103.7021	79.5221	71.6544	8.2518
ETR7	93.4571	90.4348	86.0339	103.6352	78.5501	16.4193	118.8425	118.82	41.4259	74.256	74.0088	21.3411	102.6983	109.7745	107.1242	105.8026	77.9951	2.915	117.9125	117.2169	111.6036	83.0916	76.7812	6.2767
ETR8	96.7617	93.944	87.2324	105.1497	81.1428	16.7678	122.6838	120.8416	39.5539	72.4424	73.7451	22.3877	104.6501	113.074	109.5038	106.1117	76.1423	2.6161	120.7799	122.9678	115.8191	85.2647	79.245	8.6958
ETR9	97.3189	92.3395	90.1812	108.1584	77.9422	14.892	128.022	118.4873	35.6072	70.3606	72.2343	19.2877	103.8009	113.3229	110.7887	106.4225	71.6999	1.135	125.8666	125.0122	116.6788	84.1103	77.8044	4.6053
ETR10	96.4234	90.0465	86.7447	104.0798	78.1288	17.6913	126.4934	115.6034	36.8264	72.3568	70.8428	19.9067	102.1749	111.6367	109.5508	105.856	72.5992	1.2297	129.0298	126.2069	116.3259	86.1154	78.578	7.999
ETR11	98.5878	91.6212	85.9436	106.3059	78.9968	16.364	127.0374	119.2545	28.6639	72.6447	69.9013	16.2231	99.9719	116.1016	107.1088	104.3395	64.9198	-0.4518	122.8014	121.6023	115.0105	82.3561	73.819	0.9219
ETR12	96.6765	87.5358	79.952	104.0506	76.1674	14.1761	124.3045	117.2279	34.9353	67.0383	70.0597	15.2765	101.0047	109.5074	106.2105	101.2558	68.8902	0.3023	123.6311	116.2261	112.836	81.4586	69.977	1.1007
ETR13	93.555	89.3692	82.434	102.4104	69.966	12.9595	124.9802	104.6057	32.7677	68.2385	74.5524	15.2024	92.2642	103.9277	104.0152	95.3576	64.8907	-3.9672	118.4552	114.7351	107.511	77.7561	62.437	3.426
ETR14	85.1124	85.4052	75.3215	102.7886	64.3545	11.93	118.6063	98.3692	27.928	60.4904	62.5523	7.5722	84.032	97.0458	95.7288	87.9827	54.975	-8.4119	111.7538	107.6248	104.4857	73.1812	62.1612	5.6512
ETR15	89.6242	77.7113	69.6966	94.7883	71.6121	9.186	114.1447	95.8349	26.6854	61.2994	59.2186	13.5456	91.9866	99.087	93.498	82.6583	58.1166	-1.644	112.5661	98.8922	103.6447	70.1491	56.96	-0.6199