FluorCam7 Numeric Avg Export File
-----------------------------------
	Area 1	Area 2	Area 3	Area 4	Area 5	Area 6	Area 7	Area 8	Area 9	Area 10	Area 11	Area 12	Area 13	Area 14	Area 15	Area 16	Area 17	Area 18	Area 19	Area 20	Area 21	Area 22	Area 23	Area 24
Size [pixels]	2588	2303	3787	2331	2437	1831	1923	2051	1249	1301	1395	1050	2318	2015	2230	3414	3834	4044	979	1224	2840	1994	2278	1036
Fo	2361.11	2261.54	2976.45	2667.65	2140.70	2314.61	2074.52	2408.63	2093.48	2099.95	2631.16	2241.64	2174.08	2378.27	2229.56	2617.67	3725.09	2904.28	1423.37	1435.86	2528.95	2109.63	2197.93	1665.86
Fm	7641.38	7168.37	9139.30	7501.72	5636.92	5653.06	6849.07	6989.41	6066.15	6020.79	6430.70	4846.15	6916.90	7404.74	6971.42	7757.78	9997.41	7872.55	4227.22	4192.61	8613.36	6577.70	6184.79	3737.13
Fv	5280.27	4906.83	6162.85	4834.07	3496.21	3338.46	4774.55	4580.77	3972.67	3920.84	3799.54	2604.51	4742.81	5026.46	4741.86	5140.11	6272.32	4968.27	2803.85	2756.75	6084.41	4468.07	3986.86	2071.28
Fm_Lss1	7524.11	6912.23	8885.97	7194.23	4815.48	4819.72	6631.82	6615.93	5624.81	5622.89	6207.25	4885.49	6883.54	7222.72	6845.48	7332.66	9535.93	7496.78	4067.95	3875.28	8380.32	6153.79	5339.51	3430.05
Fm_Lss2	7519.41	6829.71	8453.72	6706.70	4085.34	4144.30	6374.72	6146.67	5270.58	5150.55	5902.85	4777.19	6705.72	7226.50	6749.85	6999.99	8836.22	6912.92	4000.92	3531.38	7911.47	5641.12	4468.81	2944.67
Fm_Lss3	7325.96	6464.29	7965.14	6178.66	3478.52	3733.77	6102.21	5835.49	4999.65	4798.61	5737.14	4749.11	6331.80	6761.57	6208.87	6468.74	7784.87	6263.71	3768.50	3441.34	7740.54	5352.66	3953.88	2761.11
Fm_Lss4	6857.64	5833.72	7282.86	5546.09	2850.49	3317.19	5459.55	5305.93	4431.20	4222.18	5208.95	4410.02	5593.99	5802.75	5465.26	5668.13	6542.11	5426.23	3210.35	2962.20	7117.81	4813.51	3446.60	2453.39
Fm_Lss5	6902.29	5880.35	7120.49	5528.15	2840.72	3397.67	5374.69	5184.46	4447.65	4132.97	5155.78	4419.72	5853.34	6082.55	5747.26	5506.39	6317.84	5354.83	3308.33	3168.47	7031.67	5074.07	3328.29	2298.29
Fm_Lss6	6384.35	5234.43	6536.88	4989.95	2404.17	3130.87	4699.53	4740.59	3986.60	3674.92	4588.56	4054.81	5102.91	5139.71	4914.65	4847.17	5212.71	4776.93	2843.43	2751.37	6212.93	4489.80	3012.54	2130.38
Fm_Lss7	6653.77	5315.35	6433.48	5049.02	2599.84	3460.60	4734.12	4642.44	4140.93	3704.98	5454.30	4106.82	5594.45	5625.57	5290.91	4852.65	5533.80	4936.56	3092.34	3059.28	6085.57	4850.76	3083.76	2425.39
Fm_Lss8	6418.25	5008.36	6103.79	4880.13	2698.82	3565.54	4382.07	4401.92	3971.43	3453.46	5310.72	4109.02	5294.98	5233.57	4936.24	4456.32	5223.83	4846.31	2931.27	2859.61	5577.70	4541.61	2940.21	2344.96
Fm_Lss9	6110.45	4584.21	5522.40	4494.47	2597.49	3505.33	3870.69	4006.79	3681.60	3220.82	5096.95	3837.18	4837.62	4666.80	4508.67	4059.58	4918.70	4676.09	2746.10	2715.68	5092.13	4211.87	2869.91	2301.55
Fm_Lss10	5862.50	4279.58	5195.79	4257.55	2629.93	3595.98	3571.41	3741.91	3558.97	3055.39	5052.44	3695.75	4508.53	4304.91	4135.72	3671.42	4833.42	4585.47	2628.80	2627.48	4654.70	3913.31	2809.21	2281.58
Fm_Lss11	5448.89	3929.28	4713.12	3870.47	2490.84	3405.38	3219.24	3446.41	3218.99	2799.91	4670.16	3447.96	4038.53	3877.11	3848.00	3409.05	4525.37	4391.06	2381.63	2375.62	4264.04	3519.53	2733.49	2337.26
Fm_Lss12	5181.65	3670.71	4391.39	3605.63	2477.83	3442.16	3111.19	3212.35	3124.79	2695.13	4576.49	3291.79	3675.68	3600.12	3563.86	3162.60	4428.30	4397.30	2254.19	2285.78	4008.66	3283.10	2644.98	2176.10
Fm_Lss13	5012.92	3475.45	4185.74	3506.85	2545.69	3479.32	2967.88	3047.36	2929.37	2601.61	4545.82	3233.13	3483.81	3374.56	3362.05	3005.79	4343.73	4353.46	2175.07	2222.48	3767.59	3153.15	2693.14	2230.44
Fm_Lss14	4577.81	3185.33	3896.51	3204.84	2398.00	3329.84	2726.09	2825.73	2749.58	2445.81	4165.11	2989.36	3188.44	3109.90	3112.87	2764.72	4200.77	4203.60	2007.35	2003.75	3572.42	2949.08	2577.74	2108.90
Fm_Lss15	4384.15	3028.79	3706.35	3067.00	2384.67	3349.23	2606.89	2718.82	2603.57	2357.59	4046.51	2850.51	2963.30	2900.41	2941.54	2633.14	4068.32	4222.42	1929.74	1940.68	3388.46	2821.94	2539.79	2113.08
Ft_Lss1	2871.22	2569.87	3630.42	2989.62	2558.67	2727.27	2517.00	3179.63	2812.98	2774.24	4038.01	3530.78	2463.83	2682.46	2597.06	3212.52	5137.12	3884.10	1526.20	1825.15	3219.10	2894.91	2951.84	2165.53
Ft_Lss2	3182.17	2602.80	3854.42	3052.69	2295.65	2665.45	2689.50	3247.42	3009.72	2885.85	4244.47	3783.24	2440.24	2586.81	2569.40	3312.17	4925.76	4167.15	1494.03	1788.09	3460.19	2960.74	2962.07	2061.68
Ft_Lss3	4097.75	3238.37	4289.97	3503.82	2831.06	3185.62	3174.27	3631.12	3460.87	3319.97	5287.88	4476.60	3092.61	3438.82	3219.05	3839.47	5649.23	4739.67	1865.51	2131.03	4016.92	3505.90	3210.83	2445.58
Ft_Lss4	4554.88	3413.18	4326.86	3470.84	2713.23	3212.46	3214.51	3552.98	3340.11	3169.89	5420.19	4509.61	3173.29	3555.24	3300.37	3689.87	5277.29	4618.22	1944.08	2076.77	4115.81	3462.75	3075.81	2476.65
Ft_Lss5	4780.41	3361.61	4284.29	3333.75	2459.84	3121.12	3170.74	3406.32	3120.20	3041.20	5011.04	4373.70	3155.59	3514.05	3256.12	3498.67	4842.16	4401.15	1921.70	2044.19	4019.03	3352.79	2828.19	2173.89
Ft_Lss6	4864.80	3395.07	4279.38	3384.71	2517.04	3263.15	3121.04	3256.34	2988.30	2841.28	5354.45	4215.58	3192.92	3555.56	3261.57	3351.96	4656.53	4258.65	1888.84	2060.36	3941.48	3393.71	2745.64	2227.09
Ft_Lss7	4582.29	2956.03	3924.22	2988.06	1952.00	2733.96	2742.39	2928.76	2522.69	2413.90	4247.29	3616.01	2752.47	2804.43	2780.24	2907.50	3870.15	3863.80	1626.20	1750.84	3501.58	2837.22	2428.57	1914.69
Ft_Lss8	4756.90	3072.49	3877.11	3007.15	2040.58	2979.94	2738.12	2861.15	2571.59	2419.69	4411.71	3658.64	2895.76	2974.27	2808.54	2890.70	3917.59	3935.46	1741.23	1843.48	3449.74	2893.03	2397.09	2009.36
Ft_Lss9	4898.13	3191.89	3900.12	3083.22	2359.20	3301.13	2724.73	2877.67	2713.42	2513.22	4895.96	3710.61	3100.26	3180.07	2993.96	2894.44	4156.43	4111.10	1883.87	1980.05	3470.76	2997.38	2482.37	2218.22
Ft_Lss10	4577.04	2888.46	3575.65	2830.20	2074.02	3046.77	2512.12	2652.36	2435.35	2270.73	4385.37	3364.90	2792.11	2706.01	2707.28	2618.35	3852.63	3901.33	1703.02	1799.84	3199.12	2675.65	2361.15	2078.18
Ft_Lss11	4656.62	2914.84	3561.96	2857.84	2318.73	3288.41	2529.87	2613.00	2510.09	2312.44	4636.84	3375.93	2873.86	2856.29	2720.87	2573.21	3989.62	4041.91	1720.66	1851.82	3179.76	2748.52	2456.31	2127.10
Ft_Lss12	4419.24	2748.99	3358.82	2736.66	2254.54	3213.85	2390.65	2509.49	2337.44	2229.13	4350.29	3147.42	2671.97	2668.33	2622.26	2458.72	3862.23	3956.63	1655.75	1739.82	3034.46	2584.41	2392.36	2104.26
Ft_Lss13	4293.40	2730.48	3328.09	2747.88	2375.67	3375.52	2392.42	2452.04	2393.83	2199.49	4462.75	3075.14	2619.29	2676.51	2589.66	2416.40	4001.77	4001.01	1696.90	1767.28	2999.46	2549.83	2466.54	2082.51
Ft_Lss14	4135.06	2596.76	3212.45	2649.82	2454.56	3378.76	2314.83	2385.55	2294.18	2179.89	4380.89	2990.79	2519.24	2563.41	2446.45	2311.52	3973.19	4012.82	1613.45	1725.67	2898.60	2488.91	2457.29	2041.38
Ft_Lss15	3932.76	2503.15	3154.08	2592.08	2411.53	3357.20	2244.21	2305.40	2219.89	2127.28	4211.76	2862.40	2443.39	2475.83	2443.22	2256.69	3931.98	4032.71	1583.15	1622.05	2864.60	2463.00	2449.80	2020.46
Fo_Lss1	2349.80	2235.40	2949.07	2627.71	2010.46	2161.58	2054.14	2362.67	2038.29	2049.37	2592.97	2250.02	2170.78	2359.18	2216.51	2567.44	3659.11	2851.55	1404.85	1396.70	2508.47	2064.03	2080.87	1601.93
Fo_Lss2	2349.34	2226.70	2899.86	2559.75	1870.87	2014.35	2028.79	2299.97	1989.83	1983.09	2538.29	2226.78	2152.77	2359.58	2206.39	2525.42	3551.20	2762.80	1396.77	1349.34	2464.75	2002.97	1934.02	1487.42
Fo_Lss3	2330.11	2186.41	2840.10	2478.89	1732.46	1912.16	2000.36	2254.97	1949.93	1928.62	2507.15	2220.65	2112.72	2307.77	2145.29	2452.75	3368.38	2652.91	1367.33	1335.98	2447.91	1965.36	1830.83	1439.10
Fo_Lss4	2280.58	2109.29	2748.29	2370.42	1561.16	1796.61	1926.04	2171.23	1857.02	1828.30	2400.76	2143.58	2023.66	2184.57	2048.97	2328.06	3112.55	2490.13	1286.20	1257.04	2382.00	1887.73	1714.01	1350.79
Fo_Lss5	2285.49	2115.36	2724.85	2367.14	1558.22	1819.96	1915.37	2150.61	1859.91	1811.37	2389.41	2145.87	2056.63	2223.07	2087.36	2300.31	3060.86	2474.99	1301.64	1292.76	2372.28	1926.53	1684.24	1302.40
Fo_Lss6	2225.70	2025.45	2634.83	2262.64	1417.08	1740.51	1822.08	2070.21	1774.11	1717.55	2259.94	2056.04	1955.58	2083.39	1966.37	2176.65	2775.75	2343.92	1222.97	1217.46	2271.30	1835.82	1599.41	1246.72
Fo_Lss7	2257.57	2037.45	2617.87	2274.71	1482.86	1837.86	1827.26	2051.27	1804.03	1724.09	2451.59	2069.32	2023.72	2158.97	2023.96	2177.75	2864.25	2381.71	1266.83	1274.20	2254.05	1893.43	1619.26	1342.26
Fo_Lss8	2229.81	1990.68	2561.57	2239.79	1514.54	1867.04	1772.30	2002.91	1771.10	1667.57	2422.16	2069.88	1983.15	2098.64	1969.82	2094.17	2778.90	2360.51	1238.94	1238.19	2180.51	1844.42	1578.79	1317.26
Fo_Lss9	2191.46	1920.07	2453.18	2154.92	1482.09	1850.40	1682.41	1916.90	1711.02	1611.37	2376.69	1998.56	1915.33	2001.19	1897.99	2002.21	2690.12	2319.38	1204.61	1210.42	2102.15	1787.59	1558.29	1303.45
Fo_Lss10	2158.71	1864.48	2386.54	2098.92	1492.60	1875.36	1623.28	1854.11	1684.06	1568.87	2366.97	1959.50	1861.53	1931.56	1828.58	1902.98	2664.42	2296.87	1181.48	1192.57	2023.64	1731.52	1540.22	1297.02
Fo_Lss11	2100.02	1794.77	2279.32	2000.30	1446.75	1822.17	1546.39	1778.55	1603.90	1498.66	2279.56	1887.58	1776.18	1840.44	1770.06	1829.98	2568.05	2247.04	1128.83	1137.82	1946.13	1649.85	1517.18	1314.82
Fo_Lss12	2059.09	1738.82	2201.33	1927.14	1442.35	1832.65	1521.02	1714.09	1580.16	1468.10	2257.01	1839.80	1702.28	1775.59	1707.44	1756.50	2536.50	2248.67	1099.37	1116.80	1891.14	1595.97	1489.51	1262.23
Fo_Lss13	2031.91	1693.74	2148.41	1898.56	1465.08	1843.13	1485.94	1665.97	1528.60	1439.91	2249.52	1821.33	1659.94	1718.92	1659.71	1707.05	2508.52	2237.15	1080.20	1101.47	1835.73	1564.62	1504.66	1280.33
Fo_Lss14	1956.53	1621.76	2069.57	1806.40	1414.93	1800.31	1422.76	1597.47	1478.16	1390.87	2152.18	1741.34	1589.76	1647.51	1596.62	1626.50	2460.17	2196.90	1037.17	1044.94	1788.13	1512.68	1467.95	1239.33
Fo_Lss15	1920.28	1580.18	2014.67	1761.77	1410.28	1805.97	1389.60	1562.73	1434.90	1361.89	2120.07	1693.29	1531.74	1586.79	1550.30	1580.05	2414.14	2202.03	1016.05	1027.53	1740.82	1478.51	1455.56	1240.77
Fv_Lss1	5174.31	4676.83	5936.90	4566.52	2805.02	2658.14	4577.69	4253.26	3586.52	3573.52	3614.28	2635.46	4712.77	4863.54	4628.96	4765.22	5876.82	4645.23	2663.10	2478.59	5871.85	4089.76	3258.64	1828.13
Fv_Lss2	5170.08	4603.00	5553.86	4146.95	2214.48	2129.96	4345.93	3846.70	3280.76	3167.47	3364.57	2550.42	4552.95	4866.92	4543.46	4474.57	5285.01	4150.13	2604.15	2182.05	5446.72	3638.15	2534.80	1457.25
Fv_Lss3	4995.84	4277.88	5125.04	3699.77	1746.05	1821.61	4101.85	3580.52	3049.72	2869.98	3229.99	2528.46	4219.08	4453.80	4063.58	4015.99	4416.49	3610.80	2401.16	2105.36	5292.63	3387.30	2123.06	1322.01
Fv_Lss4	4577.06	3724.42	4534.56	3175.67	1289.33	1520.58	3533.51	3134.70	2574.18	2393.87	2808.18	2266.43	3570.33	3618.18	3416.29	3340.06	3429.56	2936.10	1924.15	1705.16	4735.81	2925.78	1732.59	1102.60
Fv_Lss5	4616.79	3764.99	4395.65	3161.01	1282.50	1577.71	3459.32	3033.85	2587.75	2321.59	2766.38	2273.85	3796.72	3859.48	3659.89	3206.08	3256.98	2879.84	2006.69	1875.71	4659.40	3147.55	1644.05	995.89
Fv_Lss6	4158.65	3208.98	3902.06	2727.31	987.09	1390.36	2877.44	2670.38	2212.49	1957.37	2328.62	1998.77	3147.33	3056.33	2948.27	2670.52	2436.96	2433.00	1620.46	1533.92	3941.63	2653.98	1413.13	883.66
Fv_Lss7	4396.20	3277.90	3815.61	2774.32	1116.98	1622.74	2906.86	2591.17	2336.90	1980.89	3002.71	2037.49	3570.73	3466.60	3266.95	2674.90	2669.55	2554.84	1825.51	1785.07	3831.52	2957.33	1464.49	1083.13
Fv_Lss8	4188.44	3017.68	3542.22	2640.35	1184.28	1698.50	2609.77	2399.01	2200.33	1785.89	2888.56	2039.14	3311.84	3134.93	2966.42	2362.15	2444.93	2485.80	1692.33	1621.42	3397.18	2697.19	1361.42	1027.70
Fv_Lss9	3918.99	2664.14	3069.22	2339.55	1115.39	1654.93	2188.28	2089.89	1970.57	1609.45	2720.25	1838.62	2922.29	2665.62	2610.67	2057.36	2228.57	2356.71	1541.49	1505.26	2989.98	2424.28	1311.62	998.10
Fv_Lss10	3703.78	2415.10	2809.25	2158.63	1137.33	1720.62	1948.13	1887.80	1874.91	1486.52	2685.47	1736.24	2647.00	2373.36	2307.14	1768.44	2169.01	2288.60	1447.32	1434.91	2631.06	2181.79	1268.99	984.56
Fv_Lss11	3348.87	2134.51	2433.80	1870.17	1044.09	1583.21	1672.85	1667.87	1615.09	1301.26	2390.61	1560.38	2262.35	2036.67	2077.94	1579.06	1957.32	2144.03	1252.80	1237.80	2317.92	1869.69	1216.31	1022.44
Fv_Lss12	3122.56	1931.89	2190.06	1678.49	1035.48	1609.52	1590.17	1498.25	1544.62	1227.03	2319.49	1451.99	1973.41	1824.53	1856.42	1406.09	1891.80	2148.63	1154.82	1168.98	2117.52	1687.13	1155.46	913.86
Fv_Lss13	2981.01	1781.70	2037.33	1608.29	1080.61	1636.19	1481.94	1381.40	1400.77	1161.70	2296.30	1411.80	1823.87	1655.63	1702.34	1298.75	1835.21	2116.31	1094.86	1121.01	1931.86	1588.53	1188.47	950.11
Fv_Lss14	2621.28	1563.57	1826.95	1398.44	983.07	1529.52	1303.34	1228.26	1271.42	1054.94	2012.94	1248.03	1598.67	1462.40	1516.25	1138.22	1740.60	2006.70	970.18	958.81	1784.29	1436.40	1109.79	869.57
Fv_Lss15	2463.87	1448.62	1691.69	1305.23	974.39	1543.26	1217.30	1156.09	1168.67	995.70	1926.44	1157.22	1431.56	1313.62	1391.23	1053.09	1654.18	2020.39	913.68	913.16	1647.64	1343.43	1084.23	872.31
Fq_Lss1	4652.89	4342.36	5255.56	4204.61	2256.81	2092.45	4114.82	3436.30	2811.83	2848.65	2169.24	1354.71	4419.71	4540.26	4248.42	4120.14	4398.81	3612.68	2541.76	2050.13	5161.22	3258.88	2387.67	1264.52
Fq_Lss2	4337.24	4226.91	4599.30	3654.01	1789.70	1478.86	3685.22	2899.25	2260.86	2264.71	1658.38	993.95	4265.49	4639.69	4180.45	3687.82	3910.46	2745.78	2506.89	1743.29	4451.29	2680.38	1506.74	882.99
Fq_Lss3	3228.21	3225.92	3675.16	2674.84	647.46	548.14	2927.94	2204.37	1538.78	1478.64	449.27	272.51	3239.19	3322.76	2989.82	2629.27	2135.64	1524.04	1902.99	1310.31	3723.61	1846.76	743.05	315.53
Fq_Lss4	2302.76	2420.54	2955.99	2075.25	137.26	104.73	2245.04	1752.95	1091.09	1052.29	-211.24	-99.60	2420.70	2247.51	2164.89	1978.26	1264.82	808.01	1266.27	885.43	3002.00	1350.75	370.78	-23.26
Fq_Lss5	2121.88	2518.74	2836.20	2194.40	380.88	276.56	2203.95	1778.14	1327.45	1091.77	144.74	46.02	2697.76	2568.50	2491.14	2007.72	1475.68	953.68	1386.63	1124.29	3012.64	1721.28	500.10	124.40
Fq_Lss6	1519.55	1839.36	2257.50	1605.24	-112.87	-132.28	1578.49	1484.26	998.30	833.64	-765.89	-160.77	1909.99	1584.15	1653.08	1495.21	556.18	518.28	954.59	691.01	2271.45	1096.09	266.91	-96.71
Fq_Lss7	2071.49	2359.32	2509.26	2060.96	647.84	726.64	1991.74	1713.68	1618.23	1291.08	1207.02	490.81	2841.98	2821.14	2510.67	1945.14	1663.64	1072.76	1466.13	1308.43	2583.99	2013.53	655.18	510.69
Fq_Lss8	1661.35	1935.87	2226.68	1872.98	658.24	585.61	1643.95	1540.77	1399.84	1033.78	899.01	450.38	2399.22	2259.30	2127.70	1565.62	1306.24	910.85	1190.03	1016.13	2127.96	1648.58	543.12	335.60
Fq_Lss9	1212.32	1392.32	1622.28	1411.25	238.29	204.20	1145.96	1129.12	968.18	707.60	200.99	126.57	1737.36	1486.73	1514.71	1165.13	762.26	565.00	862.23	735.63	1621.38	1214.49	387.53	83.33
Fq_Lss10	1285.46	1391.12	1620.14	1427.35	555.91	549.21	1059.29	1089.55	1123.62	784.66	667.07	330.85	1716.41	1598.90	1428.44	1053.07	980.79	684.14	925.78	827.64	1455.58	1237.66	448.06	203.40
Fq_Lss11	792.27	1014.43	1151.16	1012.63	172.12	116.97	689.38	833.42	708.90	487.48	33.32	72.03	1164.66	1020.82	1127.13	835.83	535.74	349.16	660.96	523.80	1084.28	771.01	277.18	210.16
Fq_Lss12	762.41	921.72	1032.57	868.97	223.29	228.31	720.54	702.85	787.35	466.00	226.21	144.37	1003.71	931.79	941.60	703.87	566.07	440.67	598.44	545.96	974.19	698.69	252.62	71.84
Fq_Lss13	719.52	744.97	857.65	758.97	170.02	103.80	575.46	595.32	535.54	402.11	83.06	157.99	864.51	698.05	772.39	589.39	341.96	352.45	478.16	455.19	768.13	603.32	226.60	147.93
Fq_Lss14	442.75	588.57	684.07	555.02	-56.55	-48.92	411.26	440.18	455.40	265.93	-215.77	-1.43	669.20	546.50	666.42	453.20	227.58	190.79	393.91	278.08	673.81	460.17	120.45	67.52
Fq_Lss15	451.39	525.64	552.27	474.92	-26.86	-7.97	362.68	413.42	383.68	230.31	-165.25	-11.89	519.91	424.58	498.32	376.46	136.35	189.71	346.58	318.63	523.85	358.95	89.99	92.62
QY_max	0.69	0.68	0.67	0.64	0.62	0.59	0.70	0.66	0.65	0.65	0.59	0.54	0.69	0.68	0.68	0.66	0.63	0.63	0.66	0.66	0.71	0.68	0.64	0.55
Fv/Fm_Lss1	0.69	0.68	0.67	0.63	0.58	0.55	0.69	0.64	0.64	0.64	0.58	0.54	0.68	0.67	0.68	0.65	0.62	0.62	0.65	0.64	0.70	0.66	0.61	0.53
Fv/Fm_Lss2	0.69	0.67	0.66	0.62	0.54	0.51	0.68	0.63	0.62	0.61	0.57	0.53	0.68	0.67	0.67	0.64	0.60	0.60	0.65	0.62	0.69	0.64	0.57	0.49
Fv/Fm_Lss3	0.68	0.66	0.64	0.60	0.50	0.49	0.67	0.61	0.61	0.60	0.56	0.53	0.67	0.66	0.65	0.62	0.57	0.58	0.64	0.61	0.68	0.63	0.54	0.48
Fv/Fm_Lss4	0.67	0.64	0.62	0.57	0.45	0.46	0.65	0.59	0.58	0.57	0.54	0.51	0.64	0.62	0.63	0.59	0.52	0.54	0.60	0.58	0.67	0.61	0.50	0.45
Fv/Fm_Lss5	0.67	0.64	0.62	0.57	0.45	0.46	0.64	0.59	0.58	0.56	0.54	0.51	0.65	0.63	0.64	0.58	0.52	0.54	0.61	0.59	0.66	0.62	0.49	0.43
Fv/Fm_Lss6	0.65	0.61	0.60	0.55	0.41	0.44	0.61	0.56	0.55	0.53	0.51	0.49	0.62	0.59	0.60	0.55	0.47	0.51	0.57	0.56	0.63	0.59	0.47	0.41
Fv/Fm_Lss7	0.66	0.62	0.59	0.55	0.43	0.47	0.61	0.56	0.56	0.53	0.55	0.50	0.64	0.62	0.62	0.55	0.48	0.52	0.59	0.58	0.63	0.61	0.47	0.45
Fv/Fm_Lss8	0.65	0.60	0.58	0.54	0.44	0.48	0.60	0.54	0.55	0.52	0.54	0.50	0.63	0.60	0.60	0.53	0.47	0.51	0.58	0.57	0.61	0.59	0.46	0.44
Fv/Fm_Lss9	0.64	0.58	0.56	0.52	0.43	0.47	0.57	0.52	0.54	0.50	0.53	0.48	0.60	0.57	0.58	0.51	0.45	0.50	0.56	0.55	0.59	0.58	0.46	0.43
Fv/Fm_Lss10	0.63	0.56	0.54	0.51	0.43	0.48	0.55	0.50	0.53	0.49	0.53	0.47	0.59	0.55	0.56	0.48	0.45	0.50	0.55	0.55	0.57	0.56	0.45	0.43
Fv/Fm_Lss11	0.61	0.54	0.52	0.48	0.42	0.46	0.52	0.48	0.50	0.46	0.51	0.45	0.56	0.53	0.54	0.46	0.43	0.49	0.53	0.52	0.54	0.53	0.44	0.44
Fv/Fm_Lss12	0.60	0.53	0.50	0.47	0.42	0.47	0.51	0.47	0.49	0.46	0.51	0.44	0.54	0.51	0.52	0.44	0.43	0.49	0.51	0.51	0.53	0.51	0.44	0.42
Fv/Fm_Lss13	0.59	0.51	0.49	0.46	0.42	0.47	0.50	0.45	0.48	0.45	0.51	0.44	0.52	0.49	0.51	0.43	0.42	0.49	0.50	0.50	0.51	0.50	0.44	0.43
Fv/Fm_Lss14	0.57	0.49	0.47	0.44	0.41	0.46	0.48	0.43	0.46	0.43	0.48	0.42	0.50	0.47	0.49	0.41	0.41	0.48	0.48	0.48	0.50	0.49	0.43	0.41
Fv/Fm_Lss15	0.56	0.48	0.46	0.43	0.41	0.46	0.47	0.43	0.45	0.42	0.48	0.41	0.48	0.45	0.47	0.40	0.41	0.48	0.47	0.47	0.49	0.48	0.43	0.41
QY_Lss1	0.62	0.63	0.59	0.58	0.47	0.43	0.62	0.52	0.50	0.51	0.35	0.28	0.64	0.63	0.62	0.56	0.46	0.48	0.62	0.53	0.62	0.53	0.45	0.37
QY_Lss2	0.58	0.62	0.54	0.54	0.44	0.36	0.58	0.47	0.43	0.44	0.28	0.21	0.64	0.64	0.62	0.53	0.44	0.40	0.63	0.49	0.56	0.48	0.34	0.30
QY_Lss3	0.44	0.50	0.46	0.43	0.19	0.15	0.48	0.38	0.31	0.31	0.08	0.06	0.51	0.49	0.48	0.41	0.27	0.24	0.50	0.38	0.48	0.35	0.19	0.11
QY_Lss4	0.34	0.41	0.41	0.37	0.05	0.03	0.41	0.33	0.25	0.25	-0.04	-0.02	0.43	0.39	0.40	0.35	0.19	0.15	0.39	0.30	0.42	0.28	0.11	-0.01
QY_Lss5	0.31	0.43	0.40	0.40	0.13	0.08	0.41	0.34	0.30	0.26	0.03	0.01	0.46	0.42	0.43	0.36	0.23	0.18	0.42	0.35	0.43	0.34	0.15	0.05
QY_Lss6	0.24	0.35	0.35	0.32	-0.05	-0.04	0.34	0.31	0.25	0.23	-0.17	-0.04	0.37	0.31	0.34	0.31	0.11	0.11	0.34	0.25	0.37	0.24	0.09	-0.05
QY_Lss7	0.31	0.44	0.39	0.41	0.25	0.21	0.42	0.37	0.39	0.35	0.22	0.12	0.51	0.50	0.47	0.40	0.30	0.22	0.47	0.43	0.42	0.42	0.21	0.21
QY_Lss8	0.26	0.39	0.36	0.38	0.24	0.16	0.38	0.35	0.35	0.30	0.17	0.11	0.45	0.43	0.43	0.35	0.25	0.19	0.41	0.36	0.38	0.36	0.18	0.14
QY_Lss9	0.20	0.30	0.29	0.31	0.09	0.06	0.30	0.28	0.26	0.22	0.04	0.03	0.36	0.32	0.34	0.29	0.15	0.12	0.31	0.27	0.32	0.29	0.14	0.04
QY_Lss10	0.22	0.33	0.31	0.34	0.21	0.15	0.30	0.29	0.32	0.26	0.13	0.09	0.38	0.37	0.35	0.29	0.20	0.15	0.35	0.31	0.31	0.32	0.16	0.09
QY_Lss11	0.15	0.26	0.24	0.26	0.07	0.03	0.21	0.24	0.22	0.17	0.01	0.02	0.29	0.26	0.29	0.25	0.12	0.08	0.28	0.22	0.25	0.22	0.10	0.09
QY_Lss12	0.15	0.25	0.24	0.24	0.09	0.07	0.23	0.22	0.25	0.17	0.05	0.04	0.27	0.26	0.26	0.22	0.13	0.10	0.27	0.24	0.24	0.21	0.10	0.03
QY_Lss13	0.14	0.21	0.20	0.22	0.07	0.03	0.19	0.20	0.18	0.15	0.02	0.05	0.25	0.21	0.23	0.20	0.08	0.08	0.22	0.20	0.20	0.19	0.08	0.07
QY_Lss14	0.10	0.18	0.18	0.17	-0.02	-0.01	0.15	0.16	0.17	0.11	-0.05	-0.00	0.21	0.18	0.21	0.16	0.05	0.05	0.20	0.14	0.19	0.16	0.05	0.03
QY_Lss15	0.10	0.17	0.15	0.15	-0.01	-0.00	0.14	0.15	0.15	0.10	-0.04	-0.00	0.18	0.15	0.17	0.14	0.03	0.04	0.18	0.16	0.15	0.13	0.04	0.04
NPQ_Lss1	0.02	0.04	0.03	0.04	0.17	0.17	0.03	0.06	0.08	0.07	0.04	-0.01	0.00	0.03	0.02	0.06	0.05	0.05	0.04	0.08	0.03	0.07	0.16	0.09
NPQ_Lss2	0.02	0.05	0.08	0.12	0.38	0.36	0.07	0.14	0.15	0.17	0.09	0.01	0.03	0.02	0.03	0.11	0.13	0.14	0.06	0.19	0.09	0.17	0.38	0.27
NPQ_Lss3	0.04	0.11	0.15	0.21	0.62	0.51	0.12	0.20	0.21	0.25	0.12	0.02	0.09	0.10	0.12	0.20	0.28	0.26	0.12	0.22	0.11	0.23	0.56	0.35
NPQ_Lss4	0.11	0.23	0.25	0.35	0.98	0.70	0.25	0.32	0.37	0.43	0.23	0.10	0.24	0.28	0.28	0.37	0.53	0.45	0.32	0.42	0.21	0.37	0.79	0.52
NPQ_Lss5	0.11	0.22	0.28	0.36	0.98	0.66	0.27	0.35	0.36	0.46	0.25	0.10	0.18	0.22	0.21	0.41	0.58	0.47	0.28	0.32	0.22	0.30	0.86	0.63
NPQ_Lss6	0.20	0.37	0.40	0.50	1.34	0.81	0.46	0.47	0.52	0.64	0.40	0.20	0.36	0.44	0.42	0.60	0.92	0.65	0.49	0.52	0.39	0.47	1.05	0.75
NPQ_Lss7	0.15	0.35	0.42	0.49	1.17	0.63	0.45	0.51	0.46	0.63	0.18	0.18	0.24	0.32	0.32	0.60	0.81	0.59	0.37	0.37	0.42	0.36	1.01	0.54
NPQ_Lss8	0.19	0.43	0.50	0.54	1.09	0.59	0.56	0.59	0.53	0.74	0.21	0.18	0.31	0.41	0.41	0.74	0.91	0.62	0.44	0.47	0.54	0.45	1.10	0.59
NPQ_Lss9	0.25	0.56	0.65	0.67	1.17	0.61	0.77	0.74	0.65	0.87	0.26	0.26	0.43	0.59	0.55	0.91	1.03	0.68	0.54	0.54	0.69	0.56	1.16	0.62
NPQ_Lss10	0.30	0.68	0.76	0.76	1.14	0.57	0.92	0.87	0.70	0.97	0.27	0.31	0.53	0.72	0.69	1.11	1.07	0.72	0.61	0.60	0.85	0.68	1.20	0.64
NPQ_Lss11	0.40	0.82	0.94	0.94	1.26	0.66	1.13	1.03	0.88	1.15	0.38	0.41	0.71	0.91	0.81	1.28	1.21	0.79	0.77	0.76	1.02	0.87	1.26	0.60
NPQ_Lss12	0.47	0.95	1.08	1.08	1.27	0.64	1.20	1.18	0.94	1.23	0.41	0.47	0.88	1.06	0.96	1.45	1.26	0.79	0.88	0.83	1.15	1.00	1.34	0.72
NPQ_Lss13	0.52	1.06	1.18	1.14	1.21	0.62	1.31	1.29	1.07	1.31	0.41	0.50	0.99	1.19	1.07	1.58	1.30	0.81	0.94	0.89	1.29	1.09	1.30	0.68
NPQ_Lss14	0.67	1.25	1.35	1.34	1.35	0.70	1.51	1.47	1.21	1.46	0.54	0.62	1.17	1.38	1.24	1.81	1.38	0.87	1.11	1.09	1.41	1.23	1.40	0.77
NPQ_Lss15	0.74	1.37	1.47	1.45	1.36	0.69	1.63	1.57	1.33	1.55	0.59	0.70	1.33	1.55	1.37	1.95	1.46	0.86	1.19	1.16	1.54	1.33	1.44	0.77
qN_Lss1	0.02	0.05	0.04	0.06	0.23	0.24	0.05	0.08	0.11	0.10	0.06	-0.02	0.01	0.04	0.03	0.08	0.07	0.07	0.06	0.11	0.04	0.09	0.21	0.14
qN_Lss2	0.02	0.07	0.11	0.16	0.41	0.41	0.10	0.18	0.20	0.22	0.14	0.03	0.04	0.04	0.05	0.14	0.18	0.19	0.08	0.23	0.11	0.20	0.40	0.35
qN_Lss3	0.06	0.14	0.19	0.26	0.55	0.51	0.15	0.24	0.26	0.30	0.18	0.04	0.12	0.13	0.16	0.24	0.33	0.31	0.16	0.26	0.14	0.27	0.51	0.42
qN_Lss4	0.15	0.26	0.29	0.38	0.68	0.61	0.28	0.35	0.39	0.43	0.30	0.16	0.27	0.31	0.31	0.38	0.50	0.45	0.35	0.42	0.24	0.38	0.61	0.54
qN_Lss5	0.14	0.25	0.31	0.38	0.69	0.59	0.30	0.37	0.38	0.45	0.32	0.16	0.22	0.26	0.25	0.41	0.53	0.47	0.31	0.35	0.25	0.32	0.63	0.59
qN_Lss6	0.23	0.38	0.40	0.48	0.77	0.64	0.43	0.46	0.48	0.55	0.44	0.28	0.37	0.43	0.41	0.52	0.66	0.56	0.46	0.48	0.38	0.44	0.69	0.65
qN_Lss7	0.18	0.36	0.41	0.47	0.73	0.57	0.42	0.48	0.45	0.54	0.25	0.27	0.27	0.34	0.34	0.52	0.63	0.53	0.38	0.39	0.40	0.37	0.68	0.55
qN_Lss8	0.23	0.42	0.46	0.50	0.71	0.55	0.49	0.52	0.49	0.59	0.28	0.27	0.33	0.41	0.41	0.58	0.66	0.55	0.43	0.45	0.47	0.43	0.70	0.58
qN_Lss9	0.28	0.49	0.54	0.56	0.73	0.56	0.58	0.59	0.55	0.63	0.33	0.35	0.42	0.51	0.49	0.64	0.70	0.58	0.49	0.50	0.54	0.49	0.72	0.59
qN_Lss10	0.32	0.54	0.58	0.60	0.73	0.54	0.63	0.63	0.57	0.67	0.34	0.40	0.48	0.57	0.55	0.70	0.70	0.59	0.52	0.52	0.60	0.55	0.73	0.60
qN_Lss11	0.40	0.60	0.65	0.66	0.75	0.59	0.68	0.68	0.64	0.71	0.42	0.47	0.56	0.63	0.60	0.73	0.74	0.62	0.60	0.59	0.65	0.62	0.74	0.58
qN_Lss12	0.44	0.64	0.68	0.70	0.75	0.58	0.70	0.72	0.66	0.73	0.44	0.52	0.62	0.68	0.65	0.77	0.75	0.62	0.63	0.62	0.68	0.66	0.75	0.63
qN_Lss13	0.47	0.67	0.71	0.71	0.74	0.57	0.72	0.74	0.69	0.75	0.45	0.53	0.65	0.71	0.68	0.79	0.75	0.62	0.65	0.64	0.71	0.68	0.75	0.61
qN_Lss14	0.54	0.72	0.74	0.75	0.77	0.60	0.76	0.77	0.72	0.77	0.53	0.60	0.70	0.75	0.72	0.81	0.77	0.65	0.70	0.70	0.74	0.72	0.76	0.65
qN_Lss15	0.57	0.74	0.76	0.77	0.77	0.60	0.78	0.79	0.75	0.79	0.55	0.63	0.73	0.77	0.74	0.83	0.78	0.64	0.72	0.71	0.76	0.74	0.77	0.65
qP_Lss1	0.90	0.93	0.89	0.92	0.80	0.79	0.90	0.81	0.78	0.80	0.60	0.51	0.94	0.93	0.92	0.86	0.75	0.78	0.95	0.83	0.88	0.80	0.73	0.69
qP_Lss2	0.84	0.92	0.83	0.88	0.81	0.69	0.85	0.75	0.69	0.71	0.49	0.39	0.94	0.95	0.92	0.82	0.74	0.66	0.96	0.80	0.82	0.74	0.59	0.61
qP_Lss3	0.65	0.75	0.72	0.72	0.37	0.30	0.71	0.62	0.50	0.52	0.14	0.11	0.77	0.75	0.74	0.65	0.48	0.42	0.79	0.62	0.70	0.55	0.35	0.24
qP_Lss4	0.50	0.65	0.65	0.65	0.11	0.07	0.64	0.56	0.42	0.44	-0.08	-0.04	0.68	0.62	0.63	0.59	0.37	0.28	0.66	0.52	0.63	0.46	0.21	-0.02
qP_Lss5	0.46	0.67	0.65	0.69	0.30	0.18	0.64	0.59	0.51	0.47	0.05	0.02	0.71	0.67	0.68	0.63	0.45	0.33	0.69	0.60	0.65	0.55	0.30	0.12
qP_Lss6	0.37	0.57	0.58	0.59	-0.11	-0.10	0.55	0.56	0.45	0.43	-0.33	-0.08	0.61	0.52	0.56	0.56	0.23	0.21	0.59	0.45	0.58	0.41	0.19	-0.11
qP_Lss7	0.47	0.72	0.66	0.74	0.58	0.45	0.69	0.66	0.69	0.65	0.40	0.24	0.80	0.81	0.77	0.73	0.62	0.42	0.80	0.73	0.67	0.68	0.45	0.47
qP_Lss8	0.40	0.64	0.63	0.71	0.56	0.34	0.63	0.64	0.64	0.58	0.31	0.22	0.72	0.72	0.72	0.66	0.53	0.37	0.70	0.63	0.63	0.61	0.40	0.33
qP_Lss9	0.31	0.52	0.53	0.60	0.21	0.12	0.52	0.54	0.49	0.44	0.07	0.07	0.59	0.56	0.58	0.57	0.34	0.24	0.56	0.49	0.54	0.50	0.30	0.08
qP_Lss10	0.35	0.58	0.58	0.66	0.49	0.32	0.54	0.58	0.60	0.53	0.25	0.19	0.65	0.67	0.62	0.60	0.45	0.30	0.64	0.58	0.55	0.57	0.35	0.21
qP_Lss11	0.24	0.48	0.47	0.54	0.16	0.07	0.41	0.50	0.44	0.37	0.01	0.05	0.51	0.50	0.54	0.53	0.27	0.16	0.53	0.42	0.47	0.41	0.23	0.21
qP_Lss12	0.24	0.48	0.47	0.52	0.22	0.14	0.45	0.47	0.51	0.38	0.10	0.10	0.51	0.51	0.51	0.50	0.30	0.21	0.52	0.47	0.46	0.41	0.22	0.08
qP_Lss13	0.24	0.42	0.42	0.47	0.16	0.06	0.39	0.43	0.38	0.35	0.04	0.11	0.47	0.42	0.45	0.45	0.19	0.17	0.44	0.41	0.40	0.38	0.19	0.16
qP_Lss14	0.17	0.38	0.37	0.40	-0.06	-0.03	0.32	0.36	0.36	0.25	-0.11	-0.00	0.42	0.37	0.44	0.40	0.13	0.10	0.41	0.29	0.38	0.32	0.11	0.08
qP_Lss15	0.18	0.36	0.33	0.36	-0.03	-0.01	0.30	0.36	0.33	0.23	-0.09	-0.01	0.36	0.32	0.36	0.36	0.08	0.09	0.38	0.35	0.32	0.27	0.08	0.11
qL_Lss1	1.10	1.07	1.09	1.05	1.02	0.99	1.10	1.09	1.08	1.08	0.93	0.81	1.06	1.06	1.08	1.08	1.05	1.06	1.04	1.08	1.13	1.12	1.04	0.94
qL_Lss2	1.14	1.07	1.10	1.05	0.99	0.92	1.12	1.06	1.04	1.04	0.82	0.66	1.06	1.05	1.07	1.08	1.03	1.00	1.03	1.06	1.15	1.09	0.91	0.84
qL_Lss3	1.14	1.12	1.08	1.02	0.61	0.50	1.13	0.99	0.90	0.89	0.29	0.22	1.12	1.11	1.10	1.02	0.81	0.75	1.08	0.99	1.15	0.97	0.61	0.41
qL_Lss4	1.00	1.05	1.03	0.96	0.19	0.12	1.06	0.92	0.76	0.76	-0.17	-0.09	1.06	1.01	1.02	0.94	0.63	0.51	0.99	0.86	1.10	0.85	0.38	-0.04
qL_Lss5	0.96	1.06	1.01	0.98	0.47	0.30	1.05	0.93	0.86	0.79	0.11	0.04	1.09	1.05	1.06	0.95	0.72	0.59	1.02	0.95	1.10	0.95	0.51	0.21
qL_Lss6	0.80	0.96	0.94	0.88	-0.20	-0.18	0.94	0.87	0.76	0.70	-0.78	-0.16	0.99	0.88	0.93	0.86	0.38	0.39	0.91	0.76	1.00	0.76	0.32	-0.20
qL_Lss7	0.96	1.04	0.99	0.98	0.76	0.67	1.03	0.94	0.97	0.91	0.70	0.42	1.08	1.06	1.06	0.97	0.84	0.68	1.03	1.01	1.05	1.02	0.67	0.67
qL_Lss8	0.85	0.99	0.95	0.95	0.75	0.55	0.97	0.92	0.92	0.84	0.57	0.39	1.06	1.02	1.02	0.91	0.75	0.61	0.99	0.93	0.99	0.96	0.61	0.50
qL_Lss9	0.69	0.87	0.84	0.86	0.34	0.22	0.85	0.81	0.78	0.69	0.15	0.13	0.96	0.89	0.92	0.82	0.53	0.42	0.87	0.80	0.90	0.84	0.47	0.14
qL_Lss10	0.74	0.89	0.86	0.89	0.68	0.52	0.84	0.83	0.87	0.76	0.46	0.33	0.97	0.94	0.92	0.82	0.65	0.51	0.92	0.87	0.87	0.88	0.54	0.33
qL_Lss11	0.52	0.77	0.74	0.77	0.26	0.13	0.67	0.73	0.69	0.58	0.03	0.08	0.83	0.78	0.83	0.74	0.43	0.29	0.80	0.69	0.76	0.69	0.37	0.33
qL_Lss12	0.52	0.75	0.72	0.74	0.34	0.25	0.71	0.69	0.75	0.58	0.19	0.17	0.80	0.77	0.78	0.70	0.46	0.36	0.78	0.73	0.74	0.67	0.35	0.13
qL_Lss13	0.51	0.67	0.65	0.68	0.26	0.12	0.63	0.63	0.60	0.53	0.07	0.19	0.75	0.66	0.71	0.64	0.30	0.30	0.69	0.65	0.65	0.62	0.31	0.25
qL_Lss14	0.36	0.60	0.58	0.58	-0.10	-0.06	0.51	0.54	0.56	0.40	-0.22	-0.00	0.66	0.58	0.67	0.57	0.21	0.17	0.63	0.48	0.61	0.53	0.18	0.13
qL_Lss15	0.38	0.57	0.51	0.54	-0.05	-0.01	0.48	0.53	0.51	0.36	-0.17	-0.02	0.58	0.50	0.56	0.51	0.13	0.17	0.59	0.55	0.52	0.45	0.14	0.17
PAR1	59.15	59.15	59.15	59.15	59.15	59.15	59.15	59.15	59.15	59.15	59.15	59.15	59.15	59.15	59.15	59.15	59.15	59.15	59.15	59.15	59.15	59.15	59.15	59.15
PAR2	179.76	179.76	179.76	179.76	179.76	179.76	179.76	179.76	179.76	179.76	179.76	179.76	179.76	179.76	179.76	179.76	179.76	179.76	179.76	179.76	179.76	179.76	179.76	179.76
PAR3	300.37	300.37	300.37	300.37	300.37	300.37	300.37	300.37	300.37	300.37	300.37	300.37	300.37	300.37	300.37	300.37	300.37	300.37	300.37	300.37	300.37	300.37	300.37	300.37
PAR4	420.98	420.98	420.98	420.98	420.98	420.98	420.98	420.98	420.98	420.98	420.98	420.98	420.98	420.98	420.98	420.98	420.98	420.98	420.98	420.98	420.98	420.98	420.98	420.98
PAR5	541.59	541.59	541.59	541.59	541.59	541.59	541.59	541.59	541.59	541.59	541.59	541.59	541.59	541.59	541.59	541.59	541.59	541.59	541.59	541.59	541.59	541.59	541.59	541.59
PAR6	662.20	662.20	662.20	662.20	662.20	662.20	662.20	662.20	662.20	662.20	662.20	662.20	662.20	662.20	662.20	662.20	662.20	662.20	662.20	662.20	662.20	662.20	662.20	662.20
PAR7	782.81	782.81	782.81	782.81	782.81	782.81	782.81	782.81	782.81	782.81	782.81	782.81	782.81	782.81	782.81	782.81	782.81	782.81	782.81	782.81	782.81	782.81	782.81	782.81
PAR8	903.42	903.42	903.42	903.42	903.42	903.42	903.42	903.42	903.42	903.42	903.42	903.42	903.42	903.42	903.42	903.42	903.42	903.42	903.42	903.42	903.42	903.42	903.42	903.42
PAR9	1024.03	1024.03	1024.03	1024.03	1024.03	1024.03	1024.03	1024.03	1024.03	1024.03	1024.03	1024.03	1024.03	1024.03	1024.03	1024.03	1024.03	1024.03	1024.03	1024.03	1024.03	1024.03	1024.03	1024.03
PAR10	1144.64	1144.64	1144.64	1144.64	1144.64	1144.64	1144.64	1144.64	1144.64	1144.64	1144.64	1144.64	1144.64	1144.64	1144.64	1144.64	1144.64	1144.64	1144.64	1144.64	1144.64	1144.64	1144.64	1144.64
PAR11	1265.25	1265.25	1265.25	1265.25	1265.25	1265.25	1265.25	1265.25	1265.25	1265.25	1265.25	1265.25	1265.25	1265.25	1265.25	1265.25	1265.25	1265.25	1265.25	1265.25	1265.25	1265.25	1265.25	1265.25
PAR12	1385.86	1385.86	1385.86	1385.86	1385.86	1385.86	1385.86	1385.86	1385.86	1385.86	1385.86	1385.86	1385.86	1385.86	1385.86	1385.86	1385.86	1385.86	1385.86	1385.86	1385.86	1385.86	1385.86	1385.86
PAR13	1506.47	1506.47	1506.47	1506.47	1506.47	1506.47	1506.47	1506.47	1506.47	1506.47	1506.47	1506.47	1506.47	1506.47	1506.47	1506.47	1506.47	1506.47	1506.47	1506.47	1506.47	1506.47	1506.47	1506.47
PAR14	1627.08	1627.08	1627.08	1627.08	1627.08	1627.08	1627.08	1627.08	1627.08	1627.08	1627.08	1627.08	1627.08	1627.08	1627.08	1627.08	1627.08	1627.08	1627.08	1627.08	1627.08	1627.08	1627.08	1627.08
PAR15	1747.69	1747.69	1747.69	1747.69	1747.69	1747.69	1747.69	1747.69	1747.69	1747.69	1747.69	1747.69	1747.69	1747.69	1747.69	1747.69	1747.69	1747.69	1747.69	1747.69	1747.69	1747.69	1747.69	1747.69
ETR1	14.6305	14.8628	13.9929	13.8272	11.0879	10.2713	14.6795	12.2883	11.8270	11.9860	8.2680	6.5604	15.1906	14.8721	14.6830	13.2936	10.9135	11.4011	14.7826	12.5162	14.5708	12.5291	10.5795	8.7220
ETR2	41.4740	44.5007	39.1192	39.1748	31.4990	25.6578	41.5669	33.9150	30.8433	31.6158	20.2008	14.9602	45.7371	46.1643	44.5323	37.8807	31.8205	28.5594	45.0527	35.4953	40.4552	34.1646	24.2433	21.5608
ETR3	52.9431	59.9577	55.4365	52.0135	22.3629	17.6384	57.6484	45.3857	36.9785	37.0218	9.4085	6.8943	61.4641	59.0423	57.8554	48.8346	32.9601	29.2333	60.6708	45.7467	57.7970	41.4528	22.5791	13.7300
ETR4	56.5448	69.8691	68.3471	63.0090	8.1085	5.3165	69.2446	55.6323	41.4626	41.9679	-6.8287	-3.8030	72.8682	65.2209	66.7027	58.7708	32.5559	25.0747	66.4191	50.3334	71.0203	47.2534	18.1154	-1.5965
ETR5	66.5971	92.7917	86.2890	85.9933	29.0458	17.6332	88.8335	74.3002	64.6572	57.2263	6.0818	2.2559	99.8452	91.4792	93.8999	78.9887	50.6002	38.5820	90.7990	76.8696	92.8148	73.4892	32.5508	11.7257
ETR6	63.0443	93.0775	91.4754	85.2101	-12.4355	-11.1911	88.9680	82.9323	66.3290	60.0864	-44.2117	-10.5021	99.1425	81.6405	89.0939	81.7073	28.2619	28.7385	88.9246	66.5245	96.8397	64.6647	23.4678	-12.0246
ETR7	97.4830	138.9855	122.1277	127.8138	78.0250	65.7482	131.7367	115.5842	122.3653	109.1145	69.2929	37.4218	159.0663	157.0265	148.5846	125.5127	94.1352	68.0445	148.4570	133.9207	132.9550	129.9763	66.5271	65.9316
ETR8	93.5390	139.6781	131.8275	138.6915	88.1375	59.3511	135.5678	126.4862	127.3735	108.1732	61.1731	39.6083	163.7397	155.9998	155.7623	126.9571	90.3614	67.9180	146.7075	128.4077	137.8656	131.1741	66.7517	51.7171
ETR9	81.2675	124.4072	120.3286	128.6166	37.5773	23.8615	121.2698	115.4289	107.7187	89.9894	16.1520	13.5114	147.1057	130.4921	137.6106	117.5617	63.4784	49.4918	128.6107	110.9563	130.4233	118.1107	55.3112	14.8302
ETR10	100.3929	148.8304	142.7677	153.4962	96.7812	69.9273	135.8011	133.3163	144.5516	117.5827	60.4505	40.9880	174.3072	170.0533	158.1393	131.3257	92.9073	68.3111	161.2415	144.2214	143.1768	144.8059	73.0265	40.8165
ETR11	73.5871	130.6610	123.6130	132.4106	34.9715	17.3840	108.3774	122.3857	111.4553	88.1140	3.6111	10.5733	145.9531	133.2534	148.2435	124.0854	59.9153	40.2425	140.4556	111.5897	128.6934	110.8694	51.3183	45.5074
ETR12	81.5641	139.1964	130.3449	133.5986	49.9541	36.7684	128.3837	121.2888	139.6768	95.8482	27.4001	24.3125	151.3729	143.4758	146.4614	123.3752	70.8616	55.5526	147.1659	132.4048	134.7176	117.9725	52.9442	18.2999
ETR13	86.4908	129.1651	123.4682	130.4154	40.2459	17.9765	116.8389	117.7185	110.1628	93.1380	11.0110	29.4465	149.5331	124.6485	138.4370	118.1577	47.4391	48.7849	132.4719	123.4173	122.8539	115.2990	50.7016	39.9655
ETR14	62.9463	120.2575	114.2590	112.7125	-15.3493	-9.5623	98.1847	101.3841	107.7945	70.7635	-33.7162	-0.3114	136.5983	114.3693	139.3338	106.6849	35.2594	29.5390	127.7138	90.3208	122.7568	101.5553	30.4108	20.8371
ETR15	71.9765	121.3230	104.1663	108.2507	-7.8741	-1.6636	97.2586	106.2995	103.0205	68.2915	-28.5479	-2.9161	122.6525	102.3345	118.4282	99.9455	23.4287	31.4091	125.5549	114.7788	108.0766	88.9210	24.7709	30.6405
