FluorCam7 Numeric Avg Export File
-----------------------------------
	Area 1	Area 2	Area 3	Area 4	Area 5	Area 6	Area 7	Area 8	Area 9	Area 10	Area 11	Area 12	Area 13	Area 14	Area 15	Area 16	Area 17	Area 18	Area 19	Area 20	Area 21	Area 22	Area 23	Area 24
Size [pixels]	4221	4001	2864	4168	3970	2797	2065	3331	2970	4357	2039	2860	2912	4184	5079	4745	5902	3578	3134	3682	4290	3924	4187	1900
Fo	1970.90	2139.83	2251.94	2169.44	2068.10	2305.05	1760.01	2118.93	2375.95	2622.07	1943.07	1980.69	1839.91	2191.73	2549.55	2566.54	2324.38	1929.98	1508.72	2037.01	2154.05	2360.55	1942.79	1622.14
Fm	5639.54	6672.74	6767.97	5874.98	5812.60	5664.83	4786.99	6357.02	7074.03	7795.99	4958.10	4707.20	5275.36	6485.87	7522.75	7574.19	6140.78	4671.22	4438.26	5975.58	6376.45	6658.85	4968.05	3721.46
Fv	3668.64	4532.91	4516.02	3705.53	3744.50	3359.78	3026.99	4238.09	4698.07	5173.92	3015.02	2726.52	3435.45	4294.15	4973.21	5007.65	3816.40	2741.24	2929.54	3938.56	4222.40	4298.30	3025.26	2099.32
Fm_Lss1	5354.04	6318.09	6294.74	5511.08	5478.18	5400.41	4552.18	5990.16	6772.01	7539.40	4486.24	4486.09	5109.45	6275.65	7144.39	7306.85	5936.16	4499.48	4277.17	5769.77	6116.09	6386.80	4743.42	3620.26
Fm_Lss2	5273.56	6268.09	6356.30	5341.85	5189.51	5508.54	4580.14	6076.02	6711.36	7401.36	4335.43	4512.56	5078.78	6180.99	7017.18	7224.74	5721.32	4547.45	4247.97	5788.07	6102.79	6263.22	4521.95	3658.18
Fm_Lss3	5113.56	5991.09	5979.32	5010.83	4688.92	5321.30	4294.63	5738.30	6451.88	6862.37	3870.14	4351.39	4889.55	5916.94	6724.37	6766.47	5301.85	4412.21	4080.62	5622.17	5848.68	5961.13	4102.83	3540.09
Fm_Lss4	4935.96	5714.65	5571.36	4736.83	4203.02	5176.20	4026.53	5362.94	6149.24	6302.70	3451.13	4334.32	4657.51	5675.42	6400.84	6254.98	4877.29	4347.23	3919.16	5386.75	5481.62	5550.49	3742.21	3466.57
Fm_Lss5	4857.06	5417.61	5300.87	4544.93	3865.63	5324.82	3936.39	5151.84	6009.10	5948.48	3279.49	4531.09	4645.27	5559.18	6112.02	5864.78	4552.05	4378.12	3816.96	5120.67	5183.66	5186.92	3478.57	3542.55
Fm_Lss6	4467.96	4829.99	4729.44	4137.12	3424.57	5239.39	3582.04	4623.81	5453.27	5359.30	2912.30	4420.35	4357.40	5130.69	5589.91	5268.79	4079.25	4211.59	3402.14	4618.92	4586.14	4669.10	3090.45	3450.02
Fm_Lss7	4050.37	4253.16	4126.75	3764.90	3060.45	4934.19	3218.22	4115.37	4869.78	4828.15	2613.42	4276.29	3978.45	4711.02	5042.24	4787.70	3625.82	4013.23	3055.85	4109.52	4137.24	4201.25	2771.21	3360.97
Fm_Lss8	3680.52	3824.66	3730.87	3475.80	2767.45	4768.37	3005.00	3763.89	4425.55	4420.19	2434.18	4196.97	3689.17	4362.06	4595.04	4404.85	3309.29	3879.44	2759.60	3762.82	3763.84	3900.88	2563.34	3262.76
Fm_Lss9	3355.23	3509.82	3487.34	3282.70	2544.96	4618.26	2792.26	3498.49	4090.45	4100.14	2328.47	4156.06	3365.78	4049.09	4226.10	4056.19	3056.49	3727.47	2546.66	3457.57	3484.87	3556.62	2402.52	3213.75
Fm_Lss10	3063.87	3161.84	3204.26	3020.91	2358.70	4383.46	2531.79	3165.64	3696.31	3799.39	2142.20	3976.19	3057.28	3720.03	3840.65	3749.95	2851.91	3544.51	2320.53	3167.93	3214.51	3344.22	2218.03	3065.82
Fm_Lss11	2792.57	2934.31	2969.49	2778.75	2239.31	4166.63	2345.15	2921.98	3404.48	3578.25	2094.38	3902.20	2798.69	3444.74	3560.32	3516.52	2717.89	3334.55	2178.03	2969.23	2992.51	3118.44	2126.74	2992.05
Fm_Lss12	2527.72	2668.55	2708.50	2584.94	2117.38	3885.26	2160.85	2693.19	3058.39	3341.64	1996.75	3664.15	2501.18	3146.25	3281.02	3303.11	2588.47	3114.56	2002.83	2740.33	2760.98	2900.46	2012.90	2811.42
Fm_Lss13	2378.98	2533.16	2661.42	2496.75	2064.89	3756.88	2015.19	2586.61	2933.28	3225.84	2004.26	3571.09	2413.51	3019.68	3098.22	3115.63	2506.34	2993.94	1913.16	2611.01	2660.63	2818.67	1989.65	2752.09
Fm_Lss14	2182.81	2369.44	2522.16	2363.90	1986.16	3629.07	1911.71	2383.91	2727.05	3072.09	1958.64	3374.42	2217.57	2824.80	2921.51	2983.71	2452.56	2850.14	1795.23	2477.43	2505.92	2676.86	1928.22	2629.57
Fm_Lss15	2027.39	2232.03	2361.48	2251.41	1948.66	3430.53	1755.08	2277.88	2592.13	2953.56	1953.05	3168.11	2062.48	2634.32	2754.02	2869.97	2377.85	2681.49	1672.71	2348.05	2364.66	2555.33	1877.30	2500.91
Ft_Lss1	2309.65	2519.10	2643.11	2673.04	2557.96	3866.21	2163.71	2574.23	2935.09	3464.41	2574.17	2880.41	2166.59	2607.79	3126.46	3164.31	2987.22	3069.16	1745.96	2352.29	2516.10	2858.02	2499.01	2367.00
Ft_Lss2	2411.55	2681.44	2809.38	2852.30	2786.70	4596.69	2321.38	2796.22	3208.87	4018.91	2786.48	3593.02	2302.72	2836.55	3446.74	3610.79	3459.55	3840.13	1882.48	2549.13	2714.42	3174.48	2853.06	2922.57
Ft_Lss3	2618.23	2968.99	3147.91	3008.26	2894.44	5005.46	2502.30	3072.41	3443.82	4280.68	2919.36	3998.39	2492.65	3095.09	3734.25	3925.88	3590.33	4168.99	2136.78	2822.84	2975.29	3386.52	2945.11	3219.95
Ft_Lss4	2732.58	3141.44	3301.18	3013.73	2835.86	5178.75	2582.21	3168.22	3505.15	4211.52	2813.93	4234.77	2635.82	3223.39	3824.17	3952.53	3536.94	4298.47	2254.39	2952.62	3046.07	3375.21	2855.92	3343.72
Ft_Lss5	2720.58	3067.97	3123.34	2854.59	2631.05	4979.53	2462.36	3020.19	3430.18	3971.12	2534.77	4191.80	2577.73	3175.88	3699.79	3775.61	3313.74	4187.37	2225.85	2884.29	2929.20	3205.91	2651.51	3272.26
Ft_Lss6	2663.45	2967.38	3023.63	2753.30	2484.20	5064.47	2371.26	2927.30	3325.19	3770.71	2374.48	4216.23	2578.98	3155.16	3597.74	3611.48	3135.99	4138.57	2160.87	2797.67	2824.78	3079.73	2487.04	3291.03
Ft_Lss7	2603.58	2832.39	2875.25	2639.47	2344.92	4901.72	2274.56	2787.85	3194.67	3563.77	2238.32	4219.62	2532.46	3071.52	3439.73	3444.17	2927.06	3995.77	2067.86	2701.73	2706.17	2937.87	2314.52	3242.85
Ft_Lss8	2484.35	2676.91	2739.59	2549.89	2228.43	4717.41	2147.03	2636.04	3041.22	3381.99	2111.30	4206.63	2442.92	2985.72	3277.60	3265.26	2762.90	3873.26	1982.48	2581.88	2596.28	2806.17	2182.94	3215.70
Ft_Lss9	2391.27	2566.80	2677.68	2482.94	2155.66	4645.62	2082.41	2553.02	2945.54	3268.31	2050.96	4221.08	2372.50	2883.42	3104.23	3167.60	2645.82	3749.00	1905.20	2489.36	2486.03	2702.38	2092.18	3158.20
Ft_Lss10	2196.85	2367.06	2425.90	2307.76	1990.85	4281.20	1919.91	2356.57	2724.91	3055.49	1918.06	3938.67	2169.45	2702.10	2888.71	2963.17	2477.76	3476.33	1752.81	2306.89	2354.25	2541.48	1958.71	2962.02
Ft_Lss11	2022.83	2179.97	2258.20	2165.48	1890.36	4001.83	1768.50	2185.05	2519.44	2876.10	1818.13	3696.91	2002.12	2535.34	2708.45	2797.62	2356.24	3229.35	1628.61	2189.83	2203.64	2412.04	1846.90	2837.51
Ft_Lss12	1955.55	2140.16	2285.26	2152.35	1882.70	3959.69	1720.29	2168.12	2471.14	2863.59	1851.03	3695.11	1984.07	2504.28	2638.59	2737.46	2352.96	3158.38	1619.25	2157.68	2204.70	2395.79	1857.23	2811.41
Ft_Lss13	1871.19	2056.54	2209.46	2081.14	1853.70	3804.22	1648.91	2078.55	2361.56	2802.74	1851.72	3568.80	1916.27	2411.87	2539.21	2673.82	2293.29	3011.17	1567.96	2082.24	2123.28	2322.50	1806.96	2702.67
Ft_Lss14	1806.60	2011.47	2198.14	2049.26	1837.16	3697.53	1581.51	2029.35	2317.40	2765.93	1875.51	3469.09	1830.10	2318.44	2472.15	2614.24	2276.17	2894.59	1514.45	2042.88	2082.36	2276.60	1813.01	2637.39
Ft_Lss15	1678.97	1895.43	2059.44	1945.48	1762.86	3452.14	1500.20	1925.00	2180.64	2642.80	1849.66	3175.98	1701.33	2219.33	2378.66	2500.06	2225.58	2676.40	1450.37	1936.29	1986.13	2180.06	1766.34	2461.31
Fo_Lss1	1934.85	2102.00	2196.99	2117.81	2024.14	2260.02	1727.25	2076.54	2340.89	2592.39	1866.15	1940.44	1819.31	2167.19	2504.59	2535.11	2294.45	1900.02	1489.64	2012.54	2123.51	2325.44	1907.47	1602.61
Fo_Lss2	1924.23	2096.43	2204.44	2092.33	1983.37	2278.74	1731.26	2086.77	2333.60	2575.87	1839.53	1945.38	1815.40	2155.79	2488.77	2525.15	2261.62	1908.52	1486.09	2014.76	2121.91	2308.85	1870.62	1610.00
Fo_Lss3	1902.51	2064.51	2157.27	2039.56	1905.62	2246.05	1688.82	2045.42	2301.42	2507.34	1750.25	1914.80	1790.63	2122.75	2450.92	2466.76	2193.03	1884.28	1465.07	1994.28	2090.33	2266.51	1794.78	1586.71
Fo_Lss4	1877.38	2030.66	2101.74	1992.64	1820.10	2219.78	1645.73	1995.64	2261.71	2428.54	1659.15	1911.49	1758.55	2090.83	2406.59	2395.35	2116.81	1872.33	1443.71	1963.84	2041.47	2204.50	1722.18	1571.76
Fo_Lss5	1865.85	1991.85	2062.05	1957.87	1753.82	2246.68	1630.47	1965.66	2242.48	2374.07	1618.43	1948.81	1756.80	2074.85	2364.58	2335.84	2053.15	1878.03	1429.61	1927.33	1998.69	2144.79	1664.14	1587.20
Fo_Lss6	1805.45	1906.57	1969.48	1878.12	1656.99	2231.33	1566.29	1883.59	2160.30	2274.28	1523.62	1928.04	1713.98	2012.13	2282.11	2235.14	1951.15	1846.71	1367.18	1851.62	1903.08	2050.74	1569.82	1568.35
Fo_Lss7	1733.24	1809.69	1856.57	1797.44	1566.80	2174.06	1492.51	1793.33	2062.41	2172.85	1437.61	1900.12	1652.08	1944.21	2185.21	2143.76	1841.02	1807.54	1307.63	1763.97	1821.09	1955.12	1483.04	1549.69
Fo_Lss8	1661.78	1727.34	1771.98	1728.80	1486.24	2141.25	1444.96	1723.21	1978.31	2086.19	1381.65	1884.30	1599.98	1882.07	2096.78	2063.45	1755.75	1779.89	1250.20	1696.86	1744.89	1887.48	1421.36	1528.47
Fo_Lss9	1592.09	1660.09	1715.10	1679.65	1419.59	2110.44	1393.89	1665.37	1908.42	2012.07	1346.94	1876.01	1535.98	1821.33	2016.45	1983.58	1681.95	1747.21	1204.57	1631.89	1682.46	1803.04	1370.49	1517.63
Fo_Lss10	1523.35	1577.95	1643.68	1608.34	1359.70	2060.02	1325.81	1585.99	1817.98	1936.83	1282.43	1838.46	1468.36	1751.64	1924.30	1907.41	1618.08	1705.93	1151.49	1564.38	1616.80	1746.79	1308.41	1483.82
Fo_Lss11	1453.16	1519.16	1579.62	1537.02	1319.15	2010.84	1272.76	1522.39	1744.43	1877.68	1265.14	1822.49	1405.97	1688.11	1851.27	1845.11	1574.04	1655.76	1115.28	1514.34	1558.65	1683.14	1276.09	1466.32
Fo_Lss12	1378.03	1444.67	1502.60	1475.82	1275.87	1942.93	1216.45	1457.86	1648.83	1810.41	1228.85	1768.82	1326.69	1613.12	1772.80	1784.61	1529.74	1599.65	1067.47	1452.46	1493.42	1617.53	1234.21	1421.56
Fo_Lss13	1332.60	1404.05	1487.99	1446.64	1256.62	1910.29	1168.89	1426.05	1611.77	1775.87	1231.68	1746.84	1301.61	1579.18	1718.03	1728.42	1500.68	1567.22	1041.45	1415.31	1463.56	1591.77	1225.43	1406.23
Fo_Lss14	1268.73	1352.26	1443.44	1401.02	1227.02	1876.68	1133.31	1362.20	1547.46	1728.25	1214.31	1698.42	1242.41	1524.19	1662.27	1687.04	1481.23	1526.90	1005.50	1375.12	1415.49	1545.53	1201.85	1373.54
Fo_Lss15	1214.61	1306.36	1389.33	1360.73	1212.61	1822.15	1076.36	1326.91	1503.07	1690.10	1212.15	1644.52	1192.18	1466.95	1606.68	1650.06	1453.65	1477.13	965.87	1334.31	1369.28	1504.23	1181.87	1337.59
Fv_Lss1	3419.20	4216.10	4097.75	3393.27	3454.04	3140.39	2824.93	3913.61	4431.12	4947.00	2620.09	2545.64	3290.14	4108.45	4639.80	4771.74	3641.71	2599.46	2787.53	3757.23	3992.58	4061.36	2835.95	2017.65
Fv_Lss2	3349.32	4171.66	4151.87	3249.52	3206.14	3229.80	2848.88	3989.25	4377.76	4825.49	2495.90	2567.18	3263.38	4025.20	4528.40	4699.59	3459.70	2638.93	2761.89	3773.30	3980.89	3954.37	2651.32	2048.18
Fv_Lss3	3211.05	3926.58	3822.05	2971.27	2783.30	3075.25	2605.81	3692.88	4150.46	4355.03	2119.89	2436.59	3098.92	3794.19	4273.45	4299.71	3108.82	2527.93	2615.56	3627.89	3758.35	3694.62	2308.05	1953.39
Fv_Lss4	3058.58	3683.99	3469.62	2744.19	2382.92	2956.41	2380.80	3367.31	3887.53	3874.16	1791.98	2422.83	2898.96	3584.59	3994.26	3859.62	2760.47	2474.90	2475.45	3422.91	3440.15	3345.99	2020.03	1894.81
Fv_Lss5	2991.21	3425.76	3238.82	2587.06	2111.82	3078.15	2305.92	3186.18	3766.63	3574.41	1661.06	2582.28	2888.47	3484.33	3747.45	3528.94	2498.90	2500.08	2387.35	3193.34	3184.98	3042.13	1814.43	1955.35
Fv_Lss6	2662.51	2923.42	2759.96	2259.00	1767.58	3008.07	2015.75	2740.22	3292.96	3085.02	1388.68	2492.31	2643.42	3118.56	3307.80	3033.65	2128.10	2364.88	2034.97	2767.30	2683.05	2618.36	1520.63	1881.67
Fv_Lss7	2317.13	2443.47	2270.18	1967.46	1493.65	2760.13	1725.71	2322.04	2807.37	2655.31	1175.81	2376.17	2326.37	2766.82	2857.03	2643.94	1784.79	2205.70	1748.22	2345.56	2316.15	2246.14	1288.17	1811.29
Fv_Lss8	2018.74	2097.32	1958.89	1747.01	1281.21	2627.12	1560.04	2040.68	2447.24	2334.00	1052.54	2312.67	2089.19	2479.99	2498.27	2341.40	1553.53	2099.55	1509.40	2065.96	2018.95	2013.40	1141.99	1734.28
Fv_Lss9	1763.13	1849.73	1772.25	1603.05	1125.37	2507.82	1398.36	1833.12	2182.03	2088.07	981.53	2280.06	1829.80	2227.76	2209.66	2072.61	1374.54	1980.27	1342.09	1825.68	1802.42	1753.58	1032.03	1696.12
Fv_Lss10	1540.52	1583.89	1560.58	1412.58	999.00	2323.44	1205.98	1579.65	1878.33	1862.56	859.77	2137.73	1588.92	1968.40	1916.35	1842.55	1233.83	1838.57	1169.04	1603.55	1597.70	1597.42	909.62	1582.00
Fv_Lss11	1339.41	1415.15	1389.88	1241.73	920.16	2155.79	1072.39	1399.59	1660.05	1700.58	829.24	2079.71	1392.72	1756.63	1709.05	1671.41	1143.85	1678.79	1062.74	1454.89	1433.87	1435.30	850.64	1525.72
Fv_Lss12	1149.69	1223.88	1205.90	1109.12	841.51	1942.32	944.40	1235.33	1409.56	1531.23	767.91	1895.33	1174.49	1533.14	1508.22	1518.50	1058.73	1514.91	935.36	1287.87	1267.56	1282.93	778.69	1389.85
Fv_Lss13	1046.38	1129.11	1173.42	1050.10	808.27	1846.59	846.30	1160.55	1321.51	1449.97	772.57	1824.25	1111.90	1440.50	1380.19	1387.22	1005.66	1426.72	871.71	1195.70	1197.07	1226.90	764.21	1345.85
Fv_Lss14	914.08	1017.18	1078.73	962.88	759.14	1752.38	778.40	1021.71	1179.58	1343.83	744.34	1676.00	975.16	1300.61	1259.23	1296.67	971.33	1323.24	789.74	1102.32	1090.43	1131.33	726.37	1256.04
Fv_Lss15	812.78	925.67	972.15	890.68	736.05	1608.38	678.72	950.98	1089.06	1263.46	740.90	1523.59	870.30	1167.36	1147.34	1219.91	924.20	1204.36	706.84	1013.74	995.37	1051.10	695.43	1163.32
Fq_Lss1	3044.40	3798.99	3651.63	2838.04	2920.22	1534.21	2388.46	3415.92	3836.91	4074.98	1912.07	1605.67	2942.86	3667.85	4017.93	4142.53	2948.94	1430.32	2531.21	3417.48	3600.00	3528.78	2244.41	1253.26
Fq_Lss2	2862.01	3586.65	3546.92	2489.55	2402.81	911.85	2258.76	3279.79	3502.49	3382.45	1548.95	919.54	2776.06	3344.45	3570.44	3613.95	2261.77	707.31	2365.49	3238.94	3388.37	3088.75	1668.89	735.61
Fq_Lss3	2495.33	3022.10	2831.41	2002.58	1794.48	315.85	1792.34	2665.89	3008.06	2581.69	950.78	353.00	2396.90	2821.86	2990.13	2840.59	1711.52	243.22	1943.84	2799.33	2873.39	2574.61	1157.71	320.14
Fq_Lss4	2203.38	2573.21	2270.18	1723.10	1367.15	-2.55	1444.32	2194.73	2644.09	2091.18	637.20	99.55	2021.69	2452.03	2576.67	2302.44	1340.34	48.75	1664.77	2434.13	2435.55	2175.27	886.29	122.85
Fq_Lss5	2136.49	2349.64	2177.53	1690.34	1234.58	345.29	1474.03	2131.65	2578.92	1977.35	744.73	339.29	2067.54	2383.30	2412.23	2089.16	1238.31	190.75	1591.11	2236.38	2254.46	1981.01	827.05	270.29
Fq_Lss6	1804.52	1862.61	1705.81	1383.82	940.37	174.93	1210.78	1696.50	2128.08	1588.59	537.83	204.12	1778.42	1975.53	1992.18	1657.30	943.26	73.01	1241.28	1821.25	1761.36	1589.37	603.40	158.99
Fq_Lss7	1446.79	1420.77	1251.49	1125.43	715.52	32.47	943.66	1327.52	1675.11	1264.38	375.10	56.66	1445.98	1639.50	1602.51	1343.53	698.76	17.46	987.99	1407.79	1431.07	1263.39	456.68	118.13
Fq_Lss8	1196.17	1147.75	991.29	925.91	539.01	50.96	857.97	1127.86	1384.33	1038.20	322.88	-9.66	1246.24	1376.34	1317.44	1139.60	546.38	6.18	777.12	1180.94	1167.56	1094.71	380.40	47.06
Fq_Lss9	963.95	943.02	809.66	799.76	389.30	-27.36	709.85	945.47	1144.90	831.83	277.51	-65.02	993.28	1165.66	1121.88	888.59	410.67	-21.53	641.46	968.22	998.84	854.25	310.35	55.55
Fq_Lss10	867.03	794.78	778.36	713.15	367.85	102.27	611.88	809.06	971.40	743.90	224.15	37.53	887.83	1017.93	951.93	786.78	374.15	68.17	567.72	861.03	860.25	802.74	259.31	103.80
Fq_Lss11	769.73	754.34	711.30	613.27	348.95	164.80	576.65	736.93	885.04	702.15	276.25	205.29	796.57	909.40	851.87	718.90	361.65	105.20	549.42	779.40	788.88	706.41	279.84	154.54
Fq_Lss12	572.17	528.39	423.24	432.59	234.68	-74.44	440.56	525.07	587.25	478.05	145.72	-30.96	517.11	641.97	642.43	565.65	235.51	-43.82	383.58	582.66	556.28	504.67	155.67	0.00
Fq_Lss13	507.79	476.62	451.96	415.61	211.19	-47.34	366.28	508.06	571.72	423.10	152.53	2.30	497.24	607.81	559.01	441.81	213.05	-17.23	345.21	528.76	537.35	496.17	182.69	49.42
Fq_Lss14	376.21	357.97	324.02	314.64	149.00	-68.46	330.20	354.55	409.65	306.16	83.13	-94.67	387.46	506.36	449.36	369.47	176.40	-44.45	280.78	434.56	423.56	400.26	115.21	-7.81
Fq_Lss15	348.42	336.60	302.04	305.93	185.79	-21.62	254.88	352.88	411.48	310.76	103.39	-7.87	361.15	414.98	375.36	369.91	152.27	5.08	222.34	411.76	378.53	375.27	110.96	39.60
QY_max	0.65	0.68	0.67	0.63	0.64	0.59	0.63	0.67	0.66	0.66	0.61	0.58	0.65	0.66	0.66	0.66	0.62	0.59	0.66	0.66	0.66	0.65	0.61	0.56
Fv/Fm_Lss1	0.64	0.67	0.65	0.62	0.63	0.58	0.62	0.65	0.65	0.66	0.58	0.57	0.64	0.65	0.65	0.65	0.61	0.58	0.65	0.65	0.65	0.64	0.60	0.56
Fv/Fm_Lss2	0.64	0.67	0.65	0.61	0.62	0.59	0.62	0.66	0.65	0.65	0.58	0.57	0.64	0.65	0.65	0.65	0.60	0.58	0.65	0.65	0.65	0.63	0.59	0.56
Fv/Fm_Lss3	0.63	0.66	0.64	0.59	0.59	0.58	0.61	0.64	0.64	0.63	0.55	0.56	0.63	0.64	0.64	0.64	0.59	0.57	0.64	0.65	0.64	0.62	0.56	0.55
Fv/Fm_Lss4	0.62	0.64	0.62	0.58	0.57	0.57	0.59	0.63	0.63	0.61	0.52	0.56	0.62	0.63	0.62	0.62	0.57	0.57	0.63	0.64	0.63	0.60	0.54	0.55
Fv/Fm_Lss5	0.62	0.63	0.61	0.57	0.55	0.58	0.59	0.62	0.63	0.60	0.51	0.57	0.62	0.63	0.61	0.60	0.55	0.57	0.63	0.62	0.61	0.59	0.52	0.55
Fv/Fm_Lss6	0.60	0.61	0.58	0.55	0.52	0.57	0.56	0.59	0.60	0.58	0.48	0.56	0.61	0.61	0.59	0.58	0.52	0.56	0.60	0.60	0.59	0.56	0.49	0.55
Fv/Fm_Lss7	0.57	0.57	0.55	0.52	0.49	0.56	0.54	0.56	0.58	0.55	0.45	0.56	0.58	0.59	0.57	0.55	0.49	0.55	0.57	0.57	0.56	0.53	0.46	0.54
Fv/Fm_Lss8	0.55	0.55	0.53	0.50	0.46	0.55	0.52	0.54	0.55	0.53	0.43	0.55	0.57	0.57	0.54	0.53	0.47	0.54	0.55	0.55	0.54	0.52	0.45	0.53
Fv/Fm_Lss9	0.53	0.53	0.51	0.49	0.44	0.54	0.50	0.52	0.53	0.51	0.42	0.55	0.54	0.55	0.52	0.51	0.45	0.53	0.53	0.53	0.52	0.49	0.43	0.53
Fv/Fm_Lss10	0.50	0.50	0.49	0.47	0.42	0.53	0.48	0.50	0.51	0.49	0.40	0.54	0.52	0.53	0.50	0.49	0.43	0.52	0.50	0.51	0.50	0.48	0.41	0.52
Fv/Fm_Lss11	0.48	0.48	0.47	0.45	0.41	0.52	0.46	0.48	0.49	0.48	0.40	0.53	0.50	0.51	0.48	0.48	0.42	0.50	0.49	0.49	0.48	0.46	0.40	0.51
Fv/Fm_Lss12	0.45	0.46	0.45	0.43	0.40	0.50	0.44	0.46	0.46	0.46	0.38	0.52	0.47	0.49	0.46	0.46	0.41	0.49	0.47	0.47	0.46	0.44	0.39	0.49
Fv/Fm_Lss13	0.44	0.45	0.44	0.42	0.39	0.49	0.42	0.45	0.45	0.45	0.39	0.51	0.46	0.48	0.45	0.45	0.40	0.48	0.46	0.46	0.45	0.44	0.38	0.49
Fv/Fm_Lss14	0.42	0.43	0.43	0.41	0.38	0.48	0.41	0.43	0.43	0.44	0.38	0.50	0.44	0.46	0.43	0.43	0.40	0.46	0.44	0.44	0.44	0.42	0.38	0.48
Fv/Fm_Lss15	0.40	0.41	0.41	0.40	0.38	0.47	0.39	0.42	0.42	0.43	0.38	0.48	0.42	0.44	0.42	0.43	0.39	0.45	0.42	0.43	0.42	0.41	0.37	0.47
QY_Lss1	0.57	0.60	0.58	0.51	0.53	0.28	0.52	0.57	0.57	0.54	0.43	0.36	0.58	0.58	0.56	0.57	0.50	0.32	0.59	0.59	0.59	0.55	0.47	0.35
QY_Lss2	0.54	0.57	0.56	0.47	0.46	0.17	0.49	0.54	0.52	0.46	0.36	0.20	0.55	0.54	0.51	0.50	0.40	0.16	0.56	0.56	0.56	0.49	0.37	0.20
QY_Lss3	0.49	0.50	0.47	0.40	0.38	0.06	0.42	0.46	0.47	0.38	0.25	0.08	0.49	0.48	0.44	0.42	0.32	0.06	0.48	0.50	0.49	0.43	0.28	0.09
QY_Lss4	0.45	0.45	0.41	0.36	0.33	-0.00	0.36	0.41	0.43	0.33	0.18	0.02	0.43	0.43	0.40	0.37	0.27	0.01	0.42	0.45	0.44	0.39	0.24	0.04
QY_Lss5	0.44	0.43	0.41	0.37	0.32	0.06	0.37	0.41	0.43	0.33	0.23	0.07	0.45	0.43	0.39	0.36	0.27	0.04	0.42	0.44	0.43	0.38	0.24	0.08
QY_Lss6	0.40	0.39	0.36	0.33	0.27	0.03	0.34	0.37	0.39	0.30	0.18	0.05	0.41	0.39	0.36	0.31	0.23	0.02	0.36	0.39	0.38	0.34	0.20	0.05
QY_Lss7	0.36	0.33	0.30	0.30	0.23	0.01	0.29	0.32	0.34	0.26	0.14	0.01	0.36	0.35	0.32	0.28	0.19	0.00	0.32	0.34	0.35	0.30	0.16	0.04
QY_Lss8	0.33	0.30	0.27	0.27	0.19	0.01	0.29	0.30	0.31	0.23	0.13	-0.00	0.34	0.32	0.29	0.26	0.17	0.00	0.28	0.31	0.31	0.28	0.15	0.01
QY_Lss9	0.29	0.27	0.23	0.24	0.15	-0.01	0.25	0.27	0.28	0.20	0.12	-0.02	0.30	0.29	0.27	0.22	0.13	-0.01	0.25	0.28	0.29	0.24	0.13	0.02
QY_Lss10	0.28	0.25	0.24	0.24	0.16	0.02	0.24	0.26	0.26	0.20	0.10	0.01	0.29	0.27	0.25	0.21	0.13	0.02	0.24	0.27	0.27	0.24	0.12	0.03
QY_Lss11	0.28	0.26	0.24	0.22	0.16	0.04	0.25	0.25	0.26	0.20	0.13	0.05	0.28	0.26	0.24	0.20	0.13	0.03	0.25	0.26	0.26	0.23	0.13	0.05
QY_Lss12	0.23	0.20	0.16	0.17	0.11	-0.02	0.20	0.19	0.19	0.14	0.07	-0.01	0.21	0.20	0.20	0.17	0.09	-0.01	0.19	0.21	0.20	0.17	0.08	0.00
QY_Lss13	0.21	0.19	0.17	0.17	0.10	-0.01	0.18	0.20	0.19	0.13	0.08	0.00	0.21	0.20	0.18	0.14	0.09	-0.01	0.18	0.20	0.20	0.18	0.09	0.02
QY_Lss14	0.17	0.15	0.13	0.13	0.08	-0.02	0.17	0.15	0.15	0.10	0.04	-0.03	0.17	0.18	0.15	0.12	0.07	-0.02	0.16	0.18	0.17	0.15	0.06	-0.00
QY_Lss15	0.17	0.15	0.13	0.14	0.10	-0.01	0.15	0.15	0.16	0.11	0.05	-0.00	0.18	0.16	0.14	0.13	0.06	0.00	0.13	0.18	0.16	0.15	0.06	0.02
NPQ_Lss1	0.05	0.06	0.08	0.07	0.06	0.05	0.05	0.06	0.04	0.03	0.11	0.05	0.03	0.03	0.05	0.04	0.03	0.04	0.04	0.04	0.04	0.04	0.05	0.03
NPQ_Lss2	0.07	0.06	0.06	0.10	0.12	0.03	0.05	0.05	0.05	0.05	0.14	0.04	0.04	0.05	0.07	0.05	0.07	0.03	0.04	0.03	0.04	0.06	0.10	0.02
NPQ_Lss3	0.10	0.11	0.13	0.17	0.24	0.06	0.11	0.11	0.10	0.14	0.28	0.08	0.08	0.10	0.12	0.12	0.16	0.06	0.09	0.06	0.09	0.12	0.21	0.05
NPQ_Lss4	0.14	0.17	0.21	0.24	0.38	0.09	0.19	0.19	0.15	0.24	0.44	0.09	0.13	0.14	0.18	0.21	0.26	0.07	0.13	0.11	0.16	0.20	0.33	0.07
NPQ_Lss5	0.16	0.23	0.28	0.29	0.50	0.06	0.22	0.23	0.18	0.31	0.51	0.04	0.14	0.17	0.23	0.29	0.35	0.07	0.16	0.17	0.23	0.28	0.43	0.05
NPQ_Lss6	0.26	0.38	0.43	0.42	0.70	0.08	0.34	0.37	0.30	0.45	0.70	0.06	0.21	0.26	0.35	0.44	0.51	0.11	0.30	0.29	0.39	0.43	0.61	0.08
NPQ_Lss7	0.39	0.57	0.64	0.56	0.90	0.15	0.49	0.54	0.45	0.61	0.90	0.10	0.33	0.38	0.49	0.58	0.69	0.16	0.45	0.45	0.54	0.58	0.79	0.11
NPQ_Lss8	0.53	0.74	0.81	0.69	1.10	0.19	0.59	0.69	0.60	0.76	1.04	0.12	0.43	0.49	0.64	0.72	0.86	0.20	0.61	0.59	0.69	0.71	0.94	0.14
NPQ_Lss9	0.68	0.90	0.94	0.79	1.28	0.23	0.71	0.82	0.73	0.90	1.13	0.13	0.57	0.60	0.78	0.87	1.01	0.25	0.74	0.73	0.83	0.87	1.07	0.16
NPQ_Lss10	0.84	1.11	1.11	0.94	1.46	0.29	0.89	1.01	0.91	1.05	1.31	0.18	0.73	0.74	0.96	1.02	1.15	0.32	0.91	0.89	0.98	0.99	1.24	0.21
NPQ_Lss11	1.02	1.27	1.28	1.11	1.60	0.36	1.04	1.18	1.08	1.18	1.37	0.21	0.88	0.88	1.11	1.15	1.26	0.40	1.04	1.01	1.13	1.14	1.34	0.24
NPQ_Lss12	1.23	1.50	1.50	1.27	1.75	0.46	1.22	1.36	1.31	1.33	1.48	0.28	1.11	1.06	1.29	1.29	1.37	0.50	1.22	1.18	1.31	1.30	1.47	0.32
NPQ_Lss13	1.37	1.63	1.54	1.35	1.81	0.51	1.38	1.46	1.41	1.42	1.47	0.32	1.19	1.15	1.43	1.43	1.45	0.56	1.32	1.29	1.40	1.36	1.50	0.35
NPQ_Lss14	1.58	1.82	1.68	1.49	1.93	0.56	1.50	1.67	1.59	1.54	1.53	0.39	1.38	1.30	1.57	1.54	1.50	0.64	1.47	1.41	1.54	1.49	1.58	0.42
NPQ_Lss15	1.78	1.99	1.87	1.61	1.98	0.65	1.73	1.79	1.73	1.64	1.54	0.49	1.56	1.46	1.73	1.64	1.58	0.74	1.65	1.54	1.70	1.61	1.65	0.49
qN_Lss1	0.08	0.08	0.10	0.10	0.09	0.08	0.08	0.09	0.06	0.05	0.15	0.08	0.05	0.05	0.08	0.05	0.05	0.06	0.05	0.05	0.06	0.06	0.07	0.05
qN_Lss2	0.10	0.09	0.09	0.14	0.16	0.05	0.07	0.07	0.08	0.08	0.20	0.07	0.06	0.07	0.10	0.07	0.11	0.04	0.06	0.05	0.06	0.09	0.14	0.03
qN_Lss3	0.14	0.15	0.17	0.23	0.29	0.10	0.16	0.14	0.13	0.18	0.34	0.13	0.11	0.13	0.16	0.16	0.21	0.09	0.12	0.09	0.12	0.16	0.27	0.08
qN_Lss4	0.19	0.21	0.26	0.29	0.40	0.14	0.24	0.23	0.19	0.28	0.46	0.13	0.18	0.18	0.22	0.25	0.31	0.12	0.17	0.15	0.21	0.25	0.38	0.12
qN_Lss5	0.21	0.27	0.31	0.34	0.48	0.10	0.27	0.27	0.22	0.34	0.50	0.06	0.18	0.21	0.27	0.33	0.39	0.10	0.21	0.21	0.27	0.33	0.45	0.08
qN_Lss6	0.31	0.39	0.42	0.43	0.57	0.12	0.37	0.39	0.33	0.44	0.60	0.10	0.26	0.30	0.37	0.43	0.49	0.16	0.34	0.33	0.40	0.43	0.55	0.13
qN_Lss7	0.41	0.50	0.54	0.52	0.65	0.21	0.48	0.49	0.44	0.53	0.67	0.15	0.36	0.39	0.46	0.51	0.58	0.23	0.44	0.44	0.49	0.52	0.63	0.17
qN_Lss8	0.49	0.58	0.61	0.58	0.70	0.25	0.53	0.56	0.52	0.59	0.71	0.18	0.43	0.46	0.54	0.58	0.65	0.27	0.53	0.52	0.56	0.58	0.68	0.21
qN_Lss9	0.56	0.63	0.65	0.62	0.74	0.29	0.59	0.61	0.58	0.64	0.73	0.19	0.51	0.52	0.60	0.63	0.69	0.32	0.58	0.58	0.62	0.64	0.71	0.23
qN_Lss10	0.63	0.69	0.70	0.67	0.78	0.36	0.65	0.67	0.64	0.68	0.77	0.25	0.58	0.58	0.66	0.67	0.73	0.38	0.64	0.64	0.66	0.67	0.75	0.29
qN_Lss11	0.68	0.73	0.73	0.71	0.80	0.41	0.69	0.71	0.69	0.71	0.78	0.28	0.64	0.63	0.70	0.71	0.75	0.44	0.68	0.67	0.70	0.71	0.77	0.32
qN_Lss12	0.73	0.77	0.77	0.75	0.81	0.48	0.74	0.75	0.74	0.74	0.79	0.35	0.70	0.69	0.74	0.74	0.77	0.51	0.72	0.72	0.74	0.75	0.79	0.40
qN_Lss13	0.76	0.79	0.78	0.76	0.82	0.51	0.77	0.76	0.76	0.76	0.79	0.38	0.72	0.71	0.76	0.76	0.78	0.54	0.74	0.74	0.76	0.76	0.80	0.42
qN_Lss14	0.79	0.81	0.80	0.78	0.83	0.54	0.79	0.80	0.79	0.78	0.80	0.44	0.76	0.74	0.79	0.78	0.79	0.58	0.77	0.76	0.78	0.78	0.81	0.47
qN_Lss15	0.82	0.83	0.82	0.80	0.84	0.58	0.82	0.81	0.80	0.79	0.80	0.50	0.79	0.77	0.81	0.79	0.80	0.62	0.80	0.78	0.80	0.80	0.82	0.51
qP_Lss1	0.89	0.90	0.89	0.84	0.85	0.49	0.85	0.87	0.87	0.82	0.73	0.63	0.89	0.89	0.87	0.87	0.81	0.55	0.91	0.91	0.90	0.87	0.79	0.62
qP_Lss2	0.85	0.86	0.85	0.77	0.75	0.28	0.79	0.82	0.80	0.70	0.62	0.36	0.85	0.83	0.79	0.77	0.65	0.27	0.86	0.86	0.85	0.78	0.63	0.36
qP_Lss3	0.78	0.77	0.74	0.67	0.64	0.10	0.69	0.72	0.72	0.59	0.45	0.14	0.77	0.74	0.70	0.66	0.55	0.10	0.74	0.77	0.76	0.70	0.50	0.16
qP_Lss4	0.72	0.70	0.65	0.63	0.57	-0.00	0.61	0.65	0.68	0.54	0.36	0.04	0.70	0.68	0.65	0.60	0.49	0.02	0.67	0.71	0.71	0.65	0.44	0.06
qP_Lss5	0.71	0.69	0.67	0.65	0.58	0.11	0.64	0.67	0.68	0.55	0.45	0.13	0.72	0.68	0.64	0.59	0.50	0.08	0.67	0.70	0.71	0.65	0.46	0.14
qP_Lss6	0.68	0.64	0.62	0.61	0.53	0.06	0.60	0.62	0.65	0.51	0.39	0.08	0.67	0.63	0.60	0.55	0.44	0.03	0.61	0.66	0.66	0.61	0.40	0.08
qP_Lss7	0.62	0.58	0.55	0.57	0.48	0.01	0.55	0.57	0.60	0.48	0.32	0.02	0.62	0.59	0.56	0.51	0.39	0.01	0.57	0.60	0.62	0.56	0.35	0.07
qP_Lss8	0.59	0.55	0.51	0.53	0.42	0.02	0.55	0.55	0.57	0.44	0.31	-0.00	0.60	0.55	0.53	0.49	0.35	0.00	0.51	0.57	0.58	0.54	0.33	0.03
qP_Lss9	0.55	0.51	0.46	0.50	0.35	-0.01	0.51	0.52	0.52	0.40	0.28	-0.03	0.54	0.52	0.51	0.43	0.30	-0.01	0.48	0.53	0.55	0.49	0.30	0.03
qP_Lss10	0.56	0.50	0.50	0.50	0.37	0.04	0.51	0.51	0.52	0.40	0.26	0.02	0.56	0.52	0.50	0.43	0.30	0.04	0.49	0.54	0.54	0.50	0.29	0.07
qP_Lss11	0.57	0.53	0.51	0.49	0.38	0.08	0.54	0.53	0.53	0.41	0.33	0.10	0.57	0.52	0.50	0.43	0.32	0.06	0.52	0.54	0.55	0.49	0.33	0.10
qP_Lss12	0.50	0.43	0.35	0.39	0.28	-0.04	0.47	0.43	0.42	0.31	0.19	-0.02	0.44	0.42	0.43	0.37	0.22	-0.03	0.41	0.45	0.44	0.39	0.20	0.00
qP_Lss13	0.49	0.42	0.39	0.40	0.26	-0.03	0.43	0.44	0.43	0.29	0.20	0.00	0.45	0.42	0.41	0.32	0.21	-0.01	0.40	0.44	0.45	0.40	0.24	0.04
qP_Lss14	0.41	0.35	0.30	0.33	0.20	-0.04	0.42	0.35	0.35	0.23	0.11	-0.06	0.40	0.39	0.36	0.28	0.18	-0.03	0.36	0.39	0.39	0.35	0.16	-0.01
qP_Lss15	0.43	0.36	0.31	0.34	0.25	-0.01	0.38	0.37	0.38	0.25	0.14	-0.01	0.41	0.36	0.33	0.30	0.16	0.00	0.31	0.41	0.38	0.36	0.16	0.03
qL_Lss1	1.06	1.08	1.07	1.06	1.07	0.84	1.06	1.08	1.09	1.10	1.01	0.94	1.07	1.07	1.08	1.08	1.05	0.89	1.06	1.06	1.07	1.07	1.04	0.92
qL_Lss2	1.07	1.10	1.09	1.04	1.05	0.57	1.06	1.10	1.10	1.09	0.94	0.66	1.08	1.09	1.09	1.10	1.00	0.54	1.08	1.09	1.09	1.07	0.96	0.65
qL_Lss3	1.07	1.11	1.08	0.99	0.98	0.23	1.02	1.08	1.08	1.01	0.75	0.30	1.08	1.08	1.07	1.05	0.90	0.21	1.08	1.09	1.09	1.04	0.82	0.33
qL_Lss4	1.05	1.08	1.03	0.95	0.89	-0.00	0.95	1.03	1.05	0.94	0.60	0.09	1.05	1.05	1.03	0.98	0.81	0.05	1.05	1.07	1.06	1.00	0.73	0.14
qL_Lss5	1.04	1.06	1.02	0.95	0.88	0.25	0.97	1.03	1.05	0.93	0.70	0.28	1.05	1.05	1.01	0.96	0.80	0.17	1.04	1.05	1.04	0.97	0.73	0.28
qL_Lss6	1.00	0.99	0.95	0.90	0.80	0.13	0.91	0.96	0.99	0.85	0.60	0.18	1.01	0.99	0.95	0.88	0.71	0.07	0.96	0.99	0.97	0.91	0.63	0.18
qL_Lss7	0.94	0.91	0.85	0.84	0.72	0.03	0.83	0.89	0.92	0.78	0.50	0.05	0.95	0.94	0.88	0.82	0.62	0.02	0.89	0.92	0.92	0.85	0.55	0.14
qL_Lss8	0.89	0.85	0.78	0.78	0.63	0.04	0.82	0.85	0.87	0.72	0.47	-0.01	0.91	0.88	0.82	0.77	0.55	0.01	0.82	0.87	0.86	0.81	0.51	0.06
qL_Lss9	0.82	0.79	0.71	0.74	0.53	-0.02	0.76	0.79	0.81	0.65	0.43	-0.06	0.84	0.83	0.78	0.68	0.47	-0.02	0.76	0.81	0.82	0.73	0.46	0.07
qL_Lss10	0.81	0.75	0.74	0.72	0.54	0.09	0.73	0.76	0.78	0.63	0.39	0.04	0.83	0.80	0.75	0.66	0.46	0.08	0.74	0.79	0.78	0.73	0.43	0.13
qL_Lss11	0.80	0.76	0.73	0.70	0.54	0.15	0.75	0.76	0.77	0.63	0.48	0.20	0.81	0.78	0.73	0.65	0.47	0.12	0.75	0.77	0.78	0.71	0.48	0.20
qL_Lss12	0.71	0.64	0.53	0.57	0.41	-0.08	0.66	0.63	0.62	0.49	0.29	-0.03	0.66	0.65	0.63	0.57	0.34	-0.06	0.62	0.67	0.65	0.58	0.30	0.00
qL_Lss13	0.68	0.62	0.57	0.57	0.39	-0.05	0.61	0.64	0.63	0.46	0.30	0.00	0.66	0.64	0.60	0.49	0.32	-0.02	0.60	0.65	0.65	0.59	0.35	0.07
qL_Lss14	0.59	0.52	0.46	0.48	0.29	-0.08	0.59	0.52	0.52	0.36	0.17	-0.12	0.59	0.59	0.53	0.44	0.28	-0.06	0.54	0.59	0.57	0.52	0.24	-0.01
qL_Lss15	0.59	0.53	0.46	0.49	0.37	-0.03	0.52	0.54	0.55	0.38	0.21	-0.01	0.59	0.54	0.48	0.46	0.25	0.01	0.47	0.59	0.55	0.52	0.24	0.06
PAR1	59.15	59.15	59.15	59.15	59.15	59.15	59.15	59.15	59.15	59.15	59.15	59.15	59.15	59.15	59.15	59.15	59.15	59.15	59.15	59.15	59.15	59.15	59.15	59.15
PAR2	179.76	179.76	179.76	179.76	179.76	179.76	179.76	179.76	179.76	179.76	179.76	179.76	179.76	179.76	179.76	179.76	179.76	179.76	179.76	179.76	179.76	179.76	179.76	179.76
PAR3	300.37	300.37	300.37	300.37	300.37	300.37	300.37	300.37	300.37	300.37	300.37	300.37	300.37	300.37	300.37	300.37	300.37	300.37	300.37	300.37	300.37	300.37	300.37	300.37
PAR4	420.98	420.98	420.98	420.98	420.98	420.98	420.98	420.98	420.98	420.98	420.98	420.98	420.98	420.98	420.98	420.98	420.98	420.98	420.98	420.98	420.98	420.98	420.98	420.98
PAR5	541.59	541.59	541.59	541.59	541.59	541.59	541.59	541.59	541.59	541.59	541.59	541.59	541.59	541.59	541.59	541.59	541.59	541.59	541.59	541.59	541.59	541.59	541.59	541.59
PAR6	662.20	662.20	662.20	662.20	662.20	662.20	662.20	662.20	662.20	662.20	662.20	662.20	662.20	662.20	662.20	662.20	662.20	662.20	662.20	662.20	662.20	662.20	662.20	662.20
PAR7	782.81	782.81	782.81	782.81	782.81	782.81	782.81	782.81	782.81	782.81	782.81	782.81	782.81	782.81	782.81	782.81	782.81	782.81	782.81	782.81	782.81	782.81	782.81	782.81
PAR8	903.42	903.42	903.42	903.42	903.42	903.42	903.42	903.42	903.42	903.42	903.42	903.42	903.42	903.42	903.42	903.42	903.42	903.42	903.42	903.42	903.42	903.42	903.42	903.42
PAR9	1024.03	1024.03	1024.03	1024.03	1024.03	1024.03	1024.03	1024.03	1024.03	1024.03	1024.03	1024.03	1024.03	1024.03	1024.03	1024.03	1024.03	1024.03	1024.03	1024.03	1024.03	1024.03	1024.03	1024.03
PAR10	1144.64	1144.64	1144.64	1144.64	1144.64	1144.64	1144.64	1144.64	1144.64	1144.64	1144.64	1144.64	1144.64	1144.64	1144.64	1144.64	1144.64	1144.64	1144.64	1144.64	1144.64	1144.64	1144.64	1144.64
PAR11	1265.25	1265.25	1265.25	1265.25	1265.25	1265.25	1265.25	1265.25	1265.25	1265.25	1265.25	1265.25	1265.25	1265.25	1265.25	1265.25	1265.25	1265.25	1265.25	1265.25	1265.25	1265.25	1265.25	1265.25
PAR12	1385.86	1385.86	1385.86	1385.86	1385.86	1385.86	1385.86	1385.86	1385.86	1385.86	1385.86	1385.86	1385.86	1385.86	1385.86	1385.86	1385.86	1385.86	1385.86	1385.86	1385.86	1385.86	1385.86	1385.86
PAR13	1506.47	1506.47	1506.47	1506.47	1506.47	1506.47	1506.47	1506.47	1506.47	1506.47	1506.47	1506.47	1506.47	1506.47	1506.47	1506.47	1506.47	1506.47	1506.47	1506.47	1506.47	1506.47	1506.47	1506.47
PAR14	1627.08	1627.08	1627.08	1627.08	1627.08	1627.08	1627.08	1627.08	1627.08	1627.08	1627.08	1627.08	1627.08	1627.08	1627.08	1627.08	1627.08	1627.08	1627.08	1627.08	1627.08	1627.08	1627.08	1627.08
PAR15	1747.69	1747.69	1747.69	1747.69	1747.69	1747.69	1747.69	1747.69	1747.69	1747.69	1747.69	1747.69	1747.69	1747.69	1747.69	1747.69	1747.69	1747.69	1747.69	1747.69	1747.69	1747.69	1747.69	1747.69
ETR1	13.4528	14.2257	13.7247	12.1836	12.6117	6.7212	12.4134	13.4916	13.4047	12.7874	10.0836	8.4680	13.6266	13.8276	13.3055	13.4131	11.7531	7.5208	14.0012	14.0133	13.9258	13.0717	11.1945	8.1902
ETR2	39.0224	41.1433	40.1229	33.5100	33.2919	11.9024	35.4598	38.8127	37.5243	32.8599	25.6893	14.6519	39.3021	38.9056	36.5851	35.9671	28.4249	11.1838	40.0392	40.2360	39.9216	35.4593	26.5368	14.4587
ETR3	58.6296	60.6059	56.8936	48.0166	45.9811	7.1313	50.1425	55.8175	56.0160	45.2004	29.5166	9.7468	58.8970	57.2994	53.4257	50.4380	38.7852	6.6230	57.2330	59.8222	59.0268	51.8914	33.9023	10.8653
ETR4	75.1686	75.8236	68.6149	61.2549	54.7740	-0.0830	60.4018	68.9122	72.4057	55.8706	31.0907	3.8677	73.0937	72.7521	67.7861	61.9843	46.2760	1.8884	71.5286	76.0913	74.8180	65.9934	39.8811	5.9674
ETR5	95.2916	93.9554	88.9908	80.5702	69.1876	14.0479	81.1217	89.6360	92.9731	72.0123	49.1947	16.2216	96.4210	92.8745	85.4993	77.1702	58.9319	9.4386	90.3048	94.6121	94.2180	82.7382	51.5065	16.5287
ETR6	106.9790	102.1461	95.5363	88.5988	72.7345	8.8435	89.5328	97.1856	103.3661	78.5146	48.9163	12.2316	108.1072	101.9893	94.3995	83.3180	61.2488	4.5920	96.6415	104.4425	101.7296	90.1650	51.7171	12.2068
ETR7	111.8475	104.5989	94.9588	93.6012	73.2072	2.0602	91.8151	101.0057	107.7081	81.9998	44.9426	4.1491	113.8059	108.9713	99.5159	87.8690	60.3442	1.3622	101.2360	107.2660	108.3092	94.1611	51.6012	11.0054
ETR8	117.4443	108.4432	96.0145	96.2634	70.3830	3.8618	103.1752	108.2841	113.0368	84.8764	47.9338	-0.8318	122.0739	114.0202	103.6070	93.4905	59.6638	0.5752	101.7633	113.4133	112.0975	101.4106	53.6273	5.2116
ETR9	117.6806	110.0548	95.0995	99.7935	62.6577	-2.4267	104.1312	110.6973	114.6486	83.1009	48.8176	-6.4083	120.8804	117.9198	108.7368	89.7339	55.0355	-2.3656	103.1737	114.7025	117.4037	98.3822	52.9116	7.0805
ETR10	129.5654	115.0893	111.2191	108.0863	71.4048	10.6817	110.6530	117.0172	120.3253	89.6459	47.9070	4.3211	132.9603	125.2854	113.4828	96.0628	60.0676	8.8060	112.0152	124.4437	122.5293	109.9029	53.5287	15.5015
ETR11	139.4989	130.1057	121.2280	111.6966	78.8650	20.0176	124.4450	127.6397	131.5678	99.3107	66.7551	26.6254	144.0467	133.6084	121.0929	103.4639	67.3422	15.9664	127.6663	132.8470	133.4162	114.6441	66.5934	26.1394
ETR12	125.4791	109.7636	86.6242	92.7688	61.4415	-10.6203	113.0214	108.0759	106.4407	79.3036	40.4559	-4.6840	114.6080	113.1096	108.5415	94.9297	50.4358	-7.7988	106.1669	117.8654	111.6888	96.4530	42.8711	0.0007
ETR13	128.6204	113.3775	102.3300	100.3068	61.6301	-7.5932	109.5265	118.3594	117.4494	79.0350	45.8593	0.3876	124.1477	121.2911	108.7244	85.4497	51.2225	-3.4681	108.7289	122.0315	121.7009	106.0741	55.3285	10.8201
ETR14	112.1715	98.3259	83.6127	86.6278	48.8261	-12.2782	112.4136	96.7964	97.7653	64.8606	27.6227	-18.2583	113.7156	116.6653	100.1050	80.5926	46.8099	-10.1503	101.7919	114.1597	110.0053	97.3163	38.8880	-1.9336
ETR15	120.1399	105.4230	89.4139	94.9929	66.6526	-4.4048	101.5226	108.2977	110.9729	73.5527	37.0089	-1.7373	122.4122	110.1254	95.2802	90.1041	44.7672	1.3257	92.9243	122.5915	111.9065	102.6646	41.3186	11.0699
