FluorCam7 Numeric Avg Export File
-----------------------------------
	Area 1	Area 2	Area 3	Area 4	Area 5	Area 6	Area 7	Area 8	Area 9	Area 10	Area 11	Area 12	Area 13	Area 14	Area 15	Area 16	Area 17	Area 18	Area 19	Area 20	Area 21	Area 22	Area 23	Area 24
Size [pixels]	3939	3835	2641	3590	3353	1999	1975	3263	2904	3889	1749	1895	2806	4017	4942	4286	5291	1814	2938	3567	4171	3443	3650	991
Fo	2009.11	2174.12	2309.08	2117.04	2377.31	2866.11	1751.76	2151.12	2395.02	2681.81	2346.37	2636.18	1948.43	2250.18	2544.74	2534.08	2818.38	2342.31	1543.43	2113.89	2202.11	2289.87	2375.58	2145.96
Fm	4958.85	5749.38	5716.20	4538.12	4368.72	3678.19	4265.30	5691.31	6014.01	5426.35	4126.31	3320.42	4874.06	5846.95	6330.55	5343.03	5014.64	2796.86	4159.40	5509.93	5774.73	4923.34	4177.69	2645.75
Fv	2949.73	3575.26	3407.12	2421.08	1991.41	812.08	2513.54	3540.19	3618.98	2744.53	1779.95	684.24	2925.63	3596.77	3785.81	2808.95	2196.26	454.54	2615.97	3396.04	3572.62	2633.47	1802.12	499.79
Fm_Lss1	4827.13	5628.25	5619.27	4384.51	4332.69	3676.01	4194.43	5633.13	5863.26	5201.56	4110.12	3238.09	4856.11	5780.39	6215.71	5132.05	4987.81	2820.58	4062.26	5430.78	5692.16	4707.77	4167.10	2655.54
Ft_Lss1	2131.85	2307.21	2457.99	2280.38	2695.16	2958.85	1867.06	2332.26	2586.06	2956.98	2726.56	2736.72	2034.62	2394.29	2719.03	2697.37	3180.02	2408.24	1652.25	2242.48	2330.32	2462.04	2689.86	2223.61
Fo_Lss1	1987.15	2156.57	2293.10	2083.00	2366.60	2864.78	1739.69	2142.75	2370.75	2625.73	2341.12	2584.02	1945.56	2240.25	2525.98	2485.62	2809.88	2358.93	1529.86	2102.13	2190.00	2242.12	2372.15	2152.40
Fv_Lss1	2839.98	3471.69	3326.16	2301.52	1966.09	811.23	2454.74	3490.38	3492.51	2575.82	1768.99	654.07	2910.55	3540.14	3689.74	2646.44	2177.92	461.65	2532.41	3328.65	3502.16	2465.65	1794.95	503.15
Fq_Lss1	2695.27	3321.04	3161.28	2104.13	1637.53	717.16	2327.36	3300.87	3277.20	2244.58	1383.55	501.36	2821.49	3386.10	3496.68	2434.68	1807.79	412.34	2410.02	3188.30	3361.84	2245.72	1477.25	431.93
QY_max	0.59	0.62	0.60	0.53	0.46	0.22	0.59	0.62	0.60	0.51	0.43	0.21	0.60	0.62	0.60	0.53	0.44	0.16	0.63	0.62	0.62	0.53	0.43	0.19
Fv/Fm_Lss1	0.59	0.62	0.59	0.52	0.45	0.22	0.59	0.62	0.60	0.50	0.43	0.20	0.60	0.61	0.59	0.52	0.44	0.16	0.62	0.61	0.62	0.52	0.43	0.19
QY_Lss1	0.56	0.59	0.56	0.48	0.38	0.20	0.55	0.59	0.56	0.43	0.34	0.15	0.58	0.59	0.56	0.47	0.36	0.15	0.59	0.59	0.59	0.48	0.35	0.16
NPQ_Lss1	0.03	0.02	0.02	0.04	0.01	0.00	0.02	0.01	0.03	0.04	0.00	0.03	0.00	0.01	0.02	0.04	0.01	-0.01	0.02	0.01	0.01	0.05	0.00	-0.00
qN_Lss1	0.04	0.03	0.03	0.06	0.02	0.00	0.03	0.02	0.04	0.08	0.01	0.11	0.01	0.02	0.03	0.07	0.01	-0.05	0.04	0.02	0.02	0.08	0.01	-0.02
qP_Lss1	0.95	0.96	0.95	0.91	0.83	0.88	0.95	0.95	0.94	0.87	0.78	0.77	0.97	0.96	0.95	0.92	0.83	0.89	0.95	0.96	0.96	0.91	0.82	0.86
qL_Lss1	1.02	1.02	1.02	1.00	0.95	0.91	1.02	1.03	1.02	0.98	0.91	0.81	1.01	1.02	1.02	1.00	0.94	0.91	1.03	1.02	1.02	1.00	0.93	0.89
PAR1	10.90	10.90	10.90	10.90	10.90	10.90	10.90	10.90	10.90	10.90	10.90	10.90	10.90	10.90	10.90	10.90	10.90	10.90	10.90	10.90	10.90	10.90	10.90	10.90
ETR1	2.4351	2.5734	2.4535	2.0929	1.6483	0.8508	2.4199	2.5556	2.4376	1.8819	1.4681	0.6753	2.5339	2.5548	2.4534	2.0690	1.5807	0.6376	2.5874	2.5604	2.5758	2.0804	1.5461	0.7094
