FluorCam7 Numeric Avg Export File
-----------------------------------
	Area 1	Area 2	Area 3	Area 4	Area 5	Area 6	Area 7	Area 8	Area 9	Area 10	Area 11	Area 12	Area 13	Area 14	Area 15	Area 16	Area 17	Area 18	Area 19	Area 20	Area 21	Area 22	Area 23	Area 24
Size [pixels]	3171	2282	3616	2164	3100	2525	3433	1950	3684	4098	3471	2954	3602	3194	3994	3626	2167	2320	3166	2501	3386	4199	2858	1426
Fo	1939.06	1848.06	2155.86	2129.84	1787.68	1973.63	2177.32	1718.61	2204.64	2453.75	2228.24	1715.82	2061.53	2338.06	2509.24	1965.71	1977.40	1868.47	1767.76	2046.17	2299.00	2236.86	2036.84	1689.71
Fm	6197.82	5688.22	6586.41	6387.24	5122.01	4752.88	7031.84	5551.87	6868.57	7823.55	6878.85	5162.13	7064.15	7721.93	8272.13	6203.17	5723.74	5124.93	5971.32	6872.22	7616.42	6852.51	5951.62	4317.43
Fv	4258.76	3840.16	4430.55	4257.40	3334.33	2779.25	4854.52	3833.26	4663.92	5369.80	4650.62	3446.31	5002.62	5383.87	5762.90	4237.46	3746.34	3256.47	4203.56	4826.05	5317.42	4615.64	3914.78	2627.72
Fm_Lss1	5516.46	5007.89	5782.33	5253.04	4246.52	3978.93	6137.17	4565.61	5610.92	6555.93	5446.48	3982.76	6278.78	6415.53	7238.98	5192.39	4394.56	3830.43	5044.46	5856.39	6487.41	5886.76	4814.06	3629.24
Fm_Lss2	5573.36	4991.82	5795.80	5425.99	3779.72	3942.79	6097.48	4727.20	5667.91	6477.73	5201.93	3388.89	6389.67	6734.23	7254.59	5167.77	4097.24	3380.94	5265.95	5890.26	6527.24	5669.34	4613.71	3315.39
Fm_Lss3	5519.61	4882.20	5659.54	5393.03	3491.35	3854.15	6059.74	4654.46	5545.61	6135.18	4588.45	2937.67	6285.22	6670.10	7055.77	4819.12	3646.77	3200.89	5342.48	5825.43	6489.43	5415.95	4278.82	3220.14
Fm_Lss4	5431.61	4751.34	5556.11	5381.10	3302.51	3806.83	5806.86	4421.89	5253.08	5506.09	4000.22	2699.48	5877.94	6135.89	6469.42	4336.77	3229.88	3226.03	5199.52	5564.59	6169.09	5017.91	3939.85	3226.70
Fm_Lss5	5022.08	4410.75	5171.47	5027.72	2985.26	3587.51	5205.19	3876.97	4616.23	4642.67	3401.73	2379.02	5124.73	5152.58	5459.99	3696.96	2776.63	3095.43	4489.15	4714.60	5344.09	4360.62	3392.63	3180.27
Fm_Lss6	4942.19	4401.12	5045.31	4861.22	2859.05	3618.89	5006.20	3756.99	4525.98	4454.38	3217.08	2377.74	4645.52	4858.71	4954.33	3443.81	2581.69	3203.11	4293.77	4384.23	4952.97	4117.93	3222.52	3154.70
Fm_Lss7	4487.21	3975.60	4606.15	4325.90	2586.33	3589.74	4586.46	3424.82	4024.93	3987.22	2890.47	2270.61	4076.76	4412.00	4454.68	3150.16	2338.86	3273.49	3864.00	3801.02	4248.15	3705.43	2871.91	3201.74
Fm_Lss8	4123.27	3689.95	4255.69	4013.06	2441.56	3525.83	4332.55	3218.48	3788.04	3689.26	2770.30	2307.78	3783.48	4049.91	4127.88	2942.39	2267.91	3304.32	3510.04	3536.54	3883.11	3465.46	2730.10	3217.61
Fm_Lss9	3663.99	3230.92	3734.06	3527.96	2266.46	3399.83	3946.07	2844.90	3361.49	3303.27	2576.46	2239.56	3429.59	3662.55	3683.52	2727.53	2127.04	3279.52	3152.55	3190.90	3468.20	3196.92	2505.63	2897.22
Fm_Lss10	2978.40	2702.75	3122.90	2806.91	1994.30	3016.60	3366.92	2319.20	2759.66	2754.03	2226.43	2039.35	2990.32	2976.38	3122.72	2300.12	1826.29	2970.73	2466.04	2622.17	2914.87	2760.22	2115.51	2739.41
Fm_Lss11	2825.50	2522.48	2923.37	2677.09	1912.10	3032.65	3271.64	2190.86	2648.06	2697.00	2217.16	2116.04	2826.11	2973.62	2964.25	2255.97	1864.36	3067.86	2343.70	2516.84	2759.23	2629.73	2112.14	2710.90
Fm_Lss12	2818.11	2474.15	2917.67	2754.62	1922.71	3181.67	3244.89	2215.00	2738.31	2806.90	2321.25	2294.45	2766.02	3033.31	2979.57	2326.52	1990.78	3224.57	2304.67	2543.39	2752.89	2626.41	2221.17	2735.83
Fm_Lss13	2597.83	2307.03	2691.19	2538.07	1825.17	3097.37	3075.66	2068.50	2547.15	2704.69	2291.00	2315.50	2627.38	2888.23	2806.65	2203.39	1960.91	3182.45	2086.32	2386.93	2616.51	2495.08	2141.88	2671.24
Fm_Lss14	2388.56	2078.14	2500.28	2339.98	1721.16	2905.81	2755.17	1872.36	2346.63	2460.64	2143.07	2296.95	2422.90	2590.96	2607.50	2058.18	1845.19	2982.99	1827.48	2172.14	2379.99	2316.89	1985.73	2450.88
Fm_Lss15	2321.25	2033.95	2484.93	2346.10	1714.97	2967.18	2772.46	1863.97	2363.92	2557.69	2223.47	2451.19	2423.93	2693.81	2626.34	2081.32	1906.13	3037.16	1824.84	2200.87	2401.55	2328.57	2095.66	2491.52
Ft_Lss1	2215.63	2149.23	2586.05	2585.30	2256.70	2935.75	2638.94	1935.98	2618.80	2867.51	2575.32	2220.91	2390.03	2711.84	2877.66	2241.01	2235.58	2219.72	1969.17	2317.23	2604.91	2544.86	2365.11	1874.66
Ft_Lss2	2510.99	2435.09	2963.22	3007.28	2503.30	3459.18	2785.81	2142.51	2743.37	3031.55	2732.46	2277.48	2682.87	3074.30	3045.05	2460.10	2256.68	2504.89	2139.34	2513.67	2783.16	2651.08	2386.71	2440.51
Ft_Lss3	2627.73	2489.69	3027.71	3030.18	2397.05	3477.30	2999.85	2199.67	2728.34	3044.15	2604.92	2141.64	3043.37	3387.17	3177.90	2477.38	2154.44	2539.05	2275.95	2718.24	2960.50	2710.71	2387.80	2632.23
Ft_Lss4	2668.58	2471.22	2969.91	2886.97	2246.53	3381.44	3099.68	2148.63	2629.92	2843.58	2369.19	1983.66	3169.09	3377.68	3085.27	2352.83	2003.45	2579.50	2307.13	2753.92	2942.67	2617.43	2213.12	2754.20
Ft_Lss5	2893.07	2618.64	3090.80	3041.28	2258.08	3502.68	3288.57	2301.98	2741.78	2874.75	2362.24	2034.10	3204.48	3486.14	3037.11	2360.01	1994.38	2863.38	2461.90	2853.82	3041.81	2614.75	2246.01	2913.60
Ft_Lss6	2854.00	2571.29	3023.15	2935.35	2109.20	3447.44	3178.31	2184.74	2608.65	2720.83	2220.30	2002.44	3021.18	3232.15	2842.97	2215.96	1869.55	2887.87	2330.02	2642.94	2868.55	2507.15	2122.72	2975.29
Ft_Lss7	2634.81	2364.29	2750.62	2581.39	1919.11	3202.32	2932.15	1943.93	2346.59	2434.18	2024.07	1866.29	2770.19	2856.72	2581.77	2005.16	1686.86	2789.92	2036.15	2366.57	2563.83	2297.28	1920.69	2941.89
Ft_Lss8	2536.09	2287.58	2640.05	2490.21	1830.85	3182.62	2889.97	1938.88	2286.75	2345.55	1973.79	1892.42	2644.98	2778.92	2521.19	1950.82	1682.03	2900.33	1980.74	2249.78	2442.56	2258.24	1871.26	2955.66
Ft_Lss9	2571.57	2284.05	2651.37	2516.19	1842.58	3344.06	2981.48	2014.85	2358.42	2457.50	2101.41	2040.47	2603.56	2906.12	2561.45	2049.45	1780.58	3165.08	2068.10	2323.37	2480.35	2279.47	1983.10	2804.77
Ft_Lss10	2343.07	2049.70	2422.68	2297.10	1722.58	3153.02	2819.81	1813.46	2176.37	2293.25	1971.09	1968.84	2402.82	2650.58	2429.62	1916.82	1707.25	3023.92	1902.90	2112.71	2294.80	2155.79	1893.99	2642.44
Ft_Lss11	2282.65	2018.23	2360.08	2253.57	1708.45	3198.00	2770.80	1795.34	2185.55	2305.30	2043.56	2086.80	2378.78	2651.81	2360.81	1919.95	1738.00	3139.38	1840.09	2103.27	2270.23	2149.20	1932.66	2711.57
Ft_Lss12	1995.17	1757.98	2070.26	1839.67	1552.40	2854.28	2440.19	1546.01	1860.22	2028.02	1816.07	1930.63	2158.31	2280.37	2123.60	1719.65	1539.37	2894.53	1549.83	1859.78	1982.56	1935.71	1682.34	2510.72
Ft_Lss13	2089.03	1826.14	2169.03	2081.64	1630.75	3020.82	2553.39	1686.02	2070.24	2218.94	2005.24	2212.64	2226.79	2475.46	2230.77	1833.97	1730.75	3068.01	1646.20	1953.79	2123.70	2042.09	1883.70	2566.27
Ft_Lss14	1994.84	1742.23	2068.72	2023.92	1606.95	2946.23	2445.00	1613.50	2003.12	2168.31	2008.69	2271.27	2167.90	2397.67	2188.77	1817.44	1741.96	3019.40	1575.26	1923.30	2072.57	2013.95	1870.65	2501.61
Ft_Lss15	1922.24	1674.64	1992.08	1909.55	1527.91	2811.36	2333.26	1549.69	1920.94	2122.27	1950.07	2276.49	2110.39	2300.42	2131.65	1777.65	1690.47	2908.80	1490.52	1847.56	2017.36	1963.37	1804.64	2373.55
Fo_Lss1	1866.92	1769.94	2062.00	1986.79	1667.68	1826.14	2083.28	1610.89	2056.68	2313.45	2053.32	1562.07	1988.93	2202.27	2405.11	1851.49	1790.33	1663.50	1676.56	1945.68	2184.26	2123.16	1884.45	1572.97
Fo_Lss2	1873.39	1767.93	2063.71	2011.04	1590.54	1818.48	2078.69	1630.56	2064.29	2303.64	2017.56	1461.61	1999.92	2238.64	2406.84	1848.35	1738.92	1572.70	1700.33	1949.41	2188.76	2094.20	1852.95	1510.98
Fo_Lss3	1867.28	1753.98	2046.17	2006.49	1537.11	1799.40	2074.29	1621.81	2047.84	2258.79	1918.09	1370.80	1989.58	2231.51	2384.54	1801.73	1652.30	1532.60	1708.23	1942.25	2184.49	2058.62	1796.48	1490.88
Fo_Lss4	1857.10	1736.80	2032.49	2004.84	1499.37	1789.02	2043.82	1592.63	2006.57	2167.61	1807.02	1316.60	1946.87	2168.35	2313.67	1729.80	1561.01	1538.34	1693.35	1912.37	2146.96	1998.37	1733.85	1492.29
Fo_Lss5	1806.73	1689.12	1978.66	1953.68	1430.36	1739.05	1963.92	1515.89	1906.13	2019.74	1673.98	1235.43	1856.50	2031.36	2170.19	1618.10	1446.86	1508.00	1610.36	1800.79	2037.50	1885.20	1618.93	1482.28
Fo_Lss6	1796.28	1687.71	1959.90	1928.02	1400.73	1746.39	1934.90	1497.19	1890.56	1983.27	1627.99	1235.08	1789.62	1984.05	2085.58	1567.67	1392.09	1533.11	1584.49	1750.41	1977.95	1838.36	1579.15	1476.70
Fo_Lss7	1732.44	1621.17	1889.91	1837.82	1331.92	1739.58	1868.80	1441.48	1797.11	1884.94	1539.94	1205.54	1698.34	1905.27	1991.55	1503.85	1318.29	1549.05	1522.02	1649.37	1855.04	1751.32	1490.01	1486.92
Fo_Lss8	1675.35	1571.56	1828.14	1778.90	1292.46	1724.43	1825.21	1403.60	1748.29	1815.61	1505.15	1215.94	1645.22	1834.45	1923.47	1454.81	1295.44	1555.92	1463.88	1597.53	1781.89	1695.82	1450.91	1490.34
Fo_Lss9	1594.15	1481.89	1724.64	1676.71	1241.68	1693.73	1752.89	1327.58	1651.57	1716.88	1446.05	1196.73	1574.56	1750.58	1821.10	1400.27	1248.22	1550.40	1397.77	1523.01	1689.16	1628.87	1384.97	1417.72
Fo_Lss10	1449.03	1359.99	1581.68	1494.27	1155.30	1592.91	1628.46	1200.58	1491.73	1555.63	1328.79	1137.08	1475.08	1576.83	1672.60	1278.32	1138.23	1477.78	1244.20	1380.13	1546.21	1507.36	1256.86	1378.85
Fo_Lss11	1411.86	1312.78	1528.83	1456.67	1127.23	1597.38	1605.84	1165.25	1458.51	1537.27	1325.49	1160.53	1433.98	1576.06	1626.03	1264.57	1152.90	1501.43	1212.27	1350.39	1501.28	1467.59	1255.67	1371.59
Fo_Lss12	1410.01	1299.57	1527.27	1479.33	1130.91	1637.78	1599.37	1172.04	1485.47	1572.36	1362.00	1212.23	1418.35	1592.67	1630.63	1286.43	1200.02	1538.01	1201.75	1357.99	1499.41	1466.56	1293.41	1377.94
Fo_Lss13	1352.63	1251.94	1462.83	1414.51	1096.44	1615.16	1557.14	1129.70	1427.36	1539.77	1351.53	1218.08	1380.98	1551.74	1577.45	1247.88	1189.10	1528.36	1139.56	1312.07	1458.01	1424.68	1266.12	1361.36
Fo_Lss14	1293.61	1181.33	1404.53	1350.78	1058.03	1561.48	1470.54	1068.57	1362.14	1457.47	1298.65	1212.92	1322.32	1461.64	1512.52	1199.93	1145.54	1480.81	1057.73	1244.43	1381.51	1364.75	1209.88	1301.72
Fo_Lss15	1273.61	1166.92	1399.68	1352.82	1055.69	1579.03	1475.45	1065.83	1367.95	1490.98	1327.74	1254.61	1322.63	1493.82	1518.84	1207.76	1168.74	1494.04	1056.84	1253.81	1388.75	1368.79	1249.83	1313.09
Fv_Lss1	3649.54	3237.95	3720.33	3266.24	2578.84	2152.80	4053.88	2954.72	3554.24	4242.47	3393.16	2420.69	4289.85	4213.25	4833.86	3340.89	2604.23	2166.92	3367.89	3910.71	4303.15	3763.59	2929.62	2056.26
Fv_Lss2	3699.97	3223.88	3732.09	3414.96	2189.18	2124.30	4018.79	3096.64	3603.63	4174.09	3184.37	1927.28	4389.74	4495.58	4847.76	3319.42	2358.32	1808.24	3565.62	3940.85	4338.48	3575.14	2760.76	1804.41
Fv_Lss3	3652.33	3128.22	3613.37	3386.54	1954.23	2054.75	3985.45	3032.64	3497.77	3876.39	2670.35	1566.86	4295.64	4438.59	4671.23	3017.39	1994.47	1668.29	3634.25	3883.18	4304.94	3357.33	2482.34	1729.26
Fv_Lss4	3574.50	3014.54	3523.62	3376.26	1803.14	2017.82	3763.04	2829.27	3246.50	3338.48	2193.20	1382.89	3931.06	3967.54	4155.74	2606.97	1668.87	1687.69	3506.17	3652.22	4022.13	3019.54	2206.00	1734.42
Fv_Lss5	3215.35	2721.62	3192.81	3074.04	1554.91	1848.46	3241.27	2361.08	2710.10	2622.93	1727.76	1143.59	3268.23	3121.22	3289.81	2078.86	1329.77	1587.43	2878.79	2913.81	3306.60	2475.42	1773.70	1698.00
Fv_Lss6	3145.90	2713.41	3085.40	2933.20	1458.32	1872.50	3071.29	2259.80	2635.42	2471.12	1589.09	1142.66	2855.90	2874.66	2868.75	1876.15	1189.60	1670.00	2709.28	2633.82	2975.02	2279.57	1643.36	1678.00
Fv_Lss7	2754.78	2354.43	2716.24	2488.08	1254.41	1850.17	2717.66	1983.34	2227.82	2102.29	1350.53	1065.07	2378.42	2506.73	2463.13	1646.31	1020.58	1724.44	2341.98	2151.65	2393.11	1954.10	1381.89	1714.82
Fv_Lss8	2447.92	2118.39	2427.55	2234.16	1149.11	1801.40	2507.33	1814.88	2039.74	1873.65	1265.14	1091.84	2138.26	2215.46	2204.41	1487.58	972.47	1748.40	2046.17	1939.01	2101.22	1769.64	1279.19	1727.27
Fv_Lss9	2069.84	1749.03	2009.41	1851.25	1024.79	1706.10	2193.18	1517.32	1709.92	1586.39	1130.42	1042.83	1855.02	1911.97	1862.42	1327.26	878.82	1729.12	1754.78	1667.90	1779.04	1568.05	1120.66	1479.50
Fv_Lss10	1529.37	1342.76	1541.22	1312.63	839.00	1423.68	1738.46	1118.61	1267.92	1198.39	897.64	902.27	1515.24	1399.54	1450.12	1021.80	688.07	1492.95	1221.84	1242.04	1368.67	1252.86	858.65	1360.56
Fv_Lss11	1413.64	1209.70	1394.54	1220.42	784.87	1435.27	1665.80	1025.62	1189.55	1159.72	891.67	955.51	1392.13	1397.56	1338.21	991.40	711.46	1566.44	1131.43	1166.45	1257.94	1162.14	856.47	1339.31
Fv_Lss12	1408.10	1174.58	1390.40	1275.29	791.81	1543.89	1645.52	1042.96	1252.84	1234.54	959.25	1082.22	1347.67	1440.64	1348.94	1040.08	790.76	1686.56	1102.92	1185.39	1253.48	1159.86	927.75	1357.88
Fv_Lss13	1245.21	1055.09	1228.36	1123.56	728.73	1482.21	1518.52	938.80	1119.79	1164.92	939.47	1097.42	1246.40	1336.48	1229.21	955.51	771.81	1654.09	946.76	1074.86	1158.49	1070.40	875.76	1309.87
Fv_Lss14	1094.94	896.81	1095.74	989.20	663.13	1344.33	1284.63	803.79	984.49	1003.17	844.43	1084.03	1100.58	1129.32	1094.98	858.25	699.65	1502.18	769.75	927.71	998.48	952.14	775.85	1149.16
Fv_Lss15	1047.64	867.03	1085.25	993.28	659.28	1388.15	1297.01	798.14	995.97	1066.70	895.73	1196.58	1101.30	1199.99	1107.50	873.56	737.40	1543.13	768.00	947.06	1012.81	959.78	845.84	1178.42
Fq_Lss1	3300.84	2858.66	3196.27	2667.74	1989.82	1043.19	3498.23	2629.63	2992.11	3688.42	2871.15	1761.85	3888.75	3703.69	4361.32	2951.38	2158.98	1610.70	3075.29	3539.16	3882.50	3341.90	2448.95	1754.58
Fq_Lss2	3062.37	2556.72	2832.58	2418.71	1276.42	483.61	3311.67	2584.69	2924.54	3446.18	2469.46	1111.41	3706.80	3659.93	4209.54	2707.67	1840.56	876.05	3126.61	3376.59	3744.08	3018.26	2227.00	874.89
Fq_Lss3	2891.88	2392.51	2631.83	2362.85	1094.29	376.85	3059.89	2454.78	2817.26	3091.02	1983.53	796.03	3241.85	3282.93	3877.87	2341.74	1492.33	661.84	3066.53	3107.19	3528.93	2705.24	1891.02	587.91
Fq_Lss4	2763.03	2280.12	2586.20	2494.13	1055.98	425.39	2707.18	2273.26	2623.16	2662.51	1631.03	715.82	2708.85	2758.21	3384.15	1983.94	1226.43	646.53	2892.39	2810.67	3226.42	2400.48	1726.73	472.50
Fq_Lss5	2129.01	1792.11	2080.66	1986.44	727.19	84.83	1916.62	1575.00	1874.44	1767.92	1039.50	344.92	1920.25	1666.44	2422.88	1336.96	782.26	232.05	2027.25	1860.77	2302.29	1745.87	1146.62	266.68
Fq_Lss6	2088.18	1829.83	2022.16	1925.88	749.84	171.45	1827.89	1572.25	1917.33	1733.55	996.79	375.30	1624.34	1626.56	2111.37	1227.86	712.14	315.24	1963.75	1741.29	2084.42	1610.78	1099.79	179.41
Fq_Lss7	1852.40	1611.30	1855.54	1744.50	667.22	387.43	1654.31	1480.89	1678.34	1553.04	866.40	404.32	1306.57	1555.28	1872.91	1145.00	652.00	483.57	1827.85	1434.45	1684.32	1408.15	951.21	259.85
Fq_Lss8	1587.18	1402.37	1615.64	1522.85	610.71	343.21	1442.58	1279.61	1501.28	1343.71	796.50	415.35	1138.50	1270.99	1606.69	991.56	585.87	403.99	1529.30	1286.76	1440.55	1207.22	858.84	261.95
Fq_Lss9	1092.42	946.87	1082.69	1011.77	423.89	55.77	964.59	830.05	1003.06	845.77	475.05	199.09	826.03	756.43	1122.06	678.09	346.46	114.43	1084.45	867.54	987.85	917.45	522.53	92.45
Fq_Lss10	635.34	653.06	700.22	509.80	271.73	-136.42	547.11	505.74	583.29	460.77	255.34	70.51	587.50	325.80	693.10	383.30	119.04	-53.19	563.14	509.45	620.07	604.44	221.52	96.97
Fq_Lss11	542.85	504.25	563.29	423.52	203.65	-165.35	500.84	395.52	462.51	391.70	173.59	29.24	447.33	321.81	603.44	336.02	126.36	-71.52	503.61	413.57	488.99	480.53	179.48	-0.67
Fq_Lss12	822.94	716.17	847.41	914.95	370.32	327.39	804.70	668.99	878.10	778.88	505.18	363.81	607.71	752.94	855.97	606.86	451.41	330.03	754.84	683.60	770.33	690.70	538.82	225.11
Fq_Lss13	508.80	480.89	522.16	456.44	194.41	76.55	522.28	382.48	476.92	485.75	285.76	102.87	400.59	412.76	575.88	369.42	230.16	114.44	440.12	433.14	492.81	452.99	258.17	104.97
Fq_Lss14	393.72	335.91	431.56	316.06	114.21	-40.42	310.17	258.86	343.50	292.33	134.38	25.69	255.00	193.29	418.73	240.74	103.22	-36.41	252.22	248.85	307.42	302.94	115.08	-50.73
Fq_Lss15	399.01	359.31	492.85	436.55	187.05	155.81	439.20	314.29	442.98	435.42	273.39	174.70	313.55	393.39	494.70	303.67	215.66	128.36	334.32	353.31	384.19	365.20	291.03	117.96
QY_max	0.69	0.68	0.67	0.67	0.65	0.58	0.69	0.69	0.68	0.69	0.68	0.67	0.71	0.70	0.70	0.68	0.65	0.64	0.70	0.70	0.70	0.67	0.66	0.61
Fv/Fm_Lss1	0.66	0.65	0.64	0.62	0.61	0.54	0.66	0.65	0.63	0.65	0.62	0.61	0.68	0.66	0.67	0.64	0.59	0.57	0.67	0.67	0.66	0.64	0.61	0.57
Fv/Fm_Lss2	0.66	0.65	0.64	0.63	0.58	0.54	0.66	0.66	0.64	0.64	0.61	0.57	0.69	0.67	0.67	0.64	0.58	0.53	0.68	0.67	0.66	0.63	0.60	0.54
Fv/Fm_Lss3	0.66	0.64	0.64	0.63	0.56	0.53	0.66	0.65	0.63	0.63	0.58	0.53	0.68	0.67	0.66	0.63	0.55	0.52	0.68	0.67	0.66	0.62	0.58	0.54
Fv/Fm_Lss4	0.66	0.63	0.63	0.63	0.55	0.53	0.65	0.64	0.62	0.61	0.55	0.51	0.67	0.65	0.64	0.60	0.52	0.52	0.67	0.66	0.65	0.60	0.56	0.54
Fv/Fm_Lss5	0.64	0.62	0.62	0.61	0.52	0.52	0.62	0.61	0.59	0.56	0.51	0.48	0.64	0.61	0.60	0.56	0.48	0.51	0.64	0.62	0.62	0.57	0.52	0.53
Fv/Fm_Lss6	0.64	0.62	0.61	0.60	0.51	0.52	0.61	0.60	0.58	0.55	0.49	0.48	0.61	0.59	0.58	0.54	0.46	0.52	0.63	0.60	0.60	0.55	0.51	0.53
Fv/Fm_Lss7	0.61	0.59	0.59	0.58	0.49	0.52	0.59	0.58	0.55	0.53	0.47	0.47	0.58	0.57	0.55	0.52	0.44	0.53	0.61	0.57	0.56	0.53	0.48	0.54
Fv/Fm_Lss8	0.59	0.57	0.57	0.56	0.47	0.51	0.58	0.56	0.54	0.51	0.46	0.47	0.57	0.55	0.53	0.51	0.43	0.53	0.58	0.55	0.54	0.51	0.47	0.54
Fv/Fm_Lss9	0.56	0.54	0.54	0.52	0.45	0.50	0.56	0.53	0.51	0.48	0.44	0.47	0.54	0.52	0.51	0.49	0.41	0.53	0.56	0.52	0.51	0.49	0.45	0.51
Fv/Fm_Lss10	0.51	0.50	0.49	0.47	0.42	0.47	0.52	0.48	0.46	0.44	0.40	0.44	0.51	0.47	0.46	0.44	0.38	0.50	0.50	0.47	0.47	0.45	0.41	0.50
Fv/Fm_Lss11	0.50	0.48	0.48	0.46	0.41	0.47	0.51	0.47	0.45	0.43	0.40	0.45	0.49	0.47	0.45	0.44	0.38	0.51	0.48	0.46	0.46	0.44	0.41	0.49
Fv/Fm_Lss12	0.50	0.47	0.48	0.46	0.41	0.49	0.51	0.47	0.46	0.44	0.41	0.47	0.49	0.47	0.45	0.45	0.40	0.52	0.48	0.47	0.46	0.44	0.42	0.50
Fv/Fm_Lss13	0.48	0.46	0.46	0.44	0.40	0.48	0.49	0.45	0.44	0.43	0.41	0.47	0.47	0.46	0.44	0.43	0.39	0.52	0.45	0.45	0.44	0.43	0.41	0.49
Fv/Fm_Lss14	0.46	0.43	0.44	0.42	0.39	0.46	0.47	0.43	0.42	0.41	0.39	0.47	0.45	0.44	0.42	0.42	0.38	0.50	0.42	0.43	0.42	0.41	0.39	0.47
Fv/Fm_Lss15	0.45	0.43	0.44	0.42	0.38	0.47	0.47	0.43	0.42	0.42	0.40	0.49	0.45	0.45	0.42	0.42	0.39	0.51	0.42	0.43	0.42	0.41	0.40	0.47
QY_Lss1	0.60	0.57	0.55	0.51	0.47	0.26	0.57	0.58	0.53	0.56	0.53	0.44	0.62	0.58	0.60	0.57	0.49	0.42	0.61	0.60	0.60	0.57	0.51	0.48
QY_Lss2	0.55	0.51	0.49	0.45	0.34	0.12	0.54	0.55	0.52	0.53	0.47	0.33	0.58	0.54	0.58	0.52	0.45	0.26	0.59	0.57	0.57	0.53	0.48	0.26
QY_Lss3	0.52	0.49	0.47	0.44	0.31	0.10	0.50	0.53	0.51	0.50	0.43	0.27	0.52	0.49	0.55	0.49	0.41	0.21	0.57	0.53	0.54	0.50	0.44	0.18
QY_Lss4	0.51	0.48	0.47	0.46	0.32	0.11	0.47	0.51	0.50	0.48	0.41	0.27	0.46	0.45	0.52	0.46	0.38	0.20	0.56	0.51	0.52	0.48	0.44	0.15
QY_Lss5	0.42	0.41	0.40	0.40	0.24	0.02	0.37	0.41	0.41	0.38	0.31	0.14	0.37	0.32	0.44	0.36	0.28	0.07	0.45	0.39	0.43	0.40	0.34	0.08
QY_Lss6	0.42	0.42	0.40	0.40	0.26	0.05	0.37	0.42	0.42	0.39	0.31	0.16	0.35	0.33	0.43	0.36	0.28	0.10	0.46	0.40	0.42	0.39	0.34	0.06
QY_Lss7	0.41	0.41	0.40	0.40	0.26	0.11	0.36	0.43	0.42	0.39	0.30	0.18	0.32	0.35	0.42	0.36	0.28	0.15	0.47	0.38	0.40	0.38	0.33	0.08
QY_Lss8	0.38	0.38	0.38	0.38	0.25	0.10	0.33	0.40	0.40	0.36	0.29	0.18	0.30	0.31	0.39	0.34	0.26	0.12	0.44	0.36	0.37	0.35	0.31	0.08
QY_Lss9	0.30	0.29	0.29	0.29	0.19	0.02	0.24	0.29	0.30	0.26	0.18	0.09	0.24	0.21	0.30	0.25	0.16	0.03	0.34	0.27	0.28	0.29	0.21	0.03
QY_Lss10	0.21	0.24	0.22	0.18	0.14	-0.05	0.16	0.22	0.21	0.17	0.11	0.03	0.20	0.11	0.22	0.17	0.07	-0.02	0.23	0.19	0.21	0.22	0.10	0.04
QY_Lss11	0.19	0.20	0.19	0.16	0.11	-0.05	0.15	0.18	0.17	0.15	0.08	0.01	0.16	0.11	0.20	0.15	0.07	-0.02	0.21	0.16	0.18	0.18	0.08	-0.00
QY_Lss12	0.29	0.29	0.29	0.33	0.19	0.10	0.25	0.30	0.32	0.28	0.22	0.16	0.22	0.25	0.29	0.26	0.23	0.10	0.33	0.27	0.28	0.26	0.24	0.08
QY_Lss13	0.20	0.21	0.19	0.18	0.11	0.02	0.17	0.18	0.19	0.18	0.12	0.04	0.15	0.14	0.21	0.17	0.12	0.04	0.21	0.18	0.19	0.18	0.12	0.04
QY_Lss14	0.16	0.16	0.17	0.14	0.07	-0.01	0.11	0.14	0.15	0.12	0.06	0.01	0.11	0.07	0.16	0.12	0.06	-0.01	0.14	0.11	0.13	0.13	0.06	-0.02
QY_Lss15	0.17	0.18	0.20	0.19	0.11	0.05	0.16	0.17	0.19	0.17	0.12	0.07	0.13	0.15	0.19	0.15	0.11	0.04	0.18	0.16	0.16	0.16	0.14	0.05
NPQ_Lss1	0.12	0.14	0.14	0.22	0.21	0.19	0.15	0.22	0.22	0.19	0.26	0.30	0.13	0.20	0.14	0.19	0.30	0.34	0.18	0.17	0.17	0.16	0.24	0.19
NPQ_Lss2	0.11	0.14	0.14	0.18	0.36	0.21	0.15	0.17	0.21	0.21	0.32	0.52	0.11	0.15	0.14	0.20	0.40	0.52	0.13	0.17	0.17	0.21	0.29	0.30
NPQ_Lss3	0.12	0.17	0.16	0.18	0.47	0.23	0.16	0.19	0.24	0.28	0.50	0.76	0.12	0.16	0.17	0.29	0.57	0.60	0.12	0.18	0.17	0.27	0.39	0.34
NPQ_Lss4	0.14	0.20	0.19	0.19	0.55	0.25	0.21	0.26	0.31	0.42	0.72	0.91	0.20	0.26	0.28	0.43	0.77	0.59	0.15	0.23	0.23	0.37	0.51	0.34
NPQ_Lss5	0.23	0.29	0.27	0.27	0.72	0.32	0.35	0.43	0.49	0.69	1.02	1.17	0.38	0.50	0.52	0.68	1.06	0.66	0.33	0.46	0.43	0.57	0.75	0.36
NPQ_Lss6	0.25	0.29	0.31	0.31	0.79	0.31	0.40	0.48	0.52	0.76	1.14	1.17	0.52	0.59	0.67	0.80	1.22	0.60	0.39	0.57	0.54	0.66	0.85	0.37
NPQ_Lss7	0.38	0.43	0.43	0.48	0.98	0.32	0.53	0.62	0.71	0.96	1.38	1.27	0.73	0.75	0.86	0.97	1.45	0.57	0.55	0.81	0.79	0.85	1.07	0.35
NPQ_Lss8	0.50	0.54	0.55	0.59	1.10	0.35	0.62	0.72	0.81	1.12	1.48	1.24	0.87	0.91	1.00	1.11	1.52	0.55	0.70	0.94	0.96	0.98	1.18	0.34
NPQ_Lss9	0.69	0.76	0.76	0.81	1.26	0.40	0.78	0.95	1.04	1.37	1.67	1.30	1.06	1.11	1.25	1.27	1.69	0.56	0.89	1.15	1.20	1.14	1.38	0.49
NPQ_Lss10	1.08	1.10	1.11	1.28	1.57	0.58	1.09	1.39	1.49	1.84	2.09	1.53	1.36	1.59	1.65	1.70	2.13	0.73	1.42	1.62	1.61	1.48	1.81	0.58
NPQ_Lss11	1.19	1.26	1.25	1.39	1.68	0.57	1.15	1.53	1.59	1.90	2.10	1.44	1.50	1.60	1.79	1.75	2.07	0.67	1.55	1.73	1.76	1.61	1.82	0.59
NPQ_Lss12	1.20	1.30	1.26	1.32	1.66	0.49	1.17	1.51	1.51	1.79	1.96	1.25	1.55	1.55	1.78	1.67	1.88	0.59	1.59	1.70	1.77	1.61	1.68	0.58
NPQ_Lss13	1.39	1.47	1.45	1.52	1.81	0.53	1.29	1.68	1.70	1.89	2.00	1.23	1.69	1.67	1.95	1.82	1.92	0.61	1.86	1.88	1.91	1.75	1.78	0.62
NPQ_Lss14	1.59	1.74	1.63	1.73	1.98	0.64	1.55	1.97	1.93	2.18	2.21	1.25	1.92	1.98	2.17	2.01	2.10	0.72	2.27	2.16	2.20	1.96	2.00	0.76
NPQ_Lss15	1.67	1.80	1.65	1.72	1.99	0.60	1.54	1.98	1.91	2.06	2.09	1.11	1.91	1.87	2.15	1.98	2.00	0.69	2.27	2.12	2.17	1.94	1.84	0.73
qN_Lss1	0.16	0.17	0.18	0.26	0.25	0.26	0.18	0.25	0.26	0.23	0.30	0.33	0.15	0.24	0.18	0.23	0.34	0.37	0.22	0.21	0.21	0.20	0.28	0.25
qN_Lss2	0.14	0.18	0.17	0.22	0.38	0.28	0.19	0.21	0.25	0.24	0.34	0.48	0.13	0.18	0.17	0.24	0.41	0.49	0.17	0.20	0.20	0.25	0.33	0.36
qN_Lss3	0.16	0.20	0.20	0.23	0.45	0.30	0.20	0.23	0.27	0.30	0.46	0.59	0.15	0.19	0.21	0.31	0.51	0.54	0.15	0.21	0.21	0.30	0.40	0.39
qN_Lss4	0.18	0.24	0.23	0.23	0.50	0.32	0.25	0.29	0.33	0.41	0.57	0.64	0.23	0.29	0.30	0.42	0.60	0.53	0.18	0.26	0.26	0.38	0.48	0.39
qN_Lss5	0.27	0.32	0.31	0.31	0.58	0.39	0.36	0.41	0.45	0.55	0.67	0.71	0.37	0.45	0.46	0.55	0.69	0.56	0.34	0.43	0.41	0.50	0.59	0.40
qN_Lss6	0.29	0.32	0.33	0.34	0.61	0.38	0.40	0.44	0.47	0.58	0.70	0.71	0.46	0.50	0.54	0.60	0.73	0.54	0.38	0.49	0.47	0.55	0.62	0.41
qN_Lss7	0.38	0.42	0.42	0.45	0.67	0.39	0.47	0.52	0.56	0.65	0.75	0.73	0.56	0.57	0.61	0.65	0.77	0.52	0.47	0.59	0.58	0.62	0.69	0.39
qN_Lss8	0.46	0.49	0.49	0.52	0.70	0.41	0.52	0.56	0.60	0.69	0.76	0.72	0.61	0.62	0.65	0.69	0.78	0.51	0.55	0.63	0.64	0.66	0.72	0.39
qN_Lss9	0.55	0.58	0.59	0.61	0.74	0.44	0.58	0.64	0.67	0.74	0.79	0.74	0.66	0.68	0.71	0.72	0.80	0.52	0.62	0.69	0.70	0.70	0.75	0.49
qN_Lss10	0.68	0.69	0.69	0.73	0.79	0.55	0.68	0.74	0.76	0.81	0.84	0.78	0.73	0.77	0.78	0.79	0.85	0.59	0.74	0.77	0.77	0.77	0.82	0.54
qN_Lss11	0.70	0.72	0.72	0.75	0.80	0.55	0.69	0.77	0.78	0.82	0.84	0.76	0.75	0.77	0.80	0.80	0.84	0.57	0.76	0.79	0.79	0.78	0.82	0.55
qN_Lss12	0.71	0.73	0.73	0.74	0.80	0.50	0.70	0.76	0.77	0.80	0.83	0.73	0.76	0.76	0.80	0.79	0.83	0.53	0.77	0.79	0.80	0.78	0.80	0.54
qN_Lss13	0.74	0.76	0.76	0.77	0.82	0.53	0.72	0.79	0.79	0.81	0.83	0.72	0.78	0.78	0.82	0.81	0.83	0.54	0.80	0.81	0.81	0.80	0.81	0.56
qN_Lss14	0.78	0.80	0.79	0.80	0.84	0.58	0.77	0.82	0.82	0.84	0.85	0.73	0.81	0.82	0.84	0.83	0.85	0.59	0.84	0.84	0.84	0.83	0.84	0.62
qN_Lss15	0.79	0.81	0.79	0.80	0.84	0.56	0.77	0.82	0.82	0.83	0.84	0.69	0.81	0.81	0.84	0.83	0.84	0.58	0.84	0.83	0.84	0.82	0.82	0.61
qP_Lss1	0.90	0.88	0.86	0.82	0.77	0.48	0.86	0.89	0.84	0.87	0.85	0.73	0.91	0.88	0.90	0.88	0.83	0.74	0.91	0.90	0.90	0.89	0.84	0.85
qP_Lss2	0.83	0.79	0.76	0.71	0.58	0.23	0.82	0.83	0.81	0.83	0.78	0.58	0.84	0.81	0.87	0.82	0.78	0.48	0.88	0.86	0.86	0.84	0.81	0.48
qP_Lss3	0.79	0.76	0.73	0.70	0.56	0.18	0.77	0.81	0.81	0.80	0.74	0.51	0.75	0.74	0.83	0.78	0.75	0.40	0.84	0.80	0.82	0.81	0.76	0.34
qP_Lss4	0.77	0.76	0.73	0.74	0.59	0.21	0.72	0.80	0.81	0.80	0.74	0.52	0.69	0.70	0.81	0.76	0.73	0.38	0.82	0.77	0.80	0.79	0.78	0.27
qP_Lss5	0.66	0.66	0.65	0.65	0.47	0.05	0.59	0.67	0.69	0.67	0.60	0.30	0.59	0.53	0.74	0.64	0.59	0.15	0.70	0.64	0.70	0.71	0.65	0.16
qP_Lss6	0.66	0.67	0.66	0.66	0.51	0.09	0.60	0.70	0.73	0.70	0.63	0.33	0.57	0.57	0.74	0.65	0.60	0.19	0.72	0.66	0.70	0.71	0.67	0.11
qP_Lss7	0.67	0.68	0.68	0.70	0.53	0.21	0.61	0.75	0.75	0.74	0.64	0.38	0.55	0.62	0.76	0.70	0.64	0.28	0.78	0.67	0.70	0.72	0.69	0.15
qP_Lss8	0.65	0.66	0.67	0.68	0.53	0.19	0.58	0.71	0.74	0.72	0.63	0.38	0.53	0.57	0.73	0.67	0.60	0.23	0.75	0.66	0.69	0.68	0.67	0.15
qP_Lss9	0.53	0.54	0.54	0.55	0.41	0.03	0.44	0.55	0.59	0.53	0.42	0.19	0.45	0.40	0.60	0.51	0.39	0.07	0.62	0.52	0.56	0.59	0.47	0.06
qP_Lss10	0.42	0.49	0.45	0.39	0.32	-0.10	0.31	0.45	0.46	0.38	0.28	0.08	0.39	0.23	0.48	0.38	0.17	-0.04	0.46	0.41	0.45	0.48	0.26	0.07
qP_Lss11	0.38	0.42	0.40	0.35	0.26	-0.12	0.30	0.39	0.39	0.34	0.19	0.03	0.32	0.23	0.45	0.34	0.18	-0.05	0.45	0.35	0.39	0.41	0.21	-0.00
qP_Lss12	0.58	0.61	0.61	0.72	0.47	0.21	0.49	0.64	0.70	0.63	0.53	0.34	0.45	0.52	0.63	0.58	0.57	0.20	0.68	0.58	0.61	0.60	0.58	0.17
qP_Lss13	0.41	0.46	0.43	0.41	0.27	0.05	0.34	0.41	0.43	0.42	0.30	0.09	0.32	0.31	0.47	0.39	0.30	0.07	0.46	0.40	0.43	0.42	0.29	0.08
qP_Lss14	0.36	0.37	0.39	0.32	0.17	-0.03	0.24	0.32	0.35	0.29	0.16	0.02	0.23	0.17	0.38	0.28	0.15	-0.02	0.33	0.27	0.31	0.32	0.15	-0.04
qP_Lss15	0.38	0.41	0.45	0.44	0.28	0.11	0.34	0.39	0.44	0.41	0.31	0.15	0.28	0.33	0.45	0.35	0.29	0.08	0.44	0.37	0.38	0.38	0.34	0.10
qL_Lss1	1.07	1.07	1.08	1.06	1.04	0.78	1.09	1.07	1.07	1.08	1.06	1.03	1.09	1.08	1.08	1.07	1.04	0.99	1.07	1.08	1.08	1.06	1.05	1.02
qL_Lss2	1.11	1.09	1.09	1.06	0.92	0.43	1.10	1.10	1.08	1.09	1.05	0.90	1.13	1.12	1.10	1.09	1.01	0.77	1.10	1.10	1.10	1.07	1.04	0.78
qL_Lss3	1.11	1.09	1.08	1.05	0.87	0.35	1.11	1.10	1.07	1.07	1.01	0.79	1.15	1.12	1.11	1.07	0.98	0.66	1.12	1.12	1.11	1.06	1.01	0.60
qL_Lss4	1.11	1.08	1.07	1.06	0.88	0.40	1.09	1.08	1.06	1.05	0.98	0.78	1.12	1.08	1.09	1.04	0.94	0.64	1.12	1.11	1.10	1.04	1.00	0.50
qL_Lss5	1.06	1.02	1.02	1.01	0.74	0.09	0.99	1.01	0.99	0.96	0.85	0.50	1.01	0.92	1.03	0.94	0.81	0.28	1.08	1.01	1.04	0.98	0.90	0.31
qL_Lss6	1.05	1.03	1.01	1.00	0.77	0.18	0.98	1.02	1.00	0.96	0.86	0.53	0.96	0.92	1.00	0.93	0.80	0.36	1.07	1.00	1.02	0.96	0.90	0.22
qL_Lss7	1.02	1.00	0.99	0.98	0.77	0.39	0.96	1.01	0.98	0.95	0.84	0.59	0.90	0.93	0.99	0.93	0.82	0.51	1.04	0.96	0.97	0.95	0.89	0.30
qL_Lss8	0.98	0.96	0.96	0.95	0.75	0.35	0.91	0.97	0.96	0.93	0.83	0.59	0.86	0.87	0.96	0.89	0.78	0.43	1.01	0.93	0.94	0.91	0.87	0.30
qL_Lss9	0.85	0.83	0.83	0.82	0.61	0.06	0.75	0.83	0.84	0.76	0.61	0.33	0.74	0.66	0.85	0.75	0.56	0.14	0.91	0.79	0.82	0.82	0.67	0.12
qL_Lss10	0.67	0.73	0.70	0.60	0.48	-0.19	0.54	0.68	0.67	0.57	0.42	0.14	0.63	0.39	0.69	0.56	0.26	-0.07	0.70	0.63	0.67	0.69	0.39	0.14
qL_Lss11	0.62	0.64	0.62	0.54	0.39	-0.23	0.52	0.59	0.58	0.51	0.30	0.06	0.53	0.39	0.65	0.51	0.27	-0.10	0.68	0.55	0.59	0.61	0.32	-0.00
qL_Lss12	0.83	0.82	0.83	0.89	0.64	0.37	0.75	0.85	0.88	0.81	0.70	0.54	0.69	0.75	0.83	0.78	0.73	0.37	0.88	0.79	0.81	0.79	0.76	0.30
qL_Lss13	0.63	0.66	0.63	0.60	0.40	0.10	0.56	0.61	0.62	0.60	0.45	0.17	0.52	0.49	0.66	0.57	0.43	0.14	0.67	0.60	0.62	0.61	0.44	0.15
qL_Lss14	0.55	0.55	0.58	0.48	0.26	-0.06	0.40	0.49	0.51	0.43	0.25	0.04	0.38	0.28	0.55	0.42	0.22	-0.05	0.49	0.41	0.46	0.47	0.23	-0.08
qL_Lss15	0.57	0.59	0.65	0.62	0.41	0.20	0.54	0.57	0.62	0.58	0.45	0.26	0.45	0.50	0.63	0.51	0.42	0.16	0.61	0.55	0.55	0.55	0.50	0.18
PAR1	59.15	59.15	59.15	59.15	59.15	59.15	59.15	59.15	59.15	59.15	59.15	59.15	59.15	59.15	59.15	59.15	59.15	59.15	59.15	59.15	59.15	59.15	59.15	59.15
PAR2	179.76	179.76	179.76	179.76	179.76	179.76	179.76	179.76	179.76	179.76	179.76	179.76	179.76	179.76	179.76	179.76	179.76	179.76	179.76	179.76	179.76	179.76	179.76	179.76
PAR3	300.37	300.37	300.37	300.37	300.37	300.37	300.37	300.37	300.37	300.37	300.37	300.37	300.37	300.37	300.37	300.37	300.37	300.37	300.37	300.37	300.37	300.37	300.37	300.37
PAR4	420.98	420.98	420.98	420.98	420.98	420.98	420.98	420.98	420.98	420.98	420.98	420.98	420.98	420.98	420.98	420.98	420.98	420.98	420.98	420.98	420.98	420.98	420.98	420.98
PAR5	541.59	541.59	541.59	541.59	541.59	541.59	541.59	541.59	541.59	541.59	541.59	541.59	541.59	541.59	541.59	541.59	541.59	541.59	541.59	541.59	541.59	541.59	541.59	541.59
PAR6	662.20	662.20	662.20	662.20	662.20	662.20	662.20	662.20	662.20	662.20	662.20	662.20	662.20	662.20	662.20	662.20	662.20	662.20	662.20	662.20	662.20	662.20	662.20	662.20
PAR7	782.81	782.81	782.81	782.81	782.81	782.81	782.81	782.81	782.81	782.81	782.81	782.81	782.81	782.81	782.81	782.81	782.81	782.81	782.81	782.81	782.81	782.81	782.81	782.81
PAR8	903.42	903.42	903.42	903.42	903.42	903.42	903.42	903.42	903.42	903.42	903.42	903.42	903.42	903.42	903.42	903.42	903.42	903.42	903.42	903.42	903.42	903.42	903.42	903.42
PAR9	1024.03	1024.03	1024.03	1024.03	1024.03	1024.03	1024.03	1024.03	1024.03	1024.03	1024.03	1024.03	1024.03	1024.03	1024.03	1024.03	1024.03	1024.03	1024.03	1024.03	1024.03	1024.03	1024.03	1024.03
PAR10	1144.64	1144.64	1144.64	1144.64	1144.64	1144.64	1144.64	1144.64	1144.64	1144.64	1144.64	1144.64	1144.64	1144.64	1144.64	1144.64	1144.64	1144.64	1144.64	1144.64	1144.64	1144.64	1144.64	1144.64
PAR11	1265.25	1265.25	1265.25	1265.25	1265.25	1265.25	1265.25	1265.25	1265.25	1265.25	1265.25	1265.25	1265.25	1265.25	1265.25	1265.25	1265.25	1265.25	1265.25	1265.25	1265.25	1265.25	1265.25	1265.25
PAR12	1385.86	1385.86	1385.86	1385.86	1385.86	1385.86	1385.86	1385.86	1385.86	1385.86	1385.86	1385.86	1385.86	1385.86	1385.86	1385.86	1385.86	1385.86	1385.86	1385.86	1385.86	1385.86	1385.86	1385.86
PAR13	1506.47	1506.47	1506.47	1506.47	1506.47	1506.47	1506.47	1506.47	1506.47	1506.47	1506.47	1506.47	1506.47	1506.47	1506.47	1506.47	1506.47	1506.47	1506.47	1506.47	1506.47	1506.47	1506.47	1506.47
PAR14	1627.08	1627.08	1627.08	1627.08	1627.08	1627.08	1627.08	1627.08	1627.08	1627.08	1627.08	1627.08	1627.08	1627.08	1627.08	1627.08	1627.08	1627.08	1627.08	1627.08	1627.08	1627.08	1627.08	1627.08
PAR15	1747.69	1747.69	1747.69	1747.69	1747.69	1747.69	1747.69	1747.69	1747.69	1747.69	1747.69	1747.69	1747.69	1747.69	1747.69	1747.69	1747.69	1747.69	1747.69	1747.69	1747.69	1747.69	1747.69	1747.69
ETR1	14.1565	13.5052	13.0778	12.0150	11.0860	6.2028	13.4857	13.6266	12.6164	13.3106	12.4719	10.4659	14.6530	13.6582	14.2539	13.4478	11.6232	9.9486	14.4233	14.2976	14.1590	13.4311	12.0354	11.4380
ETR2	39.5081	36.8274	35.1410	32.0517	24.2818	8.8193	39.0520	39.3142	37.1006	38.2525	34.1337	23.5810	41.7125	39.0779	41.7223	37.6738	32.3001	18.6311	42.6916	41.2182	41.2441	38.2799	34.7069	18.9741
ETR3	62.9484	58.8777	55.8714	52.6399	37.6577	11.7476	60.6686	63.3660	61.0366	60.5323	51.9381	32.5567	61.9705	59.1346	66.0330	58.3825	49.1664	24.8424	68.9630	64.0844	65.3354	60.0128	53.0987	21.9354
ETR4	85.6594	80.8091	78.3808	78.0488	53.8429	18.8167	78.5044	86.5685	84.0871	81.4267	68.6588	44.6522	77.6030	75.6952	88.0853	77.0336	63.9401	33.7472	93.6724	85.0541	88.0680	80.5551	73.8012	24.6581
ETR5	91.8379	88.0197	87.1598	85.5918	52.7706	5.1226	79.7678	88.0065	87.9657	82.4941	66.1990	31.4087	81.1737	70.0635	96.1321	78.3431	61.0321	16.2399	97.8299	85.5022	93.3283	86.7344	73.2167	18.1656
ETR6	111.9171	110.1271	106.1635	104.9373	69.4699	12.5491	96.7139	110.8483	112.2099	103.0850	82.0706	41.8078	92.6168	88.6741	112.8824	94.4399	73.0645	26.0685	121.1422	105.2021	111.4724	103.6104	90.3991	15.0637
ETR7	129.2626	126.9082	126.1380	126.2730	80.7795	33.7940	112.9415	135.3943	130.5678	121.9626	93.8562	55.7569	100.3535	110.3796	131.6481	113.8121	87.2887	46.2553	148.1213	118.1678	124.1478	118.9939	103.7103	25.4127
ETR8	139.1019	137.3376	137.1901	137.1291	90.3889	35.1764	120.3216	143.6724	143.2177	131.6181	103.8985	65.0390	108.7401	113.4082	140.6542	121.7782	93.3526	44.1811	157.4454	131.4822	134.0596	125.8848	113.6792	29.4194
ETR9	122.1255	120.0426	118.7666	117.4703	76.6077	6.7192	100.1268	119.5110	122.2275	104.8770	75.5245	36.4137	98.6565	84.5974	124.7746	101.8323	66.7189	14.2926	140.9025	111.3643	116.6702	117.5503	85.4212	13.0707
ETR10	97.6670	110.6301	102.6608	83.1578	62.3835	-20.7057	74.3991	99.8428	96.7736	76.6031	52.5100	15.8312	89.9538	50.1174	101.6222	76.2978	29.8438	-8.1973	104.5553	88.9554	97.3985	100.2614	47.9430	16.2080
ETR11	97.2349	101.1709	97.5175	80.0649	53.9023	-27.5941	77.4759	91.3669	88.3960	73.5035	39.6251	6.9944	80.1076	54.7713	103.0275	75.3820	34.3013	-11.7983	108.7506	83.1635	89.6914	92.4788	43.0060	-0.1253
ETR12	161.8789	160.4603	161.0045	184.1261	106.7669	57.0414	137.4710	167.4264	177.7613	153.8235	120.6431	87.8983	121.7920	137.6004	159.2513	144.5984	125.6969	56.7368	181.5617	148.9939	155.1200	145.7829	134.4754	45.6118
ETR13	118.0210	125.6066	116.9173	108.3669	64.1867	14.8918	102.3251	111.4214	112.8257	108.2220	75.1608	26.7698	91.8743	86.1169	123.6416	101.0288	70.7293	21.6695	127.1181	109.3477	113.4950	109.4021	72.6327	23.6786
ETR14	107.2806	105.2000	112.3372	87.9069	43.1855	-9.0533	73.2686	89.9785	95.2697	77.3209	40.8099	7.2777	68.4981	48.5530	104.5142	76.1254	36.4093	-7.9430	89.8233	74.5608	84.0675	85.0990	37.7172	-13.4714
ETR15	120.1667	123.4973	138.6505	130.0808	76.2494	36.7104	110.7435	117.8724	131.0014	119.0101	85.9567	49.8252	90.4289	102.0900	131.6773	101.9965	79.0948	29.5462	128.0730	112.2234	111.8349	109.6400	97.0813	33.0981
