FluorCam7 Numeric Avg Export File
-----------------------------------
	Area 1	Area 2	Area 3	Area 4	Area 5	Area 6	Area 7	Area 8	Area 9	Area 10	Area 11	Area 12	Area 13	Area 14	Area 15	Area 16	Area 17	Area 18	Area 19	Area 20	Area 21	Area 22	Area 23	Area 24
Size [pixels]	5640	4967	4138	5105	3561	2880	3657	4718	4421	5411	4192	3481	3158	4548	5721	4810	6243	4112	4321	4266	4957	3618	4320	2305
Fo	1672.31	1524.09	2035.35	2144.55	1962.23	1984.26	1341.08	1882.32	1625.80	1759.38	1312.38	1456.12	1445.80	1592.25	1922.48	1853.45	1736.69	2006.29	1324.25	1877.45	1623.30	1712.38	1791.05	1436.93
Fm	5324.24	4742.63	6261.25	6446.14	5564.85	4113.69	4709.44	6554.18	5078.96	5710.95	3903.52	4052.36	4844.77	5083.53	6057.67	5688.14	5092.76	5022.50	4435.75	6333.28	5301.09	5311.39	5412.34	3624.67
Fv	3651.93	3218.54	4225.91	4301.59	3602.61	2129.43	3368.36	4671.86	3453.16	3951.56	2591.14	2596.24	3398.98	3491.28	4135.20	3834.69	3356.07	3016.21	3111.50	4455.83	3677.79	3599.01	3621.29	2187.74
Fm_Lss1	5288.82	4696.75	6202.41	6391.36	5442.13	4097.33	4626.98	6399.20	4924.28	5456.53	3348.60	4170.79	4771.58	4991.23	5949.48	5663.95	4937.22	4807.97	4314.48	6227.15	5123.46	5011.43	4865.46	3724.44
Fm_Lss2	5118.77	4539.63	5953.76	6177.21	4982.48	4037.37	4506.69	6251.95	4715.32	5172.17	2534.76	4133.11	4605.67	4858.12	5780.93	5531.63	4646.00	4603.04	4223.50	6022.35	4940.80	4727.81	3769.07	3679.34
Fm_Lss3	5062.13	4462.97	5923.29	6053.15	4535.88	3907.86	4420.70	6073.31	4507.87	4763.68	2093.29	4046.46	4501.24	4876.76	5777.97	5562.02	4386.60	4545.21	4170.34	5898.74	4805.29	4474.44	3072.46	3595.96
Fm_Lss4	5021.83	4354.37	5650.98	5829.67	4046.95	3820.79	4187.94	5456.47	4057.91	4104.11	1876.04	3942.91	4305.10	4863.17	5714.09	5449.51	4082.71	4536.93	4117.08	5474.27	4503.31	4158.98	2669.33	3501.03
Fm_Lss5	4810.93	4096.53	5197.88	5351.44	3525.22	3667.65	3740.48	4805.01	3593.61	3516.97	1752.20	3809.78	3869.63	4737.04	5442.63	5132.17	3666.91	4500.86	3860.45	4846.45	4092.03	3736.63	2454.44	3369.23
Fm_Lss6	4519.45	3793.67	4634.66	4810.77	3139.95	3487.01	3288.45	4215.63	3261.19	3102.57	1678.31	3649.41	3396.22	4527.82	5040.80	4660.90	3208.01	4459.22	3591.33	4223.79	3735.09	3415.86	2349.97	3202.03
Fm_Lss7	4112.62	3476.51	4109.20	4283.01	2816.68	3320.29	2951.07	3774.61	2975.25	2761.19	1666.26	3478.56	2970.02	4214.42	4499.68	4141.72	2804.47	4402.15	3278.33	3764.41	3407.86	3072.64	2240.78	3045.75
Fm_Lss8	3690.53	3174.66	3645.66	3813.90	2533.31	3139.76	2666.00	3426.23	2745.90	2492.44	1654.60	3309.60	2622.15	3855.75	4022.57	3675.54	2479.77	4334.62	2969.12	3385.96	3117.08	2767.67	2184.85	2857.67
Fm_Lss9	3321.02	2864.69	3260.81	3447.43	2374.77	2967.22	2387.93	3130.52	2538.07	2309.22	1678.32	3108.72	2357.83	3468.45	3562.97	3254.57	2256.85	4247.23	2693.36	3061.51	2863.48	2512.94	2156.24	2687.01
Fm_Lss10	3004.29	2594.16	3006.37	3152.08	2230.48	2804.90	2200.61	2891.07	2386.18	2169.20	1745.74	2927.80	2165.90	3103.59	3206.94	2916.83	2106.59	4154.76	2437.85	2789.77	2608.03	2264.05	2156.10	2507.14
Fm_Lss11	2760.59	2377.21	2756.48	2925.21	2147.04	2677.09	2031.81	2714.36	2265.07	2052.81	1813.48	2759.99	1989.70	2775.76	2920.66	2664.59	1992.92	4019.29	2212.14	2575.79	2390.19	2088.03	2206.71	2361.21
Fm_Lss12	2541.61	2186.21	2613.39	2769.46	2088.07	2530.04	1909.28	2553.75	2164.86	1951.17	1853.44	2601.26	1865.75	2519.77	2688.87	2462.11	1941.50	3921.24	2024.29	2389.32	2205.48	1974.92	2269.57	2246.52
Fm_Lss13	2341.03	2040.40	2465.32	2610.03	2024.46	2392.95	1783.64	2411.92	2062.53	1883.47	1882.62	2455.84	1773.37	2298.00	2528.34	2323.49	1884.46	3797.96	1877.75	2253.78	2050.54	1846.93	2372.34	2133.00
Fm_Lss14	2180.31	1920.87	2378.68	2489.86	2011.44	2284.37	1698.72	2275.77	1993.77	1826.63	1930.53	2301.51	1705.48	2162.47	2362.48	2225.18	1885.35	3629.35	1758.32	2150.42	1938.01	1786.03	2457.96	2006.16
Fm_Lss15	2061.25	1839.94	2270.15	2402.48	1955.27	2178.12	1608.81	2206.20	1932.70	1772.77	1943.58	2220.44	1645.24	1976.93	2270.07	2141.31	1878.70	3456.77	1651.81	2046.86	1808.54	1737.65	2509.57	1923.06
Ft_Lss1	1908.55	1741.06	2353.66	2480.19	2311.48	3273.33	1527.46	2149.71	1877.38	1982.07	1557.37	1958.18	1702.91	2069.75	2595.58	2513.16	2661.74	3515.80	1499.99	2128.15	1846.94	1907.47	2197.60	2177.09
Ft_Lss2	2083.43	1927.57	2565.44	2714.44	2596.59	3738.61	1673.37	2406.38	2047.11	2157.35	1547.49	3061.42	1936.39	2463.17	3152.62	3141.24	3260.47	4040.95	1605.51	2295.03	1973.42	2049.96	2249.99	3062.56
Ft_Lss3	2240.86	2087.19	2817.06	2925.21	2639.39	3787.38	1888.80	2704.43	2212.16	2249.78	1467.60	3461.24	2138.75	2612.47	3295.18	3312.54	3241.01	4199.11	1756.06	2556.86	2127.68	2154.99	2109.90	3265.24
Ft_Lss4	2400.11	2201.63	2932.19	3037.91	2562.93	3743.17	2016.09	2782.54	2208.87	2177.76	1423.61	3571.54	2290.48	2702.09	3344.80	3359.06	3076.32	4293.74	1923.79	2671.28	2170.74	2158.83	1990.47	3276.17
Ft_Lss5	2512.89	2244.60	2920.32	3031.09	2427.81	3619.16	2003.99	2662.41	2142.08	2042.08	1389.61	3578.63	2273.94	2764.35	3327.28	3304.13	2826.74	4325.44	1991.85	2579.56	2138.55	2097.21	1938.44	3203.28
Ft_Lss6	2527.54	2218.56	2829.04	2944.92	2291.27	3477.75	1952.70	2532.43	2059.97	1922.73	1394.71	3494.72	2176.50	2761.31	3206.55	3141.64	2556.67	4343.86	1990.46	2460.33	2067.99	2014.82	1892.92	3091.51
Ft_Lss7	2469.12	2161.58	2669.27	2799.37	2156.77	3328.93	1861.44	2414.00	2000.33	1832.55	1422.51	3369.15	2047.59	2707.87	3025.10	2929.72	2297.24	4319.61	1915.51	2304.10	2006.69	1917.89	1892.34	2947.07
Ft_Lss8	2365.88	2067.95	2526.87	2646.17	2062.62	3151.20	1752.13	2322.48	1931.83	1750.49	1465.25	3227.20	1902.68	2588.58	2805.60	2691.37	2089.80	4271.32	1842.00	2191.28	1937.16	1830.33	1888.28	2767.92
Ft_Lss9	2238.87	1975.00	2389.12	2513.05	1966.58	2968.74	1683.62	2224.51	1869.69	1691.70	1529.04	3059.25	1777.92	2426.38	2596.74	2474.15	1940.60	4202.71	1757.06	2079.18	1845.20	1748.96	1904.82	2614.91
Ft_Lss10	2114.29	1877.88	2267.04	2387.58	1923.81	2808.16	1588.37	2144.80	1828.58	1647.46	1625.55	2908.14	1680.94	2262.35	2441.41	2306.12	1847.25	4143.73	1670.92	1986.36	1782.68	1678.25	1945.05	2473.25
Ft_Lss11	2002.92	1777.34	2173.85	2287.43	1881.32	2649.34	1532.66	2075.24	1784.72	1622.25	1706.02	2731.19	1615.50	2112.59	2279.09	2173.46	1798.18	4036.95	1584.57	1906.92	1706.09	1616.72	2020.70	2323.44
Ft_Lss12	1906.74	1688.44	2097.17	2233.87	1846.59	2503.93	1464.62	1999.51	1750.69	1590.23	1766.61	2576.54	1552.66	1976.43	2154.12	2072.01	1749.46	3907.77	1516.51	1845.15	1642.90	1563.89	2128.31	2201.50
Ft_Lss13	1830.17	1624.04	2028.30	2154.64	1835.62	2367.46	1423.68	1945.42	1712.02	1569.97	1826.59	2423.01	1485.21	1858.37	2049.60	1990.01	1747.33	3769.34	1437.65	1769.60	1571.39	1520.17	2258.45	2065.75
Ft_Lss14	1760.15	1571.31	1990.84	2114.97	1831.03	2246.41	1392.81	1891.47	1676.64	1551.88	1845.05	2291.24	1459.11	1745.71	1980.00	1931.75	1752.39	3626.95	1390.72	1746.28	1521.38	1502.93	2358.47	1976.99
Ft_Lss15	1702.74	1526.84	1959.77	2073.77	1813.79	2133.33	1365.15	1864.17	1655.24	1543.40	1864.03	2177.70	1433.68	1671.98	1911.68	1882.62	1769.39	3461.17	1335.99	1690.47	1486.04	1479.55	2453.93	1885.16
Fo_Lss1	1668.80	1519.32	2029.09	2138.45	1946.76	1980.45	1334.31	1869.32	1609.62	1734.47	1243.12	1471.13	1439.21	1583.08	1911.44	1850.87	1718.23	1971.15	1313.23	1868.01	1606.24	1679.97	1726.82	1452.35
Fo_Lss2	1651.49	1502.50	2001.74	2113.93	1884.56	1966.33	1324.12	1856.54	1586.63	1704.68	1110.73	1466.42	1423.74	1569.44	1893.71	1836.51	1681.55	1935.82	1304.67	1849.15	1587.84	1646.85	1565.22	1445.44
Fo_Lss3	1645.55	1494.01	1998.28	2099.21	1816.90	1935.10	1316.59	1840.47	1562.44	1657.82	1016.76	1455.36	1413.60	1571.38	1893.39	1839.85	1646.31	1925.52	1299.56	1837.33	1573.58	1614.99	1430.53	1432.39
Fo_Lss4	1641.27	1481.64	1966.32	2071.67	1733.03	1913.51	1295.16	1779.51	1504.61	1570.01	962.62	1441.74	1393.66	1569.97	1886.48	1827.37	1601.57	1924.03	1294.34	1794.00	1539.77	1571.96	1336.55	1417.09
Fo_Lss5	1618.09	1450.57	1908.43	2007.90	1629.74	1874.31	1248.95	1704.16	1435.83	1475.76	928.93	1423.55	1344.67	1556.59	1855.92	1790.25	1533.36	1917.51	1267.84	1720.94	1488.61	1507.55	1280.42	1395.00
Fo_Lss6	1583.73	1410.69	1826.92	1926.66	1542.26	1825.97	1194.14	1623.65	1379.64	1397.44	907.74	1400.56	1282.55	1533.31	1806.80	1729.26	1446.82	1909.91	1237.39	1635.34	1438.60	1452.52	1251.40	1365.48
Fo_Lss7	1530.67	1364.40	1739.25	1836.05	1459.96	1779.19	1146.54	1553.73	1325.74	1323.73	904.21	1374.64	1216.62	1495.64	1732.14	1652.41	1358.65	1899.37	1197.98	1561.56	1387.29	1386.66	1219.75	1336.24
Fo_Lss8	1468.18	1315.32	1650.43	1744.09	1379.95	1726.01	1100.81	1491.31	1278.17	1258.67	900.76	1347.46	1153.91	1447.85	1656.51	1572.82	1277.60	1886.69	1154.06	1492.36	1336.54	1320.97	1202.98	1298.74
Fo_Lss9	1405.94	1258.89	1566.72	1663.23	1331.53	1672.55	1050.31	1432.42	1231.24	1210.18	907.75	1312.92	1099.66	1389.58	1572.95	1490.33	1215.74	1869.94	1109.89	1425.77	1287.64	1260.01	1194.26	1262.30
Fo_Lss10	1345.87	1203.72	1505.50	1591.30	1284.92	1619.71	1012.41	1380.11	1194.36	1170.58	927.11	1279.53	1056.02	1327.08	1499.46	1415.29	1170.75	1851.79	1063.94	1363.90	1233.32	1194.18	1194.21	1221.15
Fo_Lss11	1294.67	1154.82	1440.12	1531.34	1256.79	1576.26	975.14	1338.52	1163.23	1135.83	945.87	1246.41	1012.31	1263.28	1433.75	1353.14	1134.78	1824.39	1018.58	1310.66	1182.36	1143.35	1209.58	1185.46
Fo_Lss12	1244.39	1107.80	1400.07	1487.55	1236.35	1524.10	946.00	1298.25	1136.22	1104.01	956.63	1212.98	979.21	1207.45	1375.54	1298.89	1117.92	1803.91	976.84	1260.61	1135.32	1108.58	1228.23	1155.84
Fo_Lss13	1194.29	1069.09	1356.42	1440.29	1213.77	1473.25	914.10	1260.57	1107.38	1082.00	964.35	1180.39	953.15	1154.08	1332.27	1259.26	1098.77	1777.37	941.39	1221.84	1092.82	1067.07	1257.71	1125.03
Fo_Lss14	1151.01	1035.33	1329.78	1402.93	1209.07	1431.37	891.26	1222.35	1087.25	1063.00	976.76	1143.53	933.18	1118.86	1284.74	1229.81	1099.07	1739.55	910.39	1190.81	1060.01	1046.45	1281.38	1088.72
Fo_Lss15	1116.95	1011.36	1295.16	1374.75	1188.55	1388.91	865.87	1201.99	1068.83	1044.53	980.09	1123.16	914.86	1067.05	1256.92	1203.75	1096.81	1698.90	880.98	1158.35	1020.07	1029.66	1295.26	1063.78
Fv_Lss1	3620.02	3177.42	4173.32	4252.91	3495.37	2116.88	3292.67	4529.88	3314.66	3722.07	2105.48	2699.66	3332.37	3408.15	4038.04	3813.08	3218.99	2836.81	3001.25	4359.13	3517.22	3331.47	3138.64	2272.09
Fv_Lss2	3467.28	3037.13	3952.02	4063.28	3097.91	2071.04	3182.57	4395.41	3128.68	3467.49	1424.04	2666.69	3181.93	3288.68	3887.23	3695.11	2964.46	2667.22	2918.82	4173.20	3352.96	3080.96	2203.85	2233.90
Fv_Lss3	3416.58	2968.96	3925.01	3953.94	2718.98	1972.76	3104.11	4232.84	2945.43	3105.86	1076.53	2591.10	3087.64	3305.38	3884.59	3722.16	2740.29	2619.70	2870.78	4061.41	3231.71	2859.45	1641.93	2163.56
Fv_Lss4	3380.56	2872.73	3684.66	3758.01	2313.92	1907.29	2892.78	3676.97	2553.30	2534.09	913.42	2501.17	2911.44	3293.20	3827.61	3622.14	2481.14	2612.90	2822.74	3680.27	2963.54	2587.02	1332.78	2083.94
Fv_Lss5	3192.84	2645.96	3289.45	3343.54	1895.48	1793.34	2491.53	3100.86	2157.78	2041.21	823.27	2386.22	2524.96	3180.46	3586.71	3341.92	2133.55	2583.35	2592.60	3125.51	2603.42	2229.08	1174.02	1974.23
Fv_Lss6	2935.72	2382.98	2807.74	2884.12	1597.70	1661.04	2094.31	2591.98	1881.55	1705.12	770.57	2248.86	2113.67	2994.51	3234.00	2931.64	1761.19	2549.31	2353.94	2588.45	2296.49	1963.34	1098.57	1836.56
Fv_Lss7	2581.95	2112.11	2369.95	2446.96	1356.72	1541.10	1804.53	2220.88	1649.51	1437.46	762.05	2103.91	1753.40	2718.78	2767.54	2489.31	1445.82	2502.78	2080.35	2202.85	2020.57	1685.99	1021.04	1709.51
Fv_Lss8	2222.36	1859.33	1995.23	2069.82	1153.36	1413.75	1565.19	1934.92	1467.73	1233.78	753.84	1962.14	1468.24	2407.90	2366.07	2102.72	1202.17	2447.93	1815.06	1893.60	1780.54	1446.71	981.87	1558.93
Fv_Lss9	1915.08	1605.81	1694.09	1784.20	1043.24	1294.67	1337.62	1698.10	1306.83	1099.05	770.58	1795.80	1258.17	2078.87	1990.02	1764.24	1041.11	2377.29	1583.47	1635.75	1575.84	1252.93	961.98	1424.70
Fv_Lss10	1658.42	1390.44	1500.87	1560.78	945.56	1185.19	1188.20	1510.95	1191.82	998.62	818.63	1648.28	1109.88	1776.51	1707.48	1501.54	935.84	2302.96	1373.91	1425.87	1374.71	1069.87	961.88	1286.00
Fv_Lss11	1465.92	1222.39	1316.36	1393.87	890.26	1100.83	1056.68	1375.84	1101.84	916.98	867.61	1513.58	977.39	1512.48	1486.91	1311.45	858.14	2194.90	1193.56	1265.12	1207.83	944.69	997.13	1175.75
Fv_Lss12	1297.22	1078.41	1213.32	1281.92	851.73	1005.94	963.28	1255.50	1028.64	847.16	896.81	1388.28	886.54	1312.32	1313.33	1163.22	823.58	2117.33	1047.45	1128.72	1070.16	866.34	1041.34	1090.68
Fv_Lss13	1146.74	971.31	1108.89	1169.74	810.70	919.70	869.55	1151.35	955.15	801.47	918.28	1275.45	820.22	1143.92	1196.07	1064.23	785.69	2020.59	936.36	1031.94	957.72	779.86	1114.63	1007.97
Fv_Lss14	1029.31	885.53	1048.90	1086.93	802.37	853.00	807.46	1053.42	906.52	763.63	953.77	1157.98	772.29	1043.60	1077.74	995.37	786.28	1889.80	847.93	959.61	877.99	739.57	1176.59	917.43
Fv_Lss15	944.30	828.59	974.99	1027.72	766.72	789.20	742.94	1004.21	863.87	728.24	963.49	1097.29	730.38	909.88	1013.15	937.55	781.89	1757.87	770.83	888.51	788.47	707.99	1214.31	859.28
Fq_Lss1	3380.27	2955.68	3848.75	3911.17	3130.65	824.00	3099.52	4249.49	3046.90	3474.46	1791.23	2212.61	3068.67	2921.47	3353.91	3150.79	2275.48	1292.16	2814.50	4099.00	3276.52	3103.96	2667.86	1547.35
Fq_Lss2	3035.34	2612.06	3388.32	3462.77	2385.88	298.76	2833.32	3845.57	2668.21	3014.82	987.28	1071.69	2669.28	2394.95	2628.31	2390.39	1385.53	562.09	2617.99	3727.32	2967.38	2677.85	1519.08	616.78
Fq_Lss3	2821.27	2375.78	3106.23	3127.94	1896.49	120.47	2531.90	3368.88	2295.71	2513.90	625.69	585.22	2362.49	2264.29	2482.79	2249.47	1145.59	346.10	2414.28	3341.89	2677.61	2319.45	962.55	330.72
Fq_Lss4	2621.72	2152.74	2718.78	2791.77	1484.02	77.62	2171.85	2673.94	1849.04	1926.35	452.43	371.38	2014.61	2161.08	2369.29	2090.45	1006.39	243.18	2193.29	2802.99	2332.58	2000.15	678.86	224.86
Fq_Lss5	2298.04	1851.93	2277.56	2320.35	1097.41	48.49	1736.49	2142.60	1451.53	1474.90	362.59	231.14	1595.69	1972.70	2115.35	1828.04	840.17	175.41	1868.59	2266.89	1953.48	1639.42	515.99	165.95
Fq_Lss6	1991.91	1575.12	1805.62	1865.85	848.69	9.27	1335.74	1683.20	1201.22	1179.84	283.60	154.69	1219.72	1766.50	1834.26	1519.26	651.34	115.36	1600.87	1763.45	1667.10	1401.05	457.05	110.52
Fq_Lss7	1643.49	1314.93	1439.93	1483.63	659.91	-8.65	1089.63	1360.61	974.92	928.64	243.75	109.41	922.43	1506.55	1474.59	1212.00	507.24	82.54	1362.82	1460.31	1401.18	1154.75	348.44	98.69
Fq_Lss8	1324.65	1106.71	1118.79	1167.73	470.69	-11.44	913.87	1103.75	814.08	741.95	189.35	82.40	719.47	1267.17	1216.98	984.17	389.97	63.30	1127.12	1194.68	1179.92	937.34	296.58	89.76
Fq_Lss9	1082.15	889.69	871.69	934.38	408.19	-1.52	704.32	906.01	668.38	617.52	149.28	49.47	579.91	1042.07	966.23	780.43	316.25	44.52	936.30	982.33	1018.28	763.97	251.43	72.10
Fq_Lss10	890.00	716.28	739.33	764.50	306.67	-3.27	612.24	746.27	557.60	521.74	120.19	19.67	484.96	841.24	765.53	610.71	259.34	11.02	766.93	803.41	825.35	585.80	211.05	33.89
Fq_Lss11	757.68	599.87	582.63	637.78	265.72	27.75	499.15	639.12	480.34	430.56	107.47	28.79	374.19	663.17	641.57	491.13	194.74	-17.66	627.57	668.87	684.09	471.31	186.01	37.77
Fq_Lss12	634.87	497.77	516.22	535.59	241.48	26.10	444.65	554.25	414.17	360.94	86.83	24.72	313.09	543.35	534.75	390.11	192.04	13.47	507.78	544.17	562.58	411.02	141.26	45.02
Fq_Lss13	510.85	416.36	437.01	455.38	188.84	25.49	359.96	466.51	350.51	313.50	56.04	32.83	288.16	439.63	478.75	333.48	137.13	28.62	440.10	484.18	479.14	326.76	113.89	67.25
Fq_Lss14	420.16	349.56	387.84	374.89	180.41	37.95	305.91	384.30	317.13	274.75	85.48	10.27	246.37	416.76	382.48	293.42	132.96	2.40	367.59	404.14	416.63	283.09	99.49	29.17
Fq_Lss15	358.51	313.10	310.38	328.71	141.47	44.79	243.66	342.03	277.46	229.37	79.55	42.75	211.55	304.95	358.39	258.69	109.31	-4.40	315.82	356.39	322.50	258.10	55.64	37.90
QY_max	0.69	0.68	0.67	0.67	0.65	0.52	0.72	0.71	0.68	0.69	0.66	0.64	0.70	0.69	0.68	0.67	0.66	0.60	0.70	0.70	0.69	0.68	0.67	0.60
Fv/Fm_Lss1	0.68	0.68	0.67	0.67	0.64	0.52	0.71	0.71	0.67	0.68	0.63	0.65	0.70	0.68	0.68	0.67	0.65	0.59	0.70	0.70	0.69	0.66	0.65	0.61
Fv/Fm_Lss2	0.68	0.67	0.66	0.66	0.62	0.51	0.71	0.70	0.66	0.67	0.56	0.65	0.69	0.68	0.67	0.67	0.64	0.58	0.69	0.69	0.68	0.65	0.58	0.61
Fv/Fm_Lss3	0.67	0.67	0.66	0.65	0.60	0.50	0.70	0.70	0.65	0.65	0.51	0.64	0.69	0.68	0.67	0.67	0.62	0.58	0.69	0.69	0.67	0.64	0.53	0.60
Fv/Fm_Lss4	0.67	0.66	0.65	0.64	0.57	0.50	0.69	0.67	0.63	0.62	0.49	0.63	0.68	0.68	0.67	0.66	0.61	0.58	0.69	0.67	0.66	0.62	0.50	0.60
Fv/Fm_Lss5	0.66	0.65	0.63	0.62	0.54	0.49	0.67	0.65	0.60	0.58	0.47	0.63	0.65	0.67	0.66	0.65	0.58	0.57	0.67	0.64	0.64	0.60	0.48	0.59
Fv/Fm_Lss6	0.65	0.63	0.61	0.60	0.51	0.48	0.64	0.61	0.58	0.55	0.46	0.62	0.62	0.66	0.64	0.63	0.55	0.57	0.66	0.61	0.61	0.57	0.47	0.57
Fv/Fm_Lss7	0.63	0.61	0.58	0.57	0.48	0.46	0.61	0.59	0.55	0.52	0.46	0.60	0.59	0.65	0.62	0.60	0.52	0.57	0.63	0.59	0.59	0.55	0.46	0.56
Fv/Fm_Lss8	0.60	0.59	0.55	0.54	0.46	0.45	0.59	0.56	0.53	0.50	0.46	0.59	0.56	0.62	0.59	0.57	0.48	0.56	0.61	0.56	0.57	0.52	0.45	0.55
Fv/Fm_Lss9	0.58	0.56	0.52	0.52	0.44	0.44	0.56	0.54	0.51	0.48	0.46	0.58	0.53	0.60	0.56	0.54	0.46	0.56	0.59	0.53	0.55	0.50	0.45	0.53
Fv/Fm_Lss10	0.55	0.54	0.50	0.50	0.42	0.42	0.54	0.52	0.50	0.46	0.47	0.56	0.51	0.57	0.53	0.51	0.44	0.55	0.56	0.51	0.53	0.47	0.45	0.51
Fv/Fm_Lss11	0.53	0.51	0.48	0.48	0.41	0.41	0.52	0.51	0.49	0.45	0.48	0.55	0.49	0.54	0.51	0.49	0.43	0.55	0.54	0.49	0.51	0.45	0.45	0.50
Fv/Fm_Lss12	0.51	0.49	0.46	0.46	0.41	0.40	0.50	0.49	0.48	0.43	0.48	0.53	0.48	0.52	0.49	0.47	0.42	0.54	0.52	0.47	0.49	0.44	0.46	0.49
Fv/Fm_Lss13	0.49	0.48	0.45	0.45	0.40	0.38	0.49	0.48	0.46	0.43	0.49	0.52	0.46	0.50	0.47	0.46	0.42	0.53	0.50	0.46	0.47	0.42	0.47	0.47
Fv/Fm_Lss14	0.47	0.46	0.44	0.44	0.40	0.37	0.48	0.46	0.45	0.42	0.49	0.50	0.45	0.48	0.46	0.45	0.42	0.52	0.48	0.45	0.45	0.41	0.48	0.46
Fv/Fm_Lss15	0.46	0.45	0.43	0.43	0.39	0.36	0.46	0.46	0.45	0.41	0.50	0.49	0.44	0.46	0.45	0.44	0.42	0.51	0.47	0.43	0.44	0.41	0.48	0.45
QY_Lss1	0.64	0.63	0.62	0.61	0.58	0.20	0.67	0.66	0.62	0.64	0.53	0.53	0.64	0.59	0.56	0.56	0.46	0.27	0.65	0.66	0.64	0.62	0.55	0.42
QY_Lss2	0.59	0.58	0.57	0.56	0.48	0.07	0.63	0.62	0.57	0.58	0.39	0.26	0.58	0.49	0.45	0.43	0.30	0.12	0.62	0.62	0.60	0.57	0.40	0.17
QY_Lss3	0.56	0.53	0.52	0.52	0.42	0.03	0.57	0.55	0.51	0.53	0.30	0.14	0.52	0.46	0.43	0.40	0.26	0.08	0.58	0.57	0.56	0.52	0.31	0.09
QY_Lss4	0.52	0.49	0.48	0.48	0.37	0.02	0.52	0.49	0.46	0.47	0.24	0.09	0.47	0.44	0.41	0.38	0.25	0.05	0.53	0.51	0.52	0.48	0.25	0.06
QY_Lss5	0.48	0.45	0.44	0.43	0.31	0.01	0.46	0.45	0.40	0.42	0.21	0.06	0.41	0.42	0.39	0.36	0.23	0.04	0.48	0.47	0.48	0.44	0.21	0.05
QY_Lss6	0.44	0.42	0.39	0.39	0.27	0.00	0.41	0.40	0.37	0.38	0.17	0.04	0.36	0.39	0.36	0.33	0.20	0.03	0.45	0.42	0.45	0.41	0.19	0.03
QY_Lss7	0.40	0.38	0.35	0.35	0.23	-0.00	0.37	0.36	0.33	0.34	0.15	0.03	0.31	0.36	0.33	0.29	0.18	0.02	0.42	0.39	0.41	0.38	0.16	0.03
QY_Lss8	0.36	0.35	0.31	0.31	0.19	-0.00	0.34	0.32	0.30	0.30	0.11	0.02	0.27	0.33	0.30	0.27	0.16	0.01	0.38	0.35	0.38	0.34	0.14	0.03
QY_Lss9	0.33	0.31	0.27	0.27	0.17	-0.00	0.29	0.29	0.26	0.27	0.09	0.02	0.25	0.30	0.27	0.24	0.14	0.01	0.35	0.32	0.36	0.30	0.12	0.03
QY_Lss10	0.30	0.28	0.25	0.24	0.14	-0.00	0.28	0.26	0.23	0.24	0.07	0.01	0.22	0.27	0.24	0.21	0.12	0.00	0.31	0.29	0.32	0.26	0.10	0.01
QY_Lss11	0.27	0.25	0.21	0.22	0.12	0.01	0.25	0.24	0.21	0.21	0.06	0.01	0.19	0.24	0.22	0.18	0.10	-0.00	0.28	0.26	0.29	0.23	0.08	0.02
QY_Lss12	0.25	0.23	0.20	0.19	0.12	0.01	0.23	0.22	0.19	0.18	0.05	0.01	0.17	0.22	0.20	0.16	0.10	0.00	0.25	0.23	0.26	0.21	0.06	0.02
QY_Lss13	0.22	0.20	0.18	0.17	0.09	0.01	0.20	0.19	0.17	0.17	0.03	0.01	0.16	0.19	0.19	0.14	0.07	0.01	0.23	0.21	0.23	0.18	0.05	0.03
QY_Lss14	0.19	0.18	0.16	0.15	0.09	0.02	0.18	0.17	0.16	0.15	0.04	0.00	0.14	0.19	0.16	0.13	0.07	0.00	0.21	0.19	0.21	0.16	0.04	0.01
QY_Lss15	0.17	0.17	0.14	0.14	0.07	0.02	0.15	0.16	0.14	0.13	0.04	0.02	0.13	0.15	0.16	0.12	0.06	-0.00	0.19	0.17	0.18	0.15	0.02	0.02
NPQ_Lss1	0.01	0.01	0.01	0.01	0.02	0.00	0.02	0.02	0.03	0.05	0.17	-0.03	0.02	0.02	0.02	0.00	0.03	0.04	0.03	0.02	0.03	0.06	0.11	-0.03
NPQ_Lss2	0.04	0.04	0.05	0.04	0.12	0.02	0.04	0.05	0.08	0.10	0.54	-0.02	0.05	0.05	0.05	0.03	0.10	0.09	0.05	0.05	0.07	0.12	0.44	-0.01
NPQ_Lss3	0.05	0.06	0.06	0.06	0.23	0.05	0.07	0.08	0.13	0.20	0.86	0.00	0.08	0.04	0.05	0.02	0.16	0.11	0.06	0.07	0.10	0.19	0.76	0.01
NPQ_Lss4	0.06	0.09	0.11	0.11	0.38	0.08	0.12	0.20	0.25	0.39	1.08	0.03	0.13	0.05	0.06	0.04	0.25	0.11	0.08	0.16	0.18	0.28	1.03	0.04
NPQ_Lss5	0.11	0.16	0.20	0.20	0.58	0.12	0.26	0.36	0.41	0.62	1.23	0.06	0.25	0.07	0.11	0.11	0.39	0.12	0.15	0.31	0.30	0.42	1.21	0.08
NPQ_Lss6	0.18	0.25	0.35	0.34	0.77	0.18	0.43	0.55	0.56	0.84	1.33	0.11	0.43	0.12	0.20	0.22	0.59	0.13	0.24	0.50	0.42	0.55	1.30	0.13
NPQ_Lss7	0.29	0.36	0.52	0.51	0.98	0.24	0.60	0.74	0.71	1.07	1.34	0.16	0.63	0.21	0.35	0.37	0.82	0.14	0.35	0.68	0.56	0.73	1.42	0.19
NPQ_Lss8	0.44	0.49	0.72	0.69	1.20	0.31	0.77	0.91	0.85	1.29	1.36	0.22	0.85	0.32	0.51	0.55	1.05	0.16	0.49	0.87	0.70	0.92	1.48	0.27
NPQ_Lss9	0.60	0.66	0.92	0.87	1.34	0.39	0.97	1.09	1.00	1.47	1.33	0.30	1.05	0.47	0.70	0.75	1.26	0.18	0.65	1.07	0.85	1.11	1.51	0.35
NPQ_Lss10	0.77	0.83	1.08	1.05	1.49	0.47	1.14	1.27	1.13	1.63	1.24	0.38	1.24	0.64	0.89	0.95	1.42	0.21	0.82	1.27	1.03	1.35	1.51	0.45
NPQ_Lss11	0.93	1.00	1.27	1.20	1.59	0.54	1.32	1.41	1.24	1.78	1.15	0.47	1.43	0.83	1.07	1.13	1.56	0.25	1.01	1.46	1.22	1.54	1.45	0.54
NPQ_Lss12	1.09	1.17	1.40	1.33	1.67	0.63	1.47	1.57	1.35	1.93	1.11	0.56	1.60	1.02	1.25	1.31	1.62	0.28	1.19	1.65	1.40	1.69	1.38	0.61
NPQ_Lss13	1.27	1.32	1.54	1.47	1.75	0.72	1.64	1.72	1.46	2.03	1.07	0.65	1.73	1.21	1.40	1.45	1.70	0.32	1.36	1.81	1.59	1.88	1.28	0.70
NPQ_Lss14	1.44	1.47	1.63	1.59	1.77	0.80	1.77	1.88	1.55	2.13	1.02	0.76	1.84	1.35	1.56	1.56	1.70	0.38	1.52	1.95	1.74	1.97	1.20	0.81
NPQ_Lss15	1.58	1.58	1.76	1.68	1.85	0.89	1.93	1.97	1.63	2.22	1.01	0.83	1.94	1.57	1.67	1.66	1.71	0.45	1.69	2.09	1.93	2.06	1.16	0.88
qN_Lss1	0.01	0.01	0.01	0.01	0.03	0.01	0.02	0.03	0.04	0.06	0.21	-0.05	0.02	0.03	0.03	0.01	0.05	0.07	0.04	0.02	0.05	0.08	0.15	-0.05
qN_Lss2	0.06	0.06	0.07	0.06	0.16	0.04	0.06	0.06	0.10	0.13	0.49	-0.03	0.07	0.06	0.07	0.04	0.13	0.14	0.07	0.07	0.10	0.16	0.43	-0.03
qN_Lss3	0.07	0.09	0.08	0.09	0.27	0.09	0.09	0.10	0.16	0.23	0.63	0.00	0.10	0.06	0.07	0.03	0.20	0.15	0.08	0.10	0.13	0.23	0.59	0.01
qN_Lss4	0.08	0.12	0.14	0.14	0.40	0.13	0.15	0.23	0.29	0.39	0.69	0.04	0.16	0.06	0.08	0.06	0.29	0.16	0.10	0.19	0.21	0.31	0.67	0.06
qN_Lss5	0.14	0.20	0.24	0.25	0.52	0.20	0.28	0.36	0.41	0.52	0.72	0.09	0.28	0.10	0.15	0.14	0.40	0.17	0.18	0.32	0.32	0.41	0.72	0.11
qN_Lss6	0.22	0.28	0.37	0.36	0.60	0.27	0.40	0.47	0.49	0.60	0.74	0.15	0.41	0.16	0.24	0.26	0.52	0.18	0.26	0.45	0.41	0.49	0.74	0.19
qN_Lss7	0.32	0.37	0.48	0.47	0.67	0.34	0.49	0.56	0.56	0.67	0.75	0.21	0.52	0.24	0.36	0.38	0.61	0.20	0.36	0.54	0.48	0.57	0.76	0.25
qN_Lss8	0.42	0.46	0.57	0.56	0.72	0.41	0.57	0.62	0.61	0.72	0.75	0.27	0.60	0.34	0.46	0.49	0.68	0.22	0.45	0.61	0.55	0.64	0.77	0.33
qN_Lss9	0.51	0.54	0.64	0.63	0.75	0.47	0.63	0.67	0.66	0.76	0.74	0.34	0.66	0.44	0.56	0.58	0.73	0.25	0.52	0.67	0.61	0.69	0.77	0.40
qN_Lss10	0.58	0.61	0.68	0.68	0.78	0.52	0.68	0.71	0.69	0.78	0.72	0.41	0.71	0.53	0.63	0.65	0.76	0.27	0.59	0.71	0.66	0.74	0.77	0.46
qN_Lss11	0.64	0.66	0.73	0.72	0.79	0.57	0.72	0.74	0.72	0.80	0.71	0.46	0.74	0.60	0.68	0.70	0.78	0.31	0.65	0.75	0.71	0.77	0.76	0.52
qN_Lss12	0.68	0.70	0.75	0.74	0.80	0.61	0.74	0.76	0.74	0.82	0.70	0.51	0.77	0.66	0.72	0.73	0.79	0.34	0.70	0.78	0.74	0.79	0.75	0.56
qN_Lss13	0.72	0.74	0.77	0.77	0.81	0.65	0.77	0.78	0.76	0.83	0.69	0.56	0.79	0.71	0.75	0.76	0.80	0.38	0.73	0.80	0.77	0.82	0.73	0.60
qN_Lss14	0.75	0.76	0.79	0.78	0.82	0.68	0.79	0.80	0.77	0.84	0.67	0.60	0.80	0.74	0.77	0.78	0.80	0.42	0.76	0.81	0.79	0.83	0.72	0.64
qN_Lss15	0.78	0.78	0.80	0.80	0.82	0.71	0.81	0.81	0.78	0.84	0.67	0.63	0.81	0.77	0.79	0.79	0.80	0.47	0.78	0.83	0.82	0.83	0.71	0.66
qP_Lss1	0.93	0.93	0.92	0.92	0.90	0.39	0.94	0.94	0.92	0.93	0.85	0.82	0.92	0.86	0.83	0.83	0.71	0.46	0.94	0.94	0.93	0.93	0.85	0.68
qP_Lss2	0.88	0.86	0.86	0.85	0.77	0.14	0.89	0.87	0.85	0.87	0.69	0.40	0.84	0.73	0.68	0.65	0.47	0.21	0.90	0.89	0.89	0.87	0.69	0.28
qP_Lss3	0.83	0.80	0.79	0.79	0.70	0.06	0.82	0.80	0.78	0.81	0.58	0.23	0.77	0.69	0.64	0.60	0.42	0.13	0.84	0.82	0.83	0.81	0.59	0.15
qP_Lss4	0.78	0.75	0.74	0.74	0.64	0.04	0.75	0.73	0.72	0.76	0.50	0.15	0.69	0.66	0.62	0.58	0.41	0.09	0.78	0.76	0.79	0.77	0.51	0.11
qP_Lss5	0.72	0.70	0.69	0.69	0.58	0.03	0.70	0.69	0.67	0.72	0.44	0.10	0.63	0.62	0.59	0.55	0.39	0.07	0.72	0.73	0.75	0.74	0.44	0.08
qP_Lss6	0.68	0.66	0.64	0.65	0.53	0.01	0.64	0.65	0.64	0.69	0.37	0.07	0.58	0.59	0.57	0.52	0.37	0.05	0.68	0.68	0.73	0.71	0.42	0.06
qP_Lss7	0.64	0.62	0.61	0.61	0.49	-0.01	0.60	0.61	0.59	0.65	0.32	0.05	0.53	0.55	0.53	0.49	0.35	0.03	0.66	0.66	0.69	0.68	0.34	0.06
qP_Lss8	0.60	0.60	0.56	0.56	0.41	-0.01	0.58	0.57	0.55	0.60	0.25	0.04	0.49	0.53	0.51	0.47	0.32	0.03	0.62	0.63	0.66	0.65	0.30	0.06
qP_Lss9	0.57	0.55	0.51	0.52	0.39	-0.00	0.53	0.53	0.51	0.56	0.19	0.03	0.46	0.50	0.49	0.44	0.30	0.02	0.59	0.60	0.65	0.61	0.26	0.05
qP_Lss10	0.54	0.52	0.49	0.49	0.32	-0.00	0.52	0.49	0.47	0.52	0.15	0.01	0.44	0.47	0.45	0.41	0.28	0.00	0.56	0.56	0.60	0.55	0.22	0.03
qP_Lss11	0.52	0.49	0.44	0.46	0.30	0.03	0.47	0.46	0.44	0.47	0.12	0.02	0.38	0.44	0.43	0.37	0.23	-0.01	0.53	0.53	0.57	0.50	0.19	0.03
qP_Lss12	0.49	0.46	0.43	0.42	0.28	0.03	0.46	0.44	0.40	0.43	0.10	0.02	0.35	0.41	0.41	0.34	0.23	0.01	0.48	0.48	0.53	0.47	0.14	0.04
qP_Lss13	0.45	0.43	0.39	0.39	0.23	0.03	0.41	0.41	0.37	0.39	0.06	0.03	0.35	0.38	0.40	0.31	0.17	0.01	0.47	0.47	0.50	0.42	0.10	0.07
qP_Lss14	0.41	0.39	0.37	0.34	0.22	0.04	0.38	0.36	0.35	0.36	0.09	0.01	0.32	0.40	0.35	0.29	0.17	0.00	0.43	0.42	0.47	0.38	0.08	0.03
qP_Lss15	0.38	0.38	0.32	0.32	0.18	0.06	0.33	0.34	0.32	0.31	0.08	0.04	0.29	0.34	0.35	0.28	0.14	-0.00	0.41	0.40	0.41	0.36	0.05	0.04
qL_Lss1	1.07	1.07	1.07	1.07	1.06	0.64	1.08	1.08	1.07	1.07	1.07	1.09	1.09	1.12	1.13	1.12	1.10	0.81	1.07	1.07	1.07	1.06	1.08	1.02
qL_Lss2	1.10	1.10	1.10	1.09	1.06	0.27	1.13	1.13	1.10	1.10	0.97	0.84	1.14	1.14	1.13	1.11	0.91	0.44	1.10	1.11	1.10	1.08	0.99	0.58
qL_Lss3	1.12	1.12	1.12	1.10	1.01	0.12	1.17	1.17	1.10	1.10	0.84	0.54	1.16	1.14	1.11	1.09	0.82	0.29	1.14	1.15	1.12	1.08	0.86	0.35
qL_Lss4	1.13	1.11	1.10	1.09	0.95	0.08	1.17	1.14	1.06	1.05	0.73	0.37	1.14	1.13	1.10	1.06	0.78	0.21	1.15	1.13	1.11	1.06	0.76	0.25
qL_Lss5	1.12	1.08	1.06	1.05	0.86	0.05	1.12	1.08	1.00	1.00	0.66	0.24	1.07	1.10	1.06	1.01	0.73	0.15	1.13	1.09	1.08	1.02	0.67	0.19
qL_Lss6	1.08	1.04	1.00	0.99	0.79	0.01	1.04	1.01	0.95	0.95	0.57	0.17	0.98	1.06	1.01	0.94	0.65	0.10	1.09	1.02	1.04	0.99	0.63	0.14
qL_Lss7	1.03	0.99	0.93	0.92	0.72	-0.01	0.98	0.95	0.89	0.89	0.50	0.13	0.89	1.00	0.93	0.86	0.59	0.08	1.05	0.98	1.00	0.95	0.53	0.13
qL_Lss8	0.96	0.94	0.86	0.86	0.61	-0.01	0.93	0.89	0.84	0.84	0.41	0.10	0.81	0.94	0.87	0.80	0.53	0.06	0.99	0.93	0.96	0.90	0.47	0.12
qL_Lss9	0.90	0.87	0.78	0.79	0.58	-0.00	0.84	0.83	0.78	0.79	0.33	0.06	0.75	0.88	0.80	0.73	0.48	0.04	0.94	0.88	0.93	0.85	0.42	0.10
qL_Lss10	0.84	0.80	0.74	0.73	0.49	-0.00	0.81	0.77	0.72	0.74	0.26	0.03	0.70	0.81	0.73	0.66	0.44	0.01	0.88	0.82	0.87	0.77	0.36	0.05
qL_Lss11	0.80	0.76	0.67	0.68	0.45	0.04	0.74	0.72	0.67	0.67	0.22	0.04	0.61	0.73	0.69	0.60	0.36	-0.02	0.82	0.77	0.82	0.71	0.31	0.06
qL_Lss12	0.75	0.70	0.64	0.63	0.42	0.04	0.71	0.68	0.62	0.61	0.18	0.04	0.56	0.68	0.64	0.53	0.36	0.01	0.75	0.71	0.76	0.67	0.24	0.08
qL_Lss13	0.68	0.65	0.59	0.58	0.35	0.04	0.64	0.63	0.57	0.57	0.12	0.05	0.55	0.62	0.62	0.50	0.28	0.03	0.72	0.68	0.72	0.60	0.18	0.12
qL_Lss14	0.62	0.60	0.55	0.52	0.34	0.07	0.59	0.56	0.54	0.53	0.17	0.02	0.50	0.62	0.55	0.46	0.27	0.00	0.66	0.62	0.68	0.55	0.16	0.06
qL_Lss15	0.58	0.57	0.48	0.48	0.28	0.09	0.52	0.53	0.50	0.47	0.16	0.08	0.45	0.53	0.54	0.43	0.23	-0.01	0.62	0.59	0.60	0.52	0.09	0.08
PAR1	59.15	59.15	59.15	59.15	59.15	59.15	59.15	59.15	59.15	59.15	59.15	59.15	59.15	59.15	59.15	59.15	59.15	59.15	59.15	59.15	59.15	59.15	59.15	59.15
PAR2	179.76	179.76	179.76	179.76	179.76	179.76	179.76	179.76	179.76	179.76	179.76	179.76	179.76	179.76	179.76	179.76	179.76	179.76	179.76	179.76	179.76	179.76	179.76	179.76
PAR3	300.37	300.37	300.37	300.37	300.37	300.37	300.37	300.37	300.37	300.37	300.37	300.37	300.37	300.37	300.37	300.37	300.37	300.37	300.37	300.37	300.37	300.37	300.37	300.37
PAR4	420.98	420.98	420.98	420.98	420.98	420.98	420.98	420.98	420.98	420.98	420.98	420.98	420.98	420.98	420.98	420.98	420.98	420.98	420.98	420.98	420.98	420.98	420.98	420.98
PAR5	541.59	541.59	541.59	541.59	541.59	541.59	541.59	541.59	541.59	541.59	541.59	541.59	541.59	541.59	541.59	541.59	541.59	541.59	541.59	541.59	541.59	541.59	541.59	541.59
PAR6	662.20	662.20	662.20	662.20	662.20	662.20	662.20	662.20	662.20	662.20	662.20	662.20	662.20	662.20	662.20	662.20	662.20	662.20	662.20	662.20	662.20	662.20	662.20	662.20
PAR7	782.81	782.81	782.81	782.81	782.81	782.81	782.81	782.81	782.81	782.81	782.81	782.81	782.81	782.81	782.81	782.81	782.81	782.81	782.81	782.81	782.81	782.81	782.81	782.81
PAR8	903.42	903.42	903.42	903.42	903.42	903.42	903.42	903.42	903.42	903.42	903.42	903.42	903.42	903.42	903.42	903.42	903.42	903.42	903.42	903.42	903.42	903.42	903.42	903.42
PAR9	1024.03	1024.03	1024.03	1024.03	1024.03	1024.03	1024.03	1024.03	1024.03	1024.03	1024.03	1024.03	1024.03	1024.03	1024.03	1024.03	1024.03	1024.03	1024.03	1024.03	1024.03	1024.03	1024.03	1024.03
PAR10	1144.64	1144.64	1144.64	1144.64	1144.64	1144.64	1144.64	1144.64	1144.64	1144.64	1144.64	1144.64	1144.64	1144.64	1144.64	1144.64	1144.64	1144.64	1144.64	1144.64	1144.64	1144.64	1144.64	1144.64
PAR11	1265.25	1265.25	1265.25	1265.25	1265.25	1265.25	1265.25	1265.25	1265.25	1265.25	1265.25	1265.25	1265.25	1265.25	1265.25	1265.25	1265.25	1265.25	1265.25	1265.25	1265.25	1265.25	1265.25	1265.25
PAR12	1385.86	1385.86	1385.86	1385.86	1385.86	1385.86	1385.86	1385.86	1385.86	1385.86	1385.86	1385.86	1385.86	1385.86	1385.86	1385.86	1385.86	1385.86	1385.86	1385.86	1385.86	1385.86	1385.86	1385.86
PAR13	1506.47	1506.47	1506.47	1506.47	1506.47	1506.47	1506.47	1506.47	1506.47	1506.47	1506.47	1506.47	1506.47	1506.47	1506.47	1506.47	1506.47	1506.47	1506.47	1506.47	1506.47	1506.47	1506.47	1506.47
PAR14	1627.08	1627.08	1627.08	1627.08	1627.08	1627.08	1627.08	1627.08	1627.08	1627.08	1627.08	1627.08	1627.08	1627.08	1627.08	1627.08	1627.08	1627.08	1627.08	1627.08	1627.08	1627.08	1627.08	1627.08
PAR15	1747.69	1747.69	1747.69	1747.69	1747.69	1747.69	1747.69	1747.69	1747.69	1747.69	1747.69	1747.69	1747.69	1747.69	1747.69	1747.69	1747.69	1747.69	1747.69	1747.69	1747.69	1747.69	1747.69	1747.69
ETR1	15.1212	14.8886	14.6809	14.4779	13.6100	4.7579	15.8485	15.7110	14.6389	15.0648	12.6555	12.5510	15.2153	13.8480	13.3372	13.1611	10.9040	6.3584	15.4335	15.5733	15.1301	14.6537	12.9727	9.8293
ETR2	42.6371	41.3722	40.9203	40.3067	34.4310	5.3207	45.2047	44.2274	40.6869	41.9116	28.0057	18.6439	41.6722	35.4466	32.6907	31.0714	21.4429	8.7802	44.5699	44.5017	43.1838	40.7260	28.9796	12.0533
ETR3	66.9613	63.9579	63.0061	62.0853	50.2345	3.7039	68.8125	66.6457	61.1868	63.4042	35.9124	17.3762	63.0594	55.7844	51.6269	48.5915	31.3771	9.1487	69.5550	68.0682	66.9483	62.2813	37.6402	11.0498
ETR4	87.9108	83.2500	81.0158	80.6405	61.7491	3.4208	87.3268	82.5196	76.7295	79.0377	40.6094	15.8605	78.8002	74.8290	69.8215	64.5953	41.5085	9.0259	89.7067	86.2211	87.2212	80.9829	42.8251	10.8152
ETR5	103.4800	97.9349	94.9232	93.9315	67.4388	2.8640	100.5708	96.5995	87.5030	90.8491	44.8295	13.1434	89.3319	90.2155	84.1981	77.1639	49.6355	8.4430	104.8588	101.3294	103.4185	95.0471	45.5429	10.6703
ETR6	116.7432	109.9765	103.1943	102.7329	71.5933	0.7039	107.5918	105.7595	97.5649	100.7275	44.7592	11.2276	95.1289	103.3411	96.3845	86.3394	53.7798	6.8526	118.0723	110.5883	118.2245	108.6423	51.5163	9.1424
ETR7	125.1310	118.4332	109.7234	108.4659	73.3605	-0.8154	115.6148	112.8694	102.6030	105.3090	45.8059	9.8483	97.2494	111.9334	102.6131	91.6295	56.6334	5.8713	130.1672	121.4681	128.7435	117.6770	48.6909	10.1455
ETR8	129.7062	125.9752	110.8973	110.6421	67.1421	-1.3171	123.8722	116.4130	107.1342	107.5723	41.3539	8.9971	99.1522	118.7610	109.3266	96.7606	56.8288	5.2769	137.1796	127.5023	136.7893	122.3861	49.0527	11.3503
ETR9	133.4713	127.2137	109.4982	111.0191	70.4061	-0.2102	120.8139	118.5460	107.8676	109.5366	36.4337	6.5179	100.7439	123.0649	111.0809	98.2220	57.3988	4.2936	142.3946	131.4293	145.6613	124.5283	47.7621	10.9910
ETR10	135.6368	126.4199	112.5964	111.0467	62.9505	-0.5331	127.3820	118.1862	106.9920	110.1235	31.5235	3.0756	102.5171	124.1031	109.2950	95.8637	56.3661	1.2147	144.0383	131.8557	144.8948	118.4658	44.8164	6.1894
ETR11	138.9047	127.7095	106.9727	110.3446	62.6359	5.2463	124.3328	119.1656	107.3262	106.1498	29.9909	5.2801	95.1796	120.9147	111.1734	93.2830	49.4534	-2.2233	143.5764	131.4217	144.8501	114.2360	42.6606	8.0954
ETR12	138.4698	126.2163	109.4986	107.2059	64.1095	5.7191	129.1008	120.3102	106.0529	102.5461	25.9693	5.2681	93.0238	119.5344	110.2454	87.8320	54.8329	1.9048	139.0534	126.2526	141.4041	115.3711	34.5029	11.1091
ETR13	131.4954	122.9639	106.8170	105.1364	56.2095	6.4186	121.6096	116.5502	102.4054	100.2987	17.9367	8.0558	97.9164	115.2818	114.1011	86.4869	43.8499	4.5410	141.2307	129.4534	140.8052	106.6105	28.9280	18.9981
ETR14	125.4192	118.4372	106.1167	97.9936	58.3749	10.8130	117.2018	109.9027	103.5209	97.8931	28.8169	2.9041	94.0174	125.4309	105.3668	85.8219	45.8976	0.4304	136.0623	122.3153	139.9142	103.1596	26.3433	9.4620
ETR15	121.5887	118.9607	95.5805	95.6479	50.5812	14.3755	105.8757	108.3784	100.3592	90.4485	28.6111	13.4586	89.8909	107.8358	110.3674	84.4550	40.6741	-0.8899	133.6620	121.7196	124.6608	103.8381	15.5005	13.7792
