FluorCam7 Numeric Avg Export File
-----------------------------------
	Area 1	Area 2	Area 3	Area 4	Area 5	Area 6	Area 7	Area 8	Area 9	Area 10	Area 11	Area 12	Area 13	Area 14	Area 15	Area 16	Area 17	Area 18	Area 19	Area 20	Area 21	Area 22	Area 23	Area 24
Size [pixels]	2308	2889	2427	3244	4032	2545	2543	4253	2635	3780	2679	2537	3629	2165	4386	2313	1885	1638	2903	5329	3401	2796	5665	3111
Fo	2363.23	2923.87	2669.88	3134.45	3084.34	2986.66	2623.46	3394.00	3625.90	3278.50	2781.43	2733.96	2801.24	2631.29	2819.00	2650.42	2810.77	2872.37	2351.63	2549.17	2636.53	2583.30	3200.90	2498.09
Fm	7299.20	8594.96	7637.18	8981.90	8378.22	7436.18	7745.67	9722.18	10388.54	9278.26	7307.91	7097.10	8472.76	7551.62	8308.77	7377.15	7224.15	7449.07	7938.15	8154.91	8166.57	8037.76	9970.85	6888.11
Fv	4935.97	5671.09	4967.30	5847.44	5293.88	4449.52	5122.21	6328.18	6762.64	5999.77	4526.48	4363.14	5671.51	4920.33	5489.77	4726.73	4413.38	4576.71	5586.52	5605.74	5530.04	5454.46	6769.95	4390.01
Fm_Lss1	7169.65	8444.85	7491.09	8855.87	8209.19	7321.34	7570.43	9553.81	10248.20	9017.20	6806.68	7116.12	8337.94	7472.93	8086.44	7309.59	6794.46	7387.42	7715.64	7843.50	7898.99	7550.83	9360.40	6826.10
Fm_Lss2	6908.76	8079.27	7140.01	8271.32	7553.11	7127.66	7309.81	9174.32	9681.69	8408.97	5676.25	6960.61	8026.50	7047.62	7638.56	6701.64	5750.64	7151.01	7398.79	7458.79	7402.72	6901.67	7729.69	6630.01
Fm_Lss3	6856.68	8123.32	7021.14	8094.98	6976.24	7202.42	7354.87	8835.52	9284.27	8099.42	4855.81	7030.30	7867.20	6895.81	7381.93	6524.46	5095.40	7303.24	7322.51	7355.33	7278.86	6463.38	6354.71	6705.15
Fm_Lss4	6650.26	7904.47	6793.07	7657.96	6361.85	7171.69	6963.34	8215.63	8335.10	7557.16	4223.57	6983.16	7415.34	6489.25	6916.32	6125.98	4486.40	7277.50	7141.38	7055.29	6962.30	5716.28	5336.27	6670.25
Fm_Lss5	6214.16	7415.95	6334.68	7027.42	5665.92	7111.17	6308.31	7421.75	7314.42	6835.46	3785.03	6762.97	6751.18	5955.28	6330.98	5638.61	4090.28	7024.20	6710.93	6606.00	6645.54	5096.43	4672.55	6647.01
Fm_Lss6	5563.78	6736.12	5832.72	6403.16	5074.10	7026.10	5526.49	6708.06	6422.40	6201.47	3496.33	6619.06	6005.52	5392.78	5632.18	5232.99	3786.43	6763.86	6164.28	6128.09	6225.98	4557.26	4222.46	6420.90
Fm_Lss7	4967.53	5963.78	5236.37	5651.96	4564.51	6642.15	4840.42	5979.44	5689.35	5580.12	3219.82	6205.04	5327.40	4791.78	5087.92	4581.68	3533.41	6312.18	5629.38	5626.71	5706.32	4078.12	3917.59	6063.49
Fm_Lss8	4492.09	5401.46	4759.11	5228.15	4244.64	6429.12	4347.95	5496.16	5266.23	5142.73	3104.32	5975.85	4875.44	4448.05	4621.92	4337.52	3481.42	6121.62	5081.20	5228.72	5363.70	3818.02	3765.36	5873.92
Fm_Lss9	4029.85	4805.90	4211.64	4693.11	3932.66	6164.11	3920.79	4951.30	4783.08	4668.41	2995.70	5630.42	4378.93	4052.22	4207.68	3912.44	3254.76	5672.51	4685.59	4850.02	4929.18	3503.09	3581.04	5533.14
Fm_Lss10	3651.44	4418.67	3830.70	4404.30	3732.02	5941.94	3576.35	4575.16	4519.88	4349.88	2975.03	5333.25	4034.63	3746.60	3860.98	3726.84	3220.52	5467.44	4292.79	4566.95	4741.05	3336.10	3533.07	5305.21
Fm_Lss11	3357.18	4029.46	3457.14	4076.52	3596.39	5598.97	3296.35	4239.90	4247.54	4059.91	2937.42	5038.36	3725.92	3473.00	3568.76	3468.18	3197.64	5072.67	3993.66	4273.36	4385.05	3123.96	3481.33	5075.92
Fm_Lss12	3105.23	3666.84	3179.24	3780.09	3453.94	5254.96	3073.81	3916.50	3975.52	3839.33	2901.72	4765.79	3450.79	3162.43	3309.94	3297.64	3185.98	4751.56	3694.36	3974.89	4114.09	2987.31	3391.18	4798.08
Fm_Lss13	2901.35	3493.45	2929.96	3644.52	3382.27	4986.67	2893.76	3742.76	3838.01	3654.40	2938.88	4482.55	3281.76	2944.74	3171.95	3102.28	3257.84	4475.74	3498.11	3750.08	3845.83	2844.09	3449.75	4618.54
Fm_Lss14	2725.96	3247.73	2769.90	3463.99	3283.67	4673.02	2721.91	3528.14	3689.74	3457.77	3053.41	4184.50	3120.71	2779.61	2999.94	2926.79	3414.43	4177.15	3240.79	3514.30	3567.81	2730.79	3535.43	4376.03
Fm_Lss15	2640.06	3169.55	2678.53	3375.14	3245.06	4465.15	2667.89	3425.19	3606.81	3393.59	3276.33	4007.27	2969.55	2647.43	2895.21	2818.77	3561.88	4022.80	3135.03	3334.48	3320.36	2660.58	3699.52	4209.29
Ft_Lss1	2757.77	3382.41	3167.12	3852.71	3939.92	4839.57	2935.23	3904.63	4181.47	3806.17	3387.46	4448.25	3188.95	3020.17	3359.23	3261.19	3513.49	4713.40	2681.67	2889.96	2950.14	2870.39	3824.01	3351.34
Ft_Lss2	3049.59	3784.15	3573.24	4434.63	4728.91	6151.42	3205.48	4416.75	4724.83	4301.00	3698.26	6005.19	3538.52	3343.46	3824.91	3881.35	4046.77	6262.45	2875.89	3186.60	3228.23	3128.77	4147.23	5091.28
Ft_Lss3	3311.17	4049.20	3704.19	4693.65	4822.74	6605.07	3514.68	4766.77	5094.99	4495.10	3537.19	6455.59	3871.58	3589.34	3993.22	4093.81	3900.51	6743.24	3179.23	3453.28	3393.61	3230.54	3957.97	5697.99
Ft_Lss4	3454.38	4177.85	3754.92	4674.49	4616.71	6831.94	3641.10	4761.51	4984.67	4423.41	3291.81	6601.78	3926.19	3616.95	4004.35	4039.58	3689.73	6951.03	3421.51	3597.82	3491.27	3165.59	3715.43	6002.31
Ft_Lss5	3471.94	4174.28	3643.88	4515.18	4334.47	6862.87	3555.70	4586.23	4678.15	4262.43	3085.23	6552.92	3839.69	3515.55	3855.12	3856.58	3472.36	6856.03	3533.11	3585.14	3467.95	2988.42	3473.49	6035.14
Ft_Lss6	3342.14	4054.83	3477.86	4262.46	4047.02	6808.94	3366.77	4369.58	4405.34	4058.48	2940.25	6395.77	3656.91	3362.32	3654.33	3622.69	3289.29	6660.09	3506.71	3490.59	3377.29	2810.69	3303.19	5912.95
Ft_Lss7	3173.47	3863.57	3341.07	4064.43	3825.74	6685.00	3167.51	4137.80	4153.45	3865.83	2859.15	6209.55	3472.77	3204.51	3475.59	3480.82	3216.81	6468.62	3392.48	3379.82	3299.64	2720.61	3231.08	5748.63
Ft_Lss8	3011.67	3684.96	3185.00	3807.38	3629.22	6486.29	2970.58	3910.50	3957.00	3681.74	2783.78	5970.25	3287.33	3057.24	3249.97	3236.84	3079.47	6161.01	3255.29	3263.10	3196.63	2574.79	3130.77	5584.09
Ft_Lss9	2853.55	3439.21	2973.45	3626.59	3475.98	6254.99	2790.47	3719.14	3792.90	3535.33	2760.62	5679.54	3125.37	2889.74	3085.63	3146.30	3083.72	5839.85	3081.70	3149.15	3131.22	2516.65	3102.12	5358.42
Ft_Lss10	2667.92	3230.91	2778.67	3431.50	3337.32	5906.61	2626.59	3548.55	3622.65	3383.90	2697.21	5379.70	2959.62	2748.60	2915.26	2967.18	3010.37	5449.05	2925.91	3039.45	3021.51	2443.68	3047.24	5119.00
Ft_Lss11	2545.06	3077.90	2605.65	3265.29	3214.79	5617.27	2502.57	3386.50	3483.91	3231.87	2676.98	5071.12	2836.52	2592.91	2769.26	2788.28	2940.34	5151.97	2836.14	2934.65	2934.83	2364.17	3026.56	4893.84
Ft_Lss12	2465.33	2964.47	2493.62	3207.27	3169.27	5362.59	2456.29	3268.92	3430.87	3152.73	2703.46	4810.91	2722.33	2495.87	2674.59	2733.36	3017.20	4854.02	2728.97	2863.35	2868.18	2317.49	3073.53	4738.84
Ft_Lss13	2313.11	2801.72	2346.76	3046.34	3068.74	5010.52	2329.53	3130.43	3283.33	3018.95	2727.55	4502.02	2617.85	2381.64	2571.04	2544.30	3033.59	4429.35	2654.72	2733.20	2749.29	2265.02	3104.95	4487.10
Ft_Lss14	2253.66	2738.80	2274.58	2986.70	3046.85	4720.60	2261.72	3035.94	3241.31	2956.98	2881.20	4226.01	2553.15	2283.62	2490.03	2476.51	3182.50	4180.81	2557.62	2660.99	2671.17	2229.10	3260.64	4286.89
Ft_Lss15	2170.73	2671.97	2234.59	2950.65	3058.60	4459.57	2219.51	3001.99	3223.39	2935.59	3150.55	4028.05	2487.37	2204.91	2432.37	2483.25	3428.49	3955.93	2483.06	2607.05	2573.70	2220.27	3529.85	4126.65
Fo_Lss1	2349.49	2906.30	2651.80	3118.96	3061.14	2967.96	2603.05	3373.24	3608.65	3245.30	2705.60	2736.77	2786.35	2621.67	2792.95	2641.65	2743.27	2863.15	2331.71	2517.92	2608.01	2530.85	3135.26	2489.89
Fo_Lss2	2320.77	2861.73	2606.43	3043.22	2965.10	2935.62	2571.52	3324.69	3535.80	3162.96	2507.13	2713.46	2750.68	2567.32	2737.51	2557.79	2555.95	2826.93	2301.92	2476.91	2551.53	2453.50	2928.33	2463.32
Fo_Lss3	2314.86	2867.24	2590.42	3019.02	2871.87	2948.23	2577.08	3279.12	3481.38	3118.14	2333.02	2723.99	2731.72	2546.89	2703.82	2531.55	2417.76	2850.42	2294.48	2465.40	2536.65	2395.75	2706.48	2473.62
Fo_Lss4	2290.86	2839.49	2558.72	2956.10	2762.07	2943.06	2527.29	3189.80	3338.81	3034.31	2176.49	2716.88	2675.12	2489.29	2638.76	2469.23	2271.46	2846.49	2276.39	2430.75	2497.09	2285.05	2503.02	2468.85
Fo_Lss5	2236.78	2773.85	2490.83	2857.15	2622.23	2932.82	2435.50	3062.61	3162.06	2910.91	2053.86	2682.89	2583.44	2406.52	2548.85	2386.10	2165.29	2806.90	2230.78	2375.09	2455.12	2179.10	2346.67	2465.66
Fo_Lss6	2146.47	2672.95	2409.30	2748.21	2487.93	2918.25	2309.37	2933.80	2982.95	2789.47	1965.78	2659.95	2466.26	2309.19	2427.59	2310.32	2077.06	2764.38	2166.90	2310.31	2395.48	2074.18	2227.43	2433.87
Fo_Lss7	2051.47	2542.30	2301.06	2599.90	2358.81	2849.83	2180.24	2785.36	2814.52	2656.42	1875.24	2590.49	2343.74	2191.49	2320.59	2173.89	1998.55	2685.83	2096.86	2235.22	2314.39	1968.89	2139.59	2380.67
Fo_Lss8	1965.56	2434.27	2203.93	2506.44	2270.39	2809.88	2074.41	2675.76	2706.93	2553.05	1835.46	2549.67	2251.90	2116.68	2218.57	2117.34	1981.81	2650.72	2015.85	2169.62	2255.94	1906.20	2093.37	2350.89
Fo_Lss9	1871.62	2305.51	2078.79	2376.55	2177.98	2758.06	1971.91	2539.70	2573.31	2430.46	1796.94	2484.63	2139.84	2022.66	2118.46	2010.70	1906.24	2562.86	1950.52	2101.53	2175.29	1824.32	2035.13	2294.33
Fo_Lss10	1785.67	2212.50	1981.53	2300.17	2115.01	2712.67	1880.81	2436.93	2495.15	2341.21	1789.48	2425.00	2054.17	1943.53	2026.83	1960.52	1894.44	2520.15	1878.95	2046.57	2137.85	1777.97	2019.55	2254.17
Fo_Lss11	1712.28	2110.43	1876.64	2207.47	2070.75	2638.88	1800.38	2338.44	2409.85	2254.54	1775.81	2362.14	1971.03	1867.22	1943.30	1886.50	1886.51	2432.88	1819.30	1985.44	2062.35	1715.87	2002.54	2211.72
Fo_Lss12	1644.24	2006.50	1791.63	2117.55	2022.72	2559.89	1731.90	2236.59	2319.79	2184.83	1762.70	2300.46	1891.26	1773.58	1863.93	1834.89	1882.44	2356.51	1754.55	1918.51	2000.39	1673.81	1972.38	2157.29
Fo_Lss13	1585.25	1953.45	1709.66	2074.32	1997.92	2494.52	1673.24	2178.83	2272.29	2123.67	1776.34	2232.37	1839.34	1702.97	1819.36	1772.77	1907.30	2286.62	1709.01	1864.56	1934.77	1627.88	1992.05	2120.23
Fo_Lss14	1531.42	1874.16	1653.89	2014.57	1963.10	2413.48	1614.31	2104.31	2219.48	2055.74	1817.54	2155.89	1787.63	1646.41	1761.43	1714.04	1959.92	2206.05	1645.20	1804.37	1861.78	1590.12	2020.32	2067.63
Fo_Lss15	1503.92	1847.86	1620.88	1984.19	1949.23	2356.81	1595.15	2067.25	2189.20	2032.88	1894.26	2107.86	1736.98	1599.12	1724.80	1676.42	2007.63	2162.24	1617.49	1755.75	1792.09	1566.06	2072.86	2029.64
Fv_Lss1	4820.17	5538.55	4839.30	5736.91	5148.05	4353.38	4967.38	6180.57	6639.54	5771.90	4101.09	4379.35	5551.60	4851.26	5293.49	4667.95	4051.19	4524.27	5383.94	5325.58	5290.98	5019.98	6225.14	4336.21
Fv_Lss2	4587.99	5217.53	4533.58	5228.10	4588.01	4192.04	4738.28	5849.63	6145.89	5246.01	3169.12	4247.15	5275.82	4480.30	4901.05	4143.85	3194.69	4324.08	5096.88	4981.88	4851.19	4448.17	4801.36	4166.70
Fv_Lss3	4541.82	5256.08	4430.72	5075.96	4104.36	4254.20	4777.79	5556.40	5802.89	4981.29	2522.79	4306.31	5135.47	4348.92	4678.10	3992.91	2677.64	4452.82	5028.03	4889.94	4742.21	4067.64	3648.23	4231.53
Fv_Lss4	4359.40	5064.98	4234.35	4701.85	3599.78	4228.63	4436.06	5025.84	4996.29	4522.85	2047.09	4266.28	4740.21	3999.96	4277.56	3656.75	2214.94	4431.01	4864.99	4624.54	4465.21	3431.23	2833.25	4201.40
Fv_Lss5	3977.38	4642.10	3843.85	4170.28	3043.69	4178.35	3872.81	4359.15	4152.36	3924.55	1731.17	4080.07	4167.74	3548.76	3782.13	3252.51	1924.99	4217.30	4480.16	4230.91	4190.43	2917.33	2325.88	4181.35
Fv_Lss6	3417.31	4063.17	3423.41	3654.95	2586.16	4107.85	3217.12	3774.26	3439.45	3412.00	1530.55	3959.10	3539.26	3083.60	3204.59	2922.67	1709.38	3999.48	3997.38	3817.78	3830.50	2483.09	1995.04	3987.03
Fv_Lss7	2916.06	3421.48	2935.31	3052.05	2205.70	3792.32	2660.18	3194.08	2874.83	2923.70	1344.59	3614.55	2983.66	2600.29	2767.32	2407.80	1534.86	3626.34	3532.51	3391.49	3391.94	2109.23	1778.00	3682.81
Fv_Lss8	2526.54	2967.19	2555.18	2721.71	1974.25	3619.24	2273.55	2820.40	2559.30	2589.68	1268.86	3426.18	2623.53	2331.37	2403.35	2220.19	1499.61	3470.89	3065.34	3059.10	3107.76	1911.82	1671.99	3523.03
Fv_Lss9	2158.23	2500.38	2132.85	2316.56	1754.68	3406.05	1948.88	2411.60	2209.76	2237.95	1198.76	3145.79	2239.10	2029.56	2089.22	1901.74	1348.52	3109.65	2735.07	2748.49	2753.90	1678.78	1545.91	3238.81
Fv_Lss10	1865.76	2206.17	1849.17	2104.13	1617.02	3229.27	1695.54	2138.23	2024.74	2008.67	1185.55	2908.24	1980.45	1803.07	1834.16	1766.32	1326.07	2947.29	2413.84	2520.39	2603.20	1558.13	1513.52	3051.04
Fv_Lss11	1644.90	1919.03	1580.50	1869.05	1525.64	2960.09	1495.97	1901.46	1837.69	1805.37	1161.62	2676.22	1754.89	1605.78	1625.47	1581.67	1311.14	2639.79	2174.36	2287.92	2322.70	1408.09	1478.79	2864.20
Fv_Lss12	1460.99	1660.34	1387.61	1662.54	1431.23	2695.06	1341.91	1679.92	1655.73	1654.50	1139.03	2465.33	1559.53	1388.85	1446.01	1462.75	1303.54	2395.06	1939.81	2056.38	2113.70	1313.50	1418.80	2640.79
Fv_Lss13	1316.10	1540.00	1220.30	1570.19	1384.35	2492.16	1220.52	1563.93	1565.72	1530.72	1162.54	2250.19	1442.42	1241.77	1352.59	1329.51	1350.54	2189.12	1789.09	1885.52	1911.06	1216.21	1457.70	2498.30
Fv_Lss14	1194.55	1373.57	1116.01	1449.43	1320.57	2259.54	1107.60	1423.83	1470.26	1402.03	1235.86	2028.60	1333.08	1133.20	1238.51	1212.75	1454.51	1971.09	1595.60	1709.93	1706.03	1140.67	1515.11	2308.40
Fv_Lss15	1136.13	1321.69	1057.65	1390.95	1295.82	2108.34	1072.74	1357.94	1417.60	1360.71	1382.06	1899.40	1232.56	1048.31	1170.41	1142.35	1554.25	1860.56	1517.53	1578.72	1528.27	1094.52	1626.66	2179.64
Fq_Lss1	4411.89	5062.44	4323.97	5003.16	4269.27	2481.76	4635.20	5649.18	6066.73	5211.03	3419.22	2667.87	5148.99	4452.76	4727.22	4048.40	3280.97	2674.03	5033.98	4953.54	4948.85	4680.44	5536.39	3474.75
Fq_Lss2	3859.17	4295.12	3566.77	3836.69	2824.20	976.24	4104.32	4757.56	4956.86	4107.97	1977.99	955.42	4487.98	3704.15	3813.65	2820.29	1703.88	888.56	4522.90	4272.19	4174.50	3772.90	3582.46	1538.73
Fq_Lss3	3545.50	4074.12	3316.94	3401.33	2153.49	597.35	3840.19	4068.75	4189.29	3604.33	1318.62	574.71	3995.62	3306.47	3388.71	2430.65	1194.89	560.00	4143.28	3902.06	3885.25	3232.84	2396.74	1007.16
Fq_Lss4	3195.88	3726.61	3038.15	2983.46	1745.14	339.75	3322.25	3454.12	3350.43	3133.75	931.77	381.38	3489.15	2872.30	2911.97	2086.41	796.66	326.47	3719.87	3457.46	3471.04	2550.69	1620.85	667.93
Fq_Lss5	2742.23	3241.67	2690.80	2512.25	1331.44	248.30	2752.62	2835.52	2636.27	2573.04	699.80	210.04	2911.48	2439.73	2475.86	1782.03	617.92	168.17	3177.83	3020.86	3177.60	2108.02	1199.06	611.87
Fq_Lss6	2221.64	2681.30	2354.86	2140.70	1027.08	217.16	2159.72	2338.48	2017.06	2142.99	556.09	223.28	2348.60	2030.47	1977.85	1610.29	497.14	103.77	2657.56	2637.50	2848.69	1746.58	919.27	507.94
Fq_Lss7	1794.06	2100.21	1895.30	1587.53	738.76	-42.85	1672.90	1841.64	1535.91	1714.29	360.68	-4.51	1854.63	1587.26	1612.33	1100.86	316.60	-156.45	2236.89	2246.89	2406.68	1357.51	686.51	314.86
Fq_Lss8	1480.42	1716.50	1574.11	1420.77	615.42	-57.17	1377.37	1585.66	1309.23	1460.99	320.55	5.60	1588.11	1390.81	1371.95	1100.68	401.95	-39.39	1825.90	1965.62	2167.07	1243.24	634.59	289.82
Fq_Lss9	1176.30	1366.68	1238.19	1066.52	456.68	-90.88	1130.32	1232.16	990.18	1133.08	235.08	-49.12	1253.57	1162.48	1122.05	766.14	171.04	-167.34	1603.90	1700.88	1797.97	986.44	478.92	174.72
Fq_Lss10	983.52	1187.76	1052.03	972.81	394.71	35.34	949.76	1026.60	897.23	965.98	277.81	-46.46	1075.00	998.00	945.73	759.67	210.15	18.39	1366.88	1527.50	1719.54	892.42	485.83	186.21
Fq_Lss11	812.12	951.56	851.50	811.23	381.60	-18.30	793.77	853.40	763.63	828.04	260.45	-32.76	889.40	880.09	799.51	679.89	257.30	-79.30	1157.52	1338.71	1450.22	759.79	454.77	182.08
Fq_Lss12	639.90	702.37	685.61	572.82	284.68	-107.63	617.52	647.58	544.65	686.60	198.26	-45.12	728.46	666.56	635.35	564.29	168.78	-102.46	965.39	1111.55	1245.91	669.82	317.65	59.24
Fq_Lss13	588.23	691.72	583.20	598.18	313.53	-23.84	564.23	612.33	554.68	635.45	211.33	-19.47	663.90	563.10	600.91	557.98	224.25	46.38	843.39	1016.88	1096.54	579.07	344.80	131.44
Fq_Lss14	472.30	508.93	495.32	477.30	236.82	-47.58	460.19	492.21	448.43	500.79	172.21	-41.52	567.56	495.99	509.91	450.28	231.93	-3.66	683.17	853.31	896.64	501.69	274.79	89.14
Fq_Lss15	469.33	497.58	443.94	424.48	186.46	5.58	448.38	423.20	383.42	458.00	125.77	-20.78	482.17	442.52	462.84	335.52	133.39	66.86	651.97	727.43	746.65	440.31	169.68	82.64
QY_max	0.68	0.66	0.65	0.65	0.63	0.60	0.66	0.65	0.65	0.65	0.62	0.61	0.67	0.65	0.66	0.64	0.61	0.61	0.70	0.69	0.68	0.68	0.68	0.64
Fv/Fm_Lss1	0.67	0.66	0.65	0.65	0.63	0.59	0.66	0.65	0.65	0.64	0.60	0.62	0.67	0.65	0.65	0.64	0.60	0.61	0.70	0.68	0.67	0.66	0.67	0.64
Fv/Fm_Lss2	0.66	0.65	0.63	0.63	0.61	0.59	0.65	0.64	0.63	0.62	0.56	0.61	0.66	0.64	0.64	0.62	0.56	0.60	0.69	0.67	0.66	0.64	0.62	0.63
Fv/Fm_Lss3	0.66	0.65	0.63	0.63	0.59	0.59	0.65	0.63	0.63	0.62	0.52	0.61	0.65	0.63	0.63	0.61	0.53	0.61	0.69	0.66	0.65	0.63	0.57	0.63
Fv/Fm_Lss4	0.66	0.64	0.62	0.61	0.57	0.59	0.64	0.61	0.60	0.60	0.48	0.61	0.64	0.62	0.62	0.60	0.49	0.61	0.68	0.66	0.64	0.60	0.53	0.63
Fv/Fm_Lss5	0.64	0.63	0.61	0.59	0.54	0.59	0.61	0.59	0.57	0.57	0.46	0.60	0.62	0.60	0.60	0.58	0.47	0.60	0.67	0.64	0.63	0.57	0.50	0.63
Fv/Fm_Lss6	0.61	0.60	0.59	0.57	0.51	0.58	0.58	0.56	0.54	0.55	0.44	0.60	0.59	0.57	0.57	0.56	0.45	0.59	0.65	0.62	0.62	0.54	0.47	0.62
Fv/Fm_Lss7	0.59	0.57	0.56	0.54	0.48	0.57	0.55	0.53	0.51	0.52	0.42	0.58	0.56	0.54	0.54	0.53	0.43	0.57	0.63	0.60	0.59	0.52	0.45	0.61
Fv/Fm_Lss8	0.56	0.55	0.54	0.52	0.47	0.56	0.52	0.51	0.49	0.50	0.41	0.57	0.54	0.52	0.52	0.51	0.43	0.57	0.60	0.59	0.58	0.50	0.44	0.60
Fv/Fm_Lss9	0.54	0.52	0.51	0.49	0.45	0.55	0.50	0.49	0.46	0.48	0.40	0.56	0.51	0.50	0.50	0.49	0.41	0.55	0.58	0.57	0.56	0.48	0.43	0.59
Fv/Fm_Lss10	0.51	0.50	0.48	0.48	0.43	0.54	0.47	0.47	0.45	0.46	0.40	0.55	0.49	0.48	0.48	0.47	0.41	0.54	0.56	0.55	0.55	0.47	0.43	0.58
Fv/Fm_Lss11	0.49	0.48	0.46	0.46	0.42	0.53	0.45	0.45	0.43	0.44	0.40	0.53	0.47	0.46	0.46	0.46	0.41	0.52	0.54	0.54	0.53	0.45	0.42	0.56
Fv/Fm_Lss12	0.47	0.45	0.44	0.44	0.41	0.51	0.44	0.43	0.42	0.43	0.39	0.52	0.45	0.44	0.44	0.44	0.41	0.50	0.53	0.52	0.51	0.44	0.42	0.55
Fv/Fm_Lss13	0.45	0.44	0.42	0.43	0.41	0.50	0.42	0.42	0.41	0.42	0.40	0.50	0.44	0.42	0.43	0.43	0.41	0.49	0.51	0.50	0.50	0.43	0.42	0.54
Fv/Fm_Lss14	0.44	0.42	0.40	0.42	0.40	0.48	0.41	0.40	0.40	0.41	0.40	0.48	0.43	0.41	0.41	0.41	0.43	0.47	0.49	0.49	0.48	0.42	0.43	0.53
Fv/Fm_Lss15	0.43	0.42	0.39	0.41	0.40	0.47	0.40	0.40	0.39	0.40	0.42	0.47	0.42	0.40	0.40	0.41	0.44	0.46	0.48	0.47	0.46	0.41	0.44	0.52
QY_Lss1	0.62	0.60	0.58	0.56	0.52	0.34	0.61	0.59	0.59	0.58	0.50	0.37	0.62	0.60	0.58	0.55	0.48	0.36	0.65	0.63	0.63	0.62	0.59	0.51
QY_Lss2	0.56	0.53	0.50	0.46	0.37	0.14	0.56	0.52	0.51	0.49	0.35	0.14	0.56	0.53	0.50	0.42	0.30	0.12	0.61	0.57	0.56	0.55	0.46	0.23
QY_Lss3	0.52	0.50	0.47	0.42	0.31	0.08	0.52	0.46	0.45	0.45	0.27	0.08	0.51	0.48	0.46	0.37	0.23	0.08	0.57	0.53	0.53	0.50	0.38	0.15
QY_Lss4	0.48	0.47	0.45	0.39	0.27	0.05	0.48	0.42	0.40	0.41	0.22	0.05	0.47	0.44	0.42	0.34	0.18	0.04	0.52	0.49	0.50	0.45	0.30	0.10
QY_Lss5	0.44	0.44	0.42	0.36	0.23	0.03	0.44	0.38	0.36	0.38	0.18	0.03	0.43	0.41	0.39	0.32	0.15	0.02	0.47	0.46	0.48	0.41	0.26	0.09
QY_Lss6	0.40	0.40	0.40	0.33	0.20	0.03	0.39	0.35	0.31	0.35	0.16	0.03	0.39	0.38	0.35	0.31	0.13	0.02	0.43	0.43	0.46	0.38	0.22	0.08
QY_Lss7	0.36	0.35	0.36	0.28	0.16	-0.01	0.35	0.31	0.27	0.31	0.11	-0.00	0.35	0.33	0.32	0.24	0.09	-0.02	0.40	0.40	0.42	0.33	0.18	0.05
QY_Lss8	0.33	0.32	0.33	0.27	0.14	-0.01	0.32	0.29	0.25	0.28	0.10	0.00	0.33	0.31	0.30	0.25	0.12	-0.01	0.36	0.38	0.40	0.33	0.17	0.05
QY_Lss9	0.29	0.28	0.29	0.23	0.12	-0.01	0.29	0.25	0.21	0.24	0.08	-0.01	0.29	0.29	0.27	0.20	0.05	-0.03	0.34	0.35	0.36	0.28	0.13	0.03
QY_Lss10	0.27	0.27	0.27	0.22	0.11	0.01	0.27	0.22	0.20	0.22	0.09	-0.01	0.27	0.27	0.24	0.20	0.07	0.00	0.32	0.33	0.36	0.27	0.14	0.04
QY_Lss11	0.24	0.24	0.25	0.20	0.11	-0.00	0.24	0.20	0.18	0.20	0.09	-0.01	0.24	0.25	0.22	0.20	0.08	-0.02	0.29	0.31	0.33	0.24	0.13	0.04
QY_Lss12	0.21	0.19	0.22	0.15	0.08	-0.02	0.20	0.17	0.14	0.18	0.07	-0.01	0.21	0.21	0.19	0.17	0.05	-0.02	0.26	0.28	0.30	0.22	0.09	0.01
QY_Lss13	0.20	0.20	0.20	0.16	0.09	-0.00	0.19	0.16	0.14	0.17	0.07	-0.00	0.20	0.19	0.19	0.18	0.07	0.01	0.24	0.27	0.29	0.20	0.10	0.03
QY_Lss14	0.17	0.16	0.18	0.14	0.07	-0.01	0.17	0.14	0.12	0.14	0.06	-0.01	0.18	0.18	0.17	0.15	0.07	-0.00	0.21	0.24	0.25	0.18	0.08	0.02
QY_Lss15	0.18	0.16	0.17	0.13	0.06	0.00	0.17	0.12	0.11	0.13	0.04	-0.01	0.16	0.17	0.16	0.12	0.04	0.02	0.21	0.22	0.22	0.17	0.05	0.02
NPQ_Lss1	0.02	0.02	0.02	0.01	0.02	0.02	0.02	0.02	0.01	0.03	0.07	-0.00	0.02	0.01	0.03	0.01	0.06	0.01	0.03	0.04	0.03	0.06	0.07	0.01
NPQ_Lss2	0.06	0.06	0.07	0.09	0.11	0.04	0.06	0.06	0.07	0.10	0.29	0.02	0.06	0.07	0.09	0.10	0.26	0.04	0.07	0.09	0.10	0.16	0.29	0.04
NPQ_Lss3	0.06	0.06	0.09	0.11	0.20	0.03	0.05	0.10	0.12	0.15	0.50	0.01	0.08	0.10	0.13	0.13	0.42	0.02	0.08	0.11	0.12	0.24	0.57	0.03
NPQ_Lss4	0.10	0.09	0.12	0.17	0.32	0.04	0.11	0.18	0.25	0.23	0.73	0.02	0.14	0.16	0.20	0.20	0.61	0.02	0.11	0.16	0.17	0.41	0.87	0.03
NPQ_Lss5	0.17	0.16	0.21	0.28	0.48	0.05	0.23	0.31	0.42	0.36	0.93	0.05	0.26	0.27	0.31	0.31	0.77	0.06	0.18	0.23	0.23	0.58	1.13	0.04
NPQ_Lss6	0.31	0.28	0.31	0.40	0.65	0.06	0.40	0.45	0.62	0.50	1.09	0.07	0.41	0.40	0.48	0.41	0.91	0.10	0.29	0.33	0.31	0.76	1.36	0.07
NPQ_Lss7	0.47	0.44	0.46	0.59	0.84	0.12	0.60	0.63	0.83	0.66	1.27	0.14	0.59	0.58	0.63	0.61	1.04	0.18	0.41	0.45	0.43	0.97	1.55	0.14
NPQ_Lss8	0.62	0.59	0.60	0.72	0.97	0.16	0.78	0.77	0.97	0.80	1.35	0.19	0.74	0.70	0.80	0.70	1.08	0.22	0.56	0.56	0.52	1.11	1.65	0.17
NPQ_Lss9	0.81	0.79	0.81	0.91	1.13	0.21	0.98	0.96	1.17	0.99	1.44	0.26	0.93	0.86	0.97	0.89	1.22	0.31	0.69	0.68	0.66	1.29	1.78	0.24
NPQ_Lss10	1.00	0.95	0.99	1.04	1.24	0.25	1.17	1.12	1.30	1.13	1.46	0.33	1.10	1.02	1.15	0.98	1.24	0.36	0.85	0.79	0.72	1.41	1.82	0.30
NPQ_Lss11	1.17	1.13	1.21	1.20	1.33	0.33	1.35	1.29	1.45	1.29	1.49	0.41	1.27	1.17	1.33	1.13	1.26	0.47	0.99	0.91	0.86	1.57	1.86	0.36
NPQ_Lss12	1.35	1.34	1.40	1.38	1.43	0.42	1.52	1.48	1.61	1.42	1.52	0.49	1.46	1.39	1.51	1.24	1.27	0.57	1.15	1.05	0.99	1.69	1.94	0.44
NPQ_Lss13	1.52	1.46	1.61	1.46	1.48	0.49	1.68	1.60	1.71	1.54	1.49	0.58	1.58	1.56	1.62	1.38	1.22	0.66	1.27	1.17	1.12	1.83	1.89	0.49
NPQ_Lss14	1.68	1.65	1.76	1.59	1.55	0.59	1.85	1.76	1.82	1.68	1.39	0.70	1.72	1.72	1.77	1.52	1.12	0.78	1.45	1.32	1.29	1.94	1.82	0.57
NPQ_Lss15	1.76	1.71	1.85	1.66	1.58	0.67	1.90	1.84	1.88	1.73	1.23	0.77	1.85	1.85	1.87	1.62	1.03	0.85	1.53	1.45	1.46	2.02	1.70	0.64
qN_Lss1	0.03	0.03	0.03	0.02	0.03	0.03	0.03	0.03	0.02	0.04	0.11	-0.00	0.02	0.02	0.04	0.01	0.10	0.01	0.04	0.06	0.05	0.09	0.09	0.01
qN_Lss2	0.08	0.09	0.10	0.12	0.15	0.07	0.08	0.09	0.10	0.14	0.34	0.03	0.08	0.10	0.12	0.14	0.32	0.06	0.10	0.12	0.14	0.20	0.32	0.06
qN_Lss3	0.09	0.08	0.12	0.15	0.25	0.05	0.08	0.14	0.16	0.19	0.49	0.02	0.11	0.13	0.17	0.18	0.44	0.03	0.11	0.14	0.16	0.28	0.50	0.04
qN_Lss4	0.13	0.12	0.17	0.22	0.36	0.06	0.15	0.23	0.29	0.28	0.60	0.03	0.18	0.21	0.25	0.25	0.55	0.04	0.14	0.19	0.21	0.40	0.62	0.05
qN_Lss5	0.21	0.20	0.25	0.32	0.47	0.07	0.27	0.35	0.43	0.38	0.67	0.08	0.29	0.31	0.34	0.35	0.62	0.09	0.22	0.27	0.27	0.50	0.69	0.05
qN_Lss6	0.34	0.31	0.35	0.41	0.56	0.09	0.41	0.44	0.54	0.47	0.71	0.11	0.41	0.41	0.46	0.42	0.67	0.15	0.31	0.35	0.34	0.58	0.74	0.10
qN_Lss7	0.44	0.43	0.45	0.52	0.63	0.17	0.52	0.54	0.62	0.56	0.75	0.20	0.51	0.51	0.54	0.54	0.71	0.24	0.40	0.43	0.42	0.65	0.77	0.18
qN_Lss8	0.53	0.52	0.53	0.58	0.68	0.22	0.60	0.60	0.67	0.61	0.77	0.25	0.58	0.57	0.61	0.58	0.71	0.28	0.48	0.49	0.47	0.69	0.79	0.22
qN_Lss9	0.60	0.60	0.62	0.65	0.72	0.27	0.66	0.66	0.72	0.67	0.78	0.32	0.65	0.63	0.66	0.65	0.75	0.36	0.54	0.55	0.54	0.73	0.81	0.29
qN_Lss10	0.66	0.65	0.67	0.69	0.74	0.32	0.71	0.71	0.74	0.71	0.79	0.38	0.69	0.68	0.71	0.67	0.75	0.40	0.60	0.59	0.57	0.75	0.81	0.34
qN_Lss11	0.71	0.70	0.73	0.72	0.76	0.38	0.75	0.74	0.77	0.74	0.79	0.43	0.73	0.72	0.74	0.71	0.75	0.47	0.64	0.63	0.62	0.78	0.81	0.39
qN_Lss12	0.74	0.75	0.76	0.76	0.77	0.45	0.78	0.78	0.79	0.77	0.79	0.49	0.76	0.76	0.78	0.74	0.76	0.53	0.69	0.67	0.66	0.79	0.82	0.44
qN_Lss13	0.77	0.77	0.79	0.77	0.78	0.50	0.80	0.79	0.81	0.79	0.79	0.54	0.78	0.79	0.79	0.76	0.75	0.58	0.71	0.70	0.69	0.81	0.82	0.48
qN_Lss14	0.79	0.80	0.81	0.79	0.79	0.55	0.82	0.81	0.82	0.81	0.77	0.59	0.80	0.81	0.81	0.79	0.72	0.62	0.75	0.73	0.73	0.82	0.81	0.52
qN_Lss15	0.80	0.80	0.82	0.80	0.80	0.58	0.83	0.82	0.83	0.81	0.74	0.62	0.82	0.82	0.82	0.80	0.70	0.65	0.76	0.75	0.76	0.83	0.79	0.55
qP_Lss1	0.92	0.91	0.89	0.87	0.83	0.57	0.93	0.91	0.91	0.90	0.83	0.61	0.93	0.92	0.89	0.87	0.81	0.59	0.93	0.93	0.94	0.93	0.89	0.80
qP_Lss2	0.84	0.82	0.79	0.73	0.62	0.23	0.87	0.81	0.81	0.78	0.62	0.22	0.85	0.83	0.78	0.68	0.53	0.21	0.89	0.86	0.86	0.85	0.75	0.37
qP_Lss3	0.78	0.78	0.75	0.67	0.52	0.14	0.80	0.73	0.72	0.72	0.52	0.13	0.78	0.76	0.72	0.61	0.45	0.13	0.82	0.80	0.82	0.79	0.66	0.24
qP_Lss4	0.73	0.74	0.72	0.63	0.48	0.08	0.75	0.69	0.67	0.69	0.46	0.09	0.74	0.72	0.68	0.57	0.36	0.07	0.76	0.75	0.78	0.74	0.57	0.16
qP_Lss5	0.69	0.70	0.70	0.60	0.44	0.06	0.71	0.65	0.63	0.66	0.40	0.05	0.70	0.69	0.65	0.55	0.32	0.04	0.71	0.71	0.76	0.72	0.52	0.15
qP_Lss6	0.65	0.66	0.69	0.59	0.40	0.05	0.67	0.62	0.59	0.63	0.36	0.06	0.66	0.66	0.62	0.55	0.29	0.03	0.66	0.69	0.74	0.70	0.46	0.13
qP_Lss7	0.62	0.61	0.65	0.52	0.33	-0.01	0.63	0.58	0.53	0.59	0.27	-0.00	0.62	0.61	0.58	0.46	0.21	-0.04	0.63	0.66	0.71	0.64	0.39	0.09
qP_Lss8	0.59	0.58	0.62	0.52	0.31	-0.02	0.61	0.56	0.51	0.56	0.25	0.00	0.61	0.60	0.57	0.50	0.27	-0.01	0.60	0.64	0.70	0.65	0.38	0.08
qP_Lss9	0.55	0.55	0.58	0.46	0.26	-0.03	0.58	0.51	0.45	0.51	0.20	-0.02	0.56	0.57	0.54	0.40	0.13	-0.05	0.59	0.62	0.65	0.59	0.31	0.05
qP_Lss10	0.53	0.54	0.57	0.46	0.24	0.01	0.56	0.48	0.44	0.48	0.23	-0.02	0.54	0.55	0.52	0.43	0.16	0.01	0.57	0.61	0.66	0.57	0.32	0.06
qP_Lss11	0.49	0.50	0.54	0.43	0.25	-0.01	0.53	0.45	0.42	0.46	0.22	-0.01	0.51	0.55	0.49	0.43	0.20	-0.03	0.53	0.59	0.62	0.54	0.31	0.06
qP_Lss12	0.44	0.42	0.49	0.34	0.20	-0.04	0.46	0.39	0.33	0.41	0.17	-0.02	0.47	0.48	0.44	0.39	0.13	-0.04	0.50	0.54	0.59	0.51	0.22	0.02
qP_Lss13	0.45	0.45	0.48	0.38	0.23	-0.01	0.46	0.39	0.35	0.42	0.18	-0.01	0.46	0.45	0.44	0.42	0.17	0.02	0.47	0.54	0.57	0.48	0.24	0.05
qP_Lss14	0.40	0.37	0.44	0.33	0.18	-0.02	0.42	0.35	0.31	0.36	0.14	-0.02	0.43	0.44	0.41	0.37	0.16	-0.00	0.43	0.50	0.53	0.44	0.18	0.04
qP_Lss15	0.41	0.38	0.42	0.31	0.14	0.00	0.42	0.31	0.27	0.34	0.09	-0.01	0.39	0.42	0.40	0.29	0.09	0.04	0.43	0.46	0.49	0.40	0.10	0.04
qL_Lss1	1.07	1.06	1.07	1.08	1.07	0.93	1.05	1.06	1.06	1.06	1.04	0.99	1.06	1.06	1.07	1.07	1.04	0.97	1.08	1.07	1.06	1.06	1.08	1.08
qL_Lss2	1.11	1.09	1.08	1.07	0.98	0.49	1.08	1.08	1.08	1.06	0.92	0.50	1.09	1.08	1.09	1.03	0.84	0.46	1.11	1.10	1.09	1.08	1.06	0.76
qL_Lss3	1.12	1.09	1.07	1.04	0.88	0.31	1.10	1.06	1.06	1.04	0.79	0.32	1.10	1.07	1.07	0.98	0.72	0.30	1.14	1.12	1.10	1.07	0.96	0.55
qL_Lss4	1.11	1.08	1.05	1.00	0.81	0.19	1.08	1.03	1.00	1.01	0.69	0.22	1.08	1.04	1.03	0.93	0.58	0.18	1.15	1.11	1.09	1.03	0.85	0.39
qL_Lss5	1.07	1.05	1.02	0.95	0.72	0.14	1.04	0.97	0.94	0.96	0.61	0.13	1.04	1.00	0.99	0.89	0.51	0.10	1.12	1.08	1.07	0.99	0.76	0.36
qL_Lss6	1.01	1.00	0.99	0.91	0.65	0.12	0.98	0.92	0.87	0.91	0.54	0.14	0.98	0.96	0.93	0.86	0.46	0.06	1.08	1.04	1.05	0.95	0.68	0.31
qL_Lss7	0.95	0.93	0.94	0.81	0.54	-0.03	0.91	0.86	0.79	0.85	0.41	-0.00	0.92	0.89	0.87	0.73	0.33	-0.10	1.02	1.00	1.01	0.89	0.58	0.21
qL_Lss8	0.90	0.88	0.89	0.79	0.50	-0.04	0.87	0.82	0.75	0.81	0.38	0.00	0.88	0.86	0.84	0.76	0.42	-0.03	0.96	0.97	0.99	0.88	0.57	0.20
qL_Lss9	0.83	0.82	0.83	0.70	0.42	-0.06	0.82	0.75	0.66	0.74	0.30	-0.04	0.82	0.82	0.78	0.63	0.21	-0.12	0.93	0.93	0.94	0.81	0.47	0.13
qL_Lss10	0.79	0.79	0.80	0.69	0.39	0.02	0.78	0.70	0.64	0.70	0.35	-0.04	0.78	0.78	0.74	0.65	0.25	0.01	0.88	0.90	0.93	0.79	0.48	0.14
qL_Lss11	0.73	0.72	0.75	0.64	0.39	-0.01	0.74	0.65	0.60	0.66	0.34	-0.03	0.73	0.76	0.70	0.64	0.31	-0.06	0.83	0.86	0.89	0.74	0.46	0.14
qL_Lss12	0.66	0.62	0.69	0.52	0.31	-0.08	0.65	0.56	0.49	0.60	0.27	-0.04	0.67	0.68	0.63	0.57	0.21	-0.09	0.77	0.81	0.85	0.71	0.35	0.05
qL_Lss13	0.65	0.64	0.66	0.56	0.35	-0.02	0.64	0.56	0.51	0.59	0.28	-0.02	0.66	0.63	0.63	0.60	0.26	0.04	0.73	0.79	0.82	0.66	0.37	0.11
qL_Lss14	0.58	0.54	0.61	0.49	0.28	-0.04	0.58	0.50	0.45	0.51	0.22	-0.04	0.61	0.61	0.58	0.54	0.26	-0.00	0.67	0.74	0.75	0.62	0.29	0.08
qL_Lss15	0.60	0.54	0.58	0.45	0.23	0.01	0.58	0.45	0.40	0.49	0.15	-0.02	0.56	0.58	0.56	0.44	0.15	0.07	0.66	0.68	0.70	0.57	0.18	0.08
PAR1	59.15	59.15	59.15	59.15	59.15	59.15	59.15	59.15	59.15	59.15	59.15	59.15	59.15	59.15	59.15	59.15	59.15	59.15	59.15	59.15	59.15	59.15	59.15	59.15
PAR2	179.76	179.76	179.76	179.76	179.76	179.76	179.76	179.76	179.76	179.76	179.76	179.76	179.76	179.76	179.76	179.76	179.76	179.76	179.76	179.76	179.76	179.76	179.76	179.76
PAR3	300.37	300.37	300.37	300.37	300.37	300.37	300.37	300.37	300.37	300.37	300.37	300.37	300.37	300.37	300.37	300.37	300.37	300.37	300.37	300.37	300.37	300.37	300.37	300.37
PAR4	420.98	420.98	420.98	420.98	420.98	420.98	420.98	420.98	420.98	420.98	420.98	420.98	420.98	420.98	420.98	420.98	420.98	420.98	420.98	420.98	420.98	420.98	420.98	420.98
PAR5	541.59	541.59	541.59	541.59	541.59	541.59	541.59	541.59	541.59	541.59	541.59	541.59	541.59	541.59	541.59	541.59	541.59	541.59	541.59	541.59	541.59	541.59	541.59	541.59
PAR6	662.20	662.20	662.20	662.20	662.20	662.20	662.20	662.20	662.20	662.20	662.20	662.20	662.20	662.20	662.20	662.20	662.20	662.20	662.20	662.20	662.20	662.20	662.20	662.20
PAR7	782.81	782.81	782.81	782.81	782.81	782.81	782.81	782.81	782.81	782.81	782.81	782.81	782.81	782.81	782.81	782.81	782.81	782.81	782.81	782.81	782.81	782.81	782.81	782.81
PAR8	903.42	903.42	903.42	903.42	903.42	903.42	903.42	903.42	903.42	903.42	903.42	903.42	903.42	903.42	903.42	903.42	903.42	903.42	903.42	903.42	903.42	903.42	903.42	903.42
PAR9	1024.03	1024.03	1024.03	1024.03	1024.03	1024.03	1024.03	1024.03	1024.03	1024.03	1024.03	1024.03	1024.03	1024.03	1024.03	1024.03	1024.03	1024.03	1024.03	1024.03	1024.03	1024.03	1024.03	1024.03
PAR10	1144.64	1144.64	1144.64	1144.64	1144.64	1144.64	1144.64	1144.64	1144.64	1144.64	1144.64	1144.64	1144.64	1144.64	1144.64	1144.64	1144.64	1144.64	1144.64	1144.64	1144.64	1144.64	1144.64	1144.64
PAR11	1265.25	1265.25	1265.25	1265.25	1265.25	1265.25	1265.25	1265.25	1265.25	1265.25	1265.25	1265.25	1265.25	1265.25	1265.25	1265.25	1265.25	1265.25	1265.25	1265.25	1265.25	1265.25	1265.25	1265.25
PAR12	1385.86	1385.86	1385.86	1385.86	1385.86	1385.86	1385.86	1385.86	1385.86	1385.86	1385.86	1385.86	1385.86	1385.86	1385.86	1385.86	1385.86	1385.86	1385.86	1385.86	1385.86	1385.86	1385.86	1385.86
PAR13	1506.47	1506.47	1506.47	1506.47	1506.47	1506.47	1506.47	1506.47	1506.47	1506.47	1506.47	1506.47	1506.47	1506.47	1506.47	1506.47	1506.47	1506.47	1506.47	1506.47	1506.47	1506.47	1506.47	1506.47
PAR14	1627.08	1627.08	1627.08	1627.08	1627.08	1627.08	1627.08	1627.08	1627.08	1627.08	1627.08	1627.08	1627.08	1627.08	1627.08	1627.08	1627.08	1627.08	1627.08	1627.08	1627.08	1627.08	1627.08	1627.08
PAR15	1747.69	1747.69	1747.69	1747.69	1747.69	1747.69	1747.69	1747.69	1747.69	1747.69	1747.69	1747.69	1747.69	1747.69	1747.69	1747.69	1747.69	1747.69	1747.69	1747.69	1747.69	1747.69	1747.69	1747.69
ETR1	14.5586	14.1828	13.6562	13.3661	12.3040	8.0198	14.4857	13.9895	14.0055	13.6724	11.8846	8.8698	14.6102	14.0972	13.8306	13.1034	11.4246	8.5638	15.4359	14.9417	14.8226	14.6651	13.9935	12.0433
ETR2	40.1643	38.2252	35.9188	33.3524	26.8853	9.8482	40.3721	37.2869	36.8130	35.1261	25.0558	9.8694	40.2041	37.7913	35.8984	30.2593	21.3043	8.9344	43.9544	41.1840	40.5470	39.3067	33.3246	16.6876
ETR3	62.1264	60.2577	56.7600	50.4830	37.0881	9.9647	62.7321	55.3275	54.2131	53.4666	32.6264	9.8217	61.0205	57.6091	55.1539	44.7600	28.1748	9.2127	67.9824	63.7388	64.1310	60.0948	45.3144	18.0469
ETR4	80.9226	79.3890	75.3116	65.6034	46.1918	7.9773	80.3401	70.7970	67.6874	69.8272	37.1488	9.1965	79.2332	74.5339	70.8974	57.3511	29.9017	7.5540	87.7129	82.5204	83.9508	75.1385	51.1473	16.8621
ETR5	95.5979	94.6958	92.0205	77.4452	50.9074	7.5643	94.5281	82.7666	78.0797	81.5467	40.0530	6.7283	93.4250	88.7499	84.7196	68.4655	32.7271	5.1865	102.5830	99.0651	103.5849	89.6057	55.5925	19.9416
ETR6	105.7673	105.4343	106.9401	88.5543	53.6156	8.1868	103.5133	92.3388	83.1895	91.5319	42.1286	8.9352	103.5873	99.7309	93.0174	81.5085	34.7770	4.0637	114.1955	114.0024	121.1950	101.5151	57.6665	20.9539
ETR7	113.0866	110.2695	113.3346	87.9505	50.6788	-2.0202	108.2189	96.4404	84.5311	96.1958	35.0752	-0.2276	109.0078	103.7212	99.2268	75.2355	28.0566	-7.7607	124.4226	125.0381	132.0619	104.2311	54.8710	16.2595
ETR8	119.0928	114.8367	119.5250	98.2028	52.3933	-3.2135	114.4761	104.2556	89.8390	102.6600	37.3140	0.3386	117.7103	112.9918	107.2663	91.6999	41.7216	-2.3254	129.8555	135.8480	146.0015	117.6693	60.9027	17.8302
ETR9	119.5643	116.4837	120.4228	93.0851	47.5661	-6.0388	118.0858	101.9339	84.7968	99.4174	32.1430	-3.5735	117.2600	117.5068	109.2299	80.2108	21.5258	-12.0837	140.2113	143.6482	149.4096	115.3432	54.7808	12.9344
ETR10	123.3242	123.0739	125.7413	101.1292	48.4238	2.7228	121.5906	102.7366	90.8875	101.6761	42.7553	-3.9881	121.9929	121.9609	112.1491	93.3279	29.8762	1.5402	145.7869	153.1378	166.0600	122.4780	62.9590	16.0702
ETR11	122.4278	119.5157	124.6524	100.7144	53.6999	-1.6545	121.8707	101.8670	90.9878	103.2214	44.8730	-3.2904	120.8085	128.2503	113.3809	99.2144	40.7234	-7.9118	146.6869	158.5451	167.3770	123.0905	66.1127	18.1541
ETR12	114.2348	106.1817	119.5460	84.0035	45.6894	-11.3541	111.3658	91.6593	75.9460	99.1355	37.8763	-5.2485	117.0214	116.8416	106.4070	94.8581	29.3669	-11.9538	144.8579	155.0175	167.8775	124.2963	51.9244	6.8443
ETR13	122.1714	119.3161	119.9434	98.9036	55.8594	-2.8814	117.4926	98.5851	87.0878	104.7819	43.3318	-2.6172	121.9042	115.2279	114.1578	108.3822	41.4780	6.2450	145.2823	163.3984	171.8123	122.6897	60.2275	17.1493
ETR14	112.7629	101.9869	116.3834	89.6765	46.9382	-6.6265	110.0343	90.7964	79.0980	94.2606	36.7062	-6.4572	118.3652	116.1338	110.6238	100.1291	44.2086	-0.5703	137.1978	158.0287	163.5620	119.5683	50.5855	13.2574
ETR15	124.2765	109.7460	115.8648	87.9206	40.1689	0.8742	117.4909	86.3744	74.3144	94.3472	26.8362	-3.6253	113.5109	116.8505	111.7574	83.2123	26.1802	11.6196	145.3815	152.5053	157.2016	115.6923	32.0624	13.7248
