FluorCam7 Numeric Avg Export File
-----------------------------------
	Area 1	Area 2	Area 3	Area 4	Area 5	Area 6	Area 7	Area 8	Area 9	Area 10	Area 11	Area 12	Area 13	Area 14	Area 15	Area 16	Area 17	Area 18	Area 19	Area 20	Area 21	Area 22	Area 23	Area 24
Size [pixels]	4495	3094	3839	4157	1800	2041	4063	4254	3433	4550	4483	3196	6008	3888	4847	3944	4698	3297	4699	3785	4226	5197	5098	2548
Fo	1711.25	1480.93	1571.38	1675.28	1438.11	1331.81	1764.60	2017.35	1904.47	1934.88	1710.07	1308.29	1913.64	1890.34	2411.44	2017.81	2017.43	1513.23	1592.08	1835.14	1951.69	2082.10	1751.10	1591.09
Fm	5290.77	4336.77	4709.83	5260.19	4415.61	3568.71	5165.33	5651.43	5976.47	5651.65	5045.87	3974.09	5434.87	6012.30	7017.43	6438.35	5845.10	4960.76	5188.30	5359.00	5865.14	6570.87	5315.97	4023.08
Fv	3579.52	2855.84	3138.45	3584.91	2977.50	2236.90	3400.73	3634.08	4072.00	3716.77	3335.80	2665.80	3521.23	4121.96	4606.00	4420.54	3827.67	3447.53	3596.22	3523.85	3913.45	4488.77	3564.87	2431.99
Fm_Lss1	5202.86	4201.12	4580.72	5148.61	4309.94	3418.54	5050.08	5478.47	5884.51	5532.47	4927.15	3870.10	5295.56	5922.14	6884.20	6321.88	5701.82	4871.07	5119.87	5135.61	5664.36	6404.75	5112.65	3846.53
Ft_Lss1	1977.44	1708.40	1772.04	1927.07	1654.25	1508.45	2000.81	2292.79	2334.94	2146.10	1894.19	1519.19	2220.50	2187.29	2730.00	2292.84	2288.80	1726.79	1853.19	2069.54	2258.20	2394.17	2007.08	1791.31
Fo_Lss1	1701.95	1464.78	1556.74	1663.80	1426.72	1310.33	1750.95	1994.86	1895.03	1920.72	1696.22	1296.82	1896.08	1881.34	2395.51	2006.22	2000.08	1504.78	1585.58	1808.21	1928.94	2065.13	1728.46	1562.72
Fv_Lss1	3500.91	2736.34	3023.98	3484.81	2883.22	2108.21	3299.13	3483.60	3989.48	3611.75	3230.93	2573.28	3399.49	4040.81	4488.70	4315.65	3701.73	3366.30	3534.29	3327.40	3735.42	4339.62	3384.19	2283.81
Fq_Lss1	3225.42	2492.72	2808.68	3221.54	2655.69	1910.09	3049.27	3185.68	3549.57	3386.38	3032.96	2350.90	3075.06	3734.86	4154.20	4029.04	3413.02	3144.29	3266.68	3066.07	3406.15	4010.58	3105.57	2055.22
QY_max	0.68	0.66	0.67	0.68	0.67	0.63	0.66	0.64	0.68	0.66	0.66	0.67	0.65	0.69	0.66	0.69	0.65	0.69	0.69	0.66	0.67	0.68	0.67	0.60
Fv/Fm_Lss1	0.67	0.65	0.66	0.68	0.67	0.62	0.65	0.64	0.68	0.65	0.66	0.66	0.64	0.68	0.65	0.68	0.65	0.69	0.69	0.65	0.66	0.68	0.66	0.59
QY_Lss1	0.62	0.59	0.61	0.63	0.62	0.56	0.60	0.58	0.60	0.61	0.62	0.61	0.58	0.63	0.60	0.64	0.60	0.65	0.64	0.60	0.60	0.63	0.61	0.53
NPQ_Lss1	0.02	0.03	0.03	0.02	0.02	0.04	0.02	0.03	0.02	0.02	0.02	0.03	0.03	0.02	0.02	0.02	0.03	0.02	0.01	0.04	0.04	0.03	0.04	0.05
qN_Lss1	0.02	0.05	0.04	0.03	0.04	0.07	0.03	0.05	0.02	0.03	0.04	0.04	0.04	0.02	0.03	0.03	0.04	0.03	0.02	0.06	0.05	0.04	0.06	0.07
qP_Lss1	0.92	0.91	0.93	0.92	0.92	0.91	0.92	0.91	0.89	0.94	0.94	0.91	0.90	0.92	0.93	0.93	0.92	0.93	0.92	0.92	0.91	0.92	0.92	0.90
qL_Lss1	1.07	1.06	1.06	1.07	1.07	1.04	1.06	1.05	1.10	1.05	1.05	1.07	1.06	1.07	1.05	1.07	1.06	1.07	1.08	1.05	1.07	1.07	1.07	1.03
PAR1	10.90	10.90	10.90	10.90	10.90	10.90	10.90	10.90	10.90	10.90	10.90	10.90	10.90	10.90	10.90	10.90	10.90	10.90	10.90	10.90	10.90	10.90	10.90	10.90
ETR1	2.7036	2.5877	2.6741	2.7289	2.6873	2.4368	2.6333	2.5360	2.6307	2.6695	2.6846	2.6492	2.5325	2.7504	2.6317	2.7795	2.6105	2.8152	2.7826	2.6037	2.6225	2.7309	2.6491	2.3302
