FluorCam7 Numeric Avg Export File
-----------------------------------
	Area 1	Area 2	Area 3	Area 4	Area 5	Area 6	Area 7	Area 8	Area 9	Area 10	Area 11	Area 12	Area 13	Area 14	Area 15	Area 16	Area 17	Area 18	Area 19	Area 20	Area 21	Area 22	Area 23	Area 24
Size [pixels]	4706	3213	3992	4245	1776	1935	4367	4527	3600	4668	4366	2812	6251	4164	5018	4039	4793	3016	4743	4058	4390	5349	5187	2400
Fo	1865.21	1564.10	1652.15	1811.76	1588.53	1456.22	1854.83	2058.30	2169.17	1992.26	1758.92	1449.79	2044.50	2002.73	2526.99	2127.00	2095.40	1619.57	1609.58	1898.79	2023.20	2168.06	1844.36	1776.68
Fm	5464.17	4287.23	4560.19	4998.71	4013.60	2991.92	5243.56	5718.60	5921.14	5432.22	4539.93	3213.60	5631.20	5941.23	7019.00	6057.79	5282.23	4052.21	5004.47	5384.37	5713.78	6156.04	4854.01	3459.48
Fv	3598.96	2723.13	2908.04	3186.95	2425.08	1535.71	3388.73	3660.30	3751.97	3439.97	2781.00	1763.82	3586.70	3938.50	4492.01	3930.79	3186.82	2432.64	3394.89	3485.59	3690.58	3987.98	3009.64	1682.80
Fm_Lss1	5393.96	4082.72	4308.59	4658.23	3504.34	2897.36	5025.12	5291.25	5665.20	4990.32	3849.25	2917.88	5390.81	5821.83	6786.72	5677.90	4570.10	3219.30	4883.90	5123.84	5253.85	5642.64	4149.71	3159.49
Fm_Lss2	5170.86	3787.69	4092.12	4259.65	2913.88	2781.48	4774.77	4925.30	5285.86	4615.47	2994.79	2758.64	4983.00	5572.46	6378.54	5317.62	3742.10	2370.37	4654.72	4804.50	4860.42	5143.34	3428.73	2861.20
Fm_Lss3	5045.99	3623.17	3976.29	4039.53	2617.97	2785.18	4653.72	4465.02	4809.42	4259.10	2493.86	2721.74	4712.79	5334.88	5810.11	5013.50	3218.58	1978.56	4515.38	4643.95	4515.82	4622.62	2969.89	2856.61
Fm_Lss4	4646.66	3312.85	3772.58	3661.73	2242.96	2732.42	4203.44	3926.97	4110.91	3758.91	2169.22	2764.58	4288.99	4772.21	4973.58	4444.02	2795.52	1812.59	4212.70	4387.02	4115.23	3979.65	2617.89	2393.01
Fm_Lss5	4265.75	3148.56	3663.67	3420.37	2134.76	2822.09	3783.99	3514.26	3625.71	3408.04	1983.60	2816.24	3945.75	4265.44	4441.92	4045.63	2567.84	1733.70	3903.99	4092.75	3784.54	3577.31	2385.12	2419.76
Fm_Lss6	3881.34	2889.74	3402.33	3120.66	1955.57	2761.71	3348.50	3217.15	3258.90	3091.30	1840.03	2782.97	3647.58	3785.65	3965.00	3558.93	2349.32	1710.52	3542.66	3781.00	3471.90	3242.50	2155.12	2553.99
Fm_Lss7	3244.65	2534.16	3055.24	2747.40	1655.14	2598.70	2862.91	2872.42	2765.82	2793.74	1639.94	2565.68	3178.09	3119.02	3401.04	3102.27	2107.73	1594.07	2992.65	3362.14	3073.15	2890.93	1922.83	2434.71
Fm_Lss8	3196.10	2520.76	3043.78	2698.09	1672.80	2642.83	2741.98	2844.27	2826.05	2682.27	1646.55	2665.20	3137.86	2942.98	3280.24	2956.58	2105.31	1711.49	2914.30	3230.97	3063.04	2863.84	1889.71	2434.44
Fm_Lss9	3050.72	2491.37	2940.26	2567.17	1647.49	2635.72	2583.16	2763.36	2672.68	2501.27	1637.66	2650.27	3015.00	2745.20	3083.46	2732.95	2059.42	1798.76	2669.15	2974.60	2909.02	2732.52	1838.15	2447.10
Fm_Lss10	2891.52	2408.50	2716.82	2403.32	1610.14	2545.98	2434.54	2656.16	2546.81	2352.04	1627.72	2541.19	2849.72	2508.56	2882.90	2551.25	2037.48	1913.79	2488.36	2696.29	2722.86	2563.58	1787.83	2363.87
Fm_Lss11	2637.12	2229.41	2466.23	2215.25	1522.04	2412.63	2259.07	2548.50	2380.58	2214.19	1565.75	2402.84	2691.18	2294.17	2730.12	2376.32	1976.18	1972.79	2276.09	2466.31	2528.79	2427.46	1771.05	2347.71
Fm_Lss12	2513.95	2177.94	2271.67	2117.82	1566.49	2332.32	2160.24	2452.25	2308.46	2150.55	1584.10	2352.03	2576.54	2211.49	2637.46	2294.12	1960.50	2129.14	2100.50	2290.55	2391.57	2356.22	1731.34	2322.23
Fm_Lss13	2382.66	2075.74	2085.05	2036.05	1541.79	2251.34	2023.65	2382.11	2217.96	2047.37	1648.50	2251.79	2495.37	2105.87	2539.63	2170.10	1934.94	2253.91	1971.08	2172.21	2288.70	2270.90	1744.23	2308.96
Fm_Lss14	2229.37	1938.87	1960.32	1917.09	1506.26	2130.63	1936.27	2291.23	2131.39	1968.85	1658.72	2140.57	2380.32	1994.49	2479.47	2098.96	1929.22	2328.54	1856.88	2042.25	2162.77	2211.72	1744.21	2239.18
Fm_Lss15	2115.32	1862.06	1840.02	1845.97	1502.62	2054.43	1874.44	2215.92	2131.13	1949.52	1763.72	2041.42	2348.12	1945.70	2409.43	2023.26	1918.07	2354.45	1767.86	1999.31	2086.66	2132.90	1764.00	2147.53
Ft_Lss1	2111.87	1794.34	1869.05	2039.70	1753.81	1811.34	2123.07	2400.49	2511.21	2258.03	1958.58	1800.36	2397.11	2277.60	2869.99	2395.19	2383.84	1801.78	1851.45	2200.80	2357.84	2496.91	2025.69	2145.89
Ft_Lss2	2213.26	1806.54	1937.45	2089.07	1701.60	2201.56	2181.17	2382.27	2548.09	2294.97	1838.50	2182.66	2436.18	2397.17	2953.49	2468.33	2194.29	1587.72	1933.84	2238.44	2336.74	2490.20	1930.71	2287.18
Ft_Lss3	2367.94	1874.88	1991.14	2125.68	1675.24	2414.03	2297.31	2417.91	2519.39	2302.40	1698.40	2402.57	2551.97	2527.64	2979.78	2520.34	2079.98	1496.90	2041.55	2280.62	2344.83	2463.06	1834.46	2445.09
Ft_Lss4	2406.01	1852.22	1995.31	2065.00	1578.75	2495.54	2291.07	2326.27	2388.97	2204.03	1587.46	2535.08	2579.54	2520.01	2837.33	2437.05	1948.05	1429.24	2117.69	2309.08	2271.47	2322.58	1745.28	2150.00
Ft_Lss5	2369.62	1839.34	2022.74	2019.34	1519.29	2599.17	2225.84	2227.41	2228.44	2109.01	1502.03	2617.95	2521.35	2421.11	2714.60	2345.53	1872.50	1422.90	2096.55	2271.55	2231.33	2228.72	1687.19	2174.06
Ft_Lss6	2298.81	1816.29	1991.14	1952.01	1446.63	2581.19	2106.50	2138.10	2154.52	2016.48	1442.74	2667.82	2476.41	2316.63	2577.90	2245.25	1804.98	1418.11	2052.10	2220.89	2150.51	2121.40	1626.84	2363.16
Ft_Lss7	2052.06	1645.54	1864.02	1776.40	1312.52	2487.21	1902.61	2009.90	1883.76	1879.46	1363.24	2485.00	2261.85	2045.83	2352.57	2055.35	1715.50	1392.30	1859.28	2080.17	2016.65	1981.85	1525.03	2257.02
Ft_Lss8	2155.17	1757.13	1965.38	1852.43	1381.63	2570.69	1912.86	2053.01	2036.14	1912.82	1380.90	2626.44	2351.36	2090.99	2369.66	2053.33	1768.40	1530.72	1888.71	2094.58	2071.93	2049.40	1566.54	2311.30
Ft_Lss9	2108.18	1750.00	1930.94	1806.39	1350.42	2488.49	1836.75	2030.83	1988.89	1831.40	1376.94	2562.24	2299.33	1978.75	2297.59	1977.88	1742.08	1621.09	1823.57	1999.69	2028.22	1984.93	1529.95	2274.18
Ft_Lss10	2059.79	1736.75	1862.35	1743.53	1358.20	2419.72	1776.26	2016.60	1934.88	1786.73	1367.52	2476.92	2246.40	1899.51	2228.88	1909.47	1751.98	1744.04	1751.28	1908.07	1964.57	1937.53	1542.16	2238.19
Ft_Lss11	1954.40	1665.85	1767.27	1678.78	1324.59	2296.08	1710.92	1968.56	1868.21	1724.99	1379.58	2355.88	2147.80	1797.19	2177.78	1859.04	1730.74	1882.94	1658.31	1806.28	1913.89	1907.43	1535.84	2218.47
Ft_Lss12	1923.40	1665.51	1704.37	1663.11	1333.75	2260.54	1686.09	1955.09	1857.36	1690.35	1410.75	2263.47	2118.79	1763.72	2158.84	1803.37	1749.73	2025.62	1599.09	1756.01	1877.41	1908.72	1554.74	2215.74
Ft_Lss13	1862.59	1621.89	1621.86	1600.27	1330.30	2154.35	1642.74	1935.06	1821.49	1658.49	1472.32	2155.58	2068.95	1710.92	2147.12	1788.01	1731.24	2153.21	1546.40	1702.46	1824.46	1873.27	1560.01	2184.42
Ft_Lss14	1821.26	1606.50	1551.53	1621.01	1342.31	2078.76	1614.90	1917.10	1813.11	1668.01	1558.93	2060.80	2079.25	1708.40	2120.37	1750.86	1749.40	2242.28	1491.94	1684.55	1792.26	1857.98	1605.09	2125.53
Ft_Lss15	1773.63	1572.57	1504.15	1566.45	1333.13	1986.74	1566.32	1867.93	1802.10	1632.56	1631.92	1972.93	2042.94	1688.19	2108.59	1750.53	1756.89	2271.28	1459.64	1643.66	1757.51	1848.07	1623.01	2076.44
Fo_Lss1	1856.96	1536.03	1617.92	1765.00	1502.13	1433.45	1826.74	2000.16	2133.85	1929.59	1644.59	1386.40	2011.92	1988.98	2496.23	2078.18	1973.42	1467.79	1596.90	1865.34	1962.37	2100.74	1732.63	1694.07
Fo_Lss2	1829.78	1492.30	1586.41	1704.57	1382.08	1404.50	1792.57	1945.52	2077.69	1870.84	1465.90	1349.39	1952.29	1959.03	2438.83	2027.89	1801.31	1261.76	1571.60	1821.27	1904.78	2027.47	1592.79	1604.39
Fo_Lss3	1813.90	1466.07	1568.69	1668.19	1311.76	1405.44	1775.24	1869.39	1999.82	1809.47	1334.67	1340.50	1909.40	1928.83	2350.89	1982.04	1670.52	1141.44	1555.39	1797.71	1849.47	1941.27	1486.13	1602.94
Fo_Lss4	1759.54	1412.53	1535.97	1600.02	1210.36	1391.88	1705.54	1767.98	1867.85	1712.65	1235.70	1350.81	1835.91	1849.97	2201.10	1886.47	1548.86	1084.17	1517.83	1757.85	1778.57	1817.92	1392.44	1445.78
Fo_Lss5	1701.99	1381.79	1517.60	1552.16	1178.14	1414.78	1632.13	1679.19	1760.79	1635.91	1173.16	1363.02	1770.00	1768.52	2090.37	1810.78	1476.33	1055.44	1475.78	1708.63	1713.84	1729.09	1323.73	1455.50
Fo_Lss6	1637.29	1329.53	1470.81	1487.34	1121.43	1399.44	1545.44	1608.23	1669.53	1559.22	1121.41	1355.18	1707.39	1680.22	1978.38	1706.33	1401.39	1046.81	1420.99	1651.77	1646.69	1646.89	1249.71	1503.01
Fo_Lss7	1512.12	1248.90	1401.96	1396.89	1015.71	1356.33	1433.24	1517.20	1529.81	1479.73	1043.80	1301.51	1596.96	1534.65	1827.20	1593.85	1311.71	1002.01	1323.43	1566.52	1551.23	1551.09	1167.89	1460.89
Fo_Lss8	1501.49	1245.64	1399.54	1384.02	1022.33	1368.25	1402.28	1509.31	1548.06	1447.86	1046.47	1326.64	1586.74	1490.77	1791.75	1554.49	1310.77	1047.17	1307.88	1537.43	1548.65	1543.25	1155.59	1460.79
Fo_Lss9	1468.61	1238.42	1377.24	1348.74	1012.82	1366.34	1359.53	1486.22	1500.88	1393.43	1042.87	1322.93	1554.70	1438.28	1731.40	1490.37	1292.84	1079.21	1256.11	1476.87	1508.28	1504.30	1136.10	1465.34
Fo_Lss10	1430.69	1217.59	1326.16	1302.10	998.58	1341.82	1317.21	1454.65	1460.35	1345.86	1038.83	1295.17	1509.56	1370.54	1666.31	1434.65	1284.15	1119.58	1214.58	1404.87	1456.64	1451.63	1116.68	1435.09
Fo_Lss11	1365.52	1170.08	1263.49	1244.84	963.97	1303.84	1264.09	1421.75	1404.13	1299.56	1013.24	1258.25	1463.87	1303.97	1614.10	1377.62	1259.53	1139.52	1161.70	1339.77	1399.19	1406.96	1110.11	1429.11
Fo_Lss12	1331.73	1155.74	1210.38	1213.47	981.61	1280.03	1232.54	1391.29	1378.73	1277.38	1020.89	1244.18	1429.28	1276.83	1581.25	1349.59	1253.14	1189.99	1114.16	1286.16	1356.14	1382.73	1094.37	1419.63
Fo_Lss13	1293.96	1126.31	1155.28	1186.18	971.86	1255.24	1186.83	1368.43	1345.92	1240.25	1047.26	1215.55	1403.95	1240.90	1545.56	1305.69	1242.65	1227.99	1076.66	1247.99	1322.44	1352.90	1099.51	1414.66
Fo_Lss14	1247.38	1084.77	1115.94	1144.79	957.62	1216.81	1156.23	1337.94	1313.55	1210.99	1051.38	1182.39	1366.78	1201.37	1523.07	1279.60	1240.29	1249.81	1041.67	1203.97	1279.39	1331.67	1099.50	1388.16
Fo_Lss15	1210.85	1060.29	1075.90	1119.05	956.15	1191.57	1133.90	1311.91	1313.45	1203.66	1092.60	1151.50	1356.10	1183.49	1496.35	1251.06	1235.67	1257.24	1013.05	1188.92	1252.37	1302.68	1107.33	1352.38
Fv_Lss1	3537.00	2546.70	2690.67	2893.23	2002.21	1463.91	3198.38	3291.09	3531.34	3060.73	2204.65	1531.48	3378.88	3832.85	4290.48	3599.72	2596.68	1751.50	3287.00	3258.50	3291.47	3541.90	2417.08	1465.42
Fv_Lss2	3341.08	2295.39	2505.71	2555.08	1531.80	1376.98	2982.20	2979.78	3208.17	2744.63	1528.89	1409.25	3030.70	3613.43	3939.71	3289.72	1940.79	1108.61	3083.12	2983.23	2955.64	3115.87	1835.94	1256.81
Fv_Lss3	3232.10	2157.10	2407.60	2371.34	1306.21	1379.74	2878.48	2595.62	2809.60	2449.63	1159.19	1381.24	2803.39	3406.05	3459.22	3031.46	1548.06	837.12	2959.99	2846.25	2666.35	2681.36	1483.76	1253.66
Fv_Lss4	2887.12	1900.32	2236.61	2061.71	1032.60	1340.54	2497.90	2159.00	2243.06	2046.26	933.52	1413.77	2453.09	2922.24	2772.49	2557.55	1246.66	728.42	2694.87	2629.16	2336.67	2161.73	1225.45	947.24
Fv_Lss5	2563.76	1766.77	2146.06	1868.21	956.62	1407.31	2151.85	1835.07	1864.92	1772.13	810.44	1453.21	2175.75	2496.92	2351.55	2234.85	1091.50	678.26	2428.21	2384.12	2070.70	1848.23	1061.39	964.27
Fv_Lss6	2244.05	1560.21	1931.53	1633.32	834.15	1362.27	1803.06	1608.93	1589.37	1532.08	718.61	1427.79	1940.19	2105.42	1986.62	1852.59	947.93	663.71	2121.67	2129.22	1825.21	1595.61	905.41	1050.98
Fv_Lss7	1732.52	1285.26	1653.28	1350.52	639.44	1242.37	1429.66	1355.22	1236.01	1314.01	596.14	1264.17	1581.13	1584.38	1573.83	1508.42	796.02	592.06	1669.22	1795.62	1521.92	1339.85	754.94	973.82
Fv_Lss8	1694.60	1275.12	1644.24	1314.06	650.47	1274.58	1339.69	1334.96	1277.99	1234.41	600.08	1338.56	1551.12	1452.21	1488.49	1402.09	794.54	664.32	1606.42	1693.54	1514.39	1320.59	734.12	973.65
Fv_Lss9	1582.10	1252.95	1563.02	1218.43	634.67	1269.38	1223.62	1277.14	1171.80	1107.84	594.78	1327.34	1460.30	1306.92	1352.06	1242.58	766.59	719.55	1413.05	1497.74	1400.75	1228.22	702.05	981.76
Fv_Lss10	1460.83	1190.90	1390.67	1101.22	611.56	1204.15	1117.32	1201.51	1086.46	1006.18	588.89	1246.01	1340.17	1138.02	1216.59	1116.60	753.33	794.21	1273.78	1291.42	1266.22	1111.94	671.15	928.78
Fv_Lss11	1271.61	1059.33	1202.74	970.41	558.07	1108.79	994.98	1126.75	976.45	914.62	552.51	1144.59	1227.31	990.20	1116.02	998.70	716.65	833.27	1114.39	1126.53	1129.59	1020.50	660.94	918.59
Fv_Lss12	1182.22	1022.19	1061.29	904.35	584.88	1052.30	927.70	1060.96	929.74	873.17	563.21	1107.85	1147.26	934.65	1056.21	944.53	707.36	939.15	986.34	1004.39	1035.43	973.49	636.96	902.60
Fv_Lss13	1088.70	949.42	929.76	849.87	569.93	996.10	836.82	1013.68	872.03	807.12	601.24	1036.24	1091.42	864.97	994.07	864.41	692.29	1025.92	894.42	924.22	966.27	918.00	644.72	894.29
Fv_Lss14	981.99	854.11	844.38	772.30	548.64	913.82	780.04	953.29	817.84	757.85	607.35	958.18	1013.54	793.12	956.40	819.36	688.94	1078.73	815.21	838.28	883.38	880.05	644.71	851.02
Fv_Lss15	904.47	801.77	764.12	726.93	546.47	862.87	740.55	904.01	817.68	745.87	671.12	889.92	992.02	762.21	913.08	772.20	682.40	1097.21	754.80	810.40	834.29	830.21	656.67	795.15
Fq_Lss1	3282.09	2288.38	2439.54	2618.53	1750.53	1086.02	2902.05	2890.76	3153.99	2732.28	1890.67	1117.52	2993.69	3544.23	3916.72	3282.72	2186.26	1417.51	3032.45	2923.03	2896.01	3145.73	2124.02	1013.60
Fq_Lss2	2957.60	1981.15	2154.67	2170.58	1212.28	579.91	2593.61	2543.03	2737.77	2320.50	1156.29	575.98	2546.82	3175.28	3425.05	2849.29	1547.80	782.66	2720.88	2566.05	2523.68	2653.14	1498.02	574.03
Fq_Lss3	2678.06	1748.29	1985.15	1913.85	942.73	371.15	2356.41	2047.11	2290.03	1956.70	795.46	319.17	2160.83	2807.23	2830.33	2493.16	1138.59	481.66	2473.83	2363.34	2170.99	2159.57	1135.43	411.51
Fq_Lss4	2240.65	1460.63	1777.27	1596.73	664.21	236.88	1912.37	1600.70	1721.94	1554.87	581.76	229.50	1709.46	2252.20	2136.25	2006.97	847.47	383.35	2095.01	2077.94	1843.76	1657.07	872.61	243.01
Fq_Lss5	1896.13	1309.21	1640.92	1401.04	615.47	222.92	1558.15	1286.85	1397.27	1299.03	481.57	198.29	1424.40	1844.33	1727.32	1700.10	695.34	310.81	1807.43	1821.20	1553.21	1348.59	697.93	245.71
Fq_Lss6	1582.54	1073.44	1411.19	1168.64	508.95	180.52	1242.01	1079.05	1104.38	1074.83	397.29	115.15	1171.16	1469.02	1387.11	1313.67	544.34	292.41	1490.56	1560.11	1321.39	1121.10	528.28	190.83
Fq_Lss7	1192.59	888.62	1191.22	971.01	342.62	111.49	960.30	862.52	882.06	914.29	276.70	80.68	916.24	1073.19	1048.47	1046.92	392.23	201.77	1133.37	1281.97	1056.50	909.08	397.80	177.69
Fq_Lss8	1040.92	763.63	1078.40	845.65	291.17	72.14	829.11	791.26	789.91	769.45	265.64	38.77	786.50	852.00	910.58	903.25	336.91	180.77	1025.59	1136.40	991.11	814.45	323.17	123.15
Fq_Lss9	942.54	741.37	1009.32	760.78	297.07	147.23	746.41	732.53	683.80	669.87	260.72	88.03	715.67	766.45	785.87	755.07	317.35	177.67	845.59	974.92	880.80	747.59	308.20	172.93
Fq_Lss10	831.74	671.74	854.48	659.79	251.94	126.25	658.28	639.56	611.93	565.31	260.19	64.27	603.33	609.05	654.02	641.78	285.50	169.75	737.08	788.22	758.30	626.04	245.67	125.68
Fq_Lss11	682.73	563.56	698.96	536.47	197.45	116.55	548.15	579.94	512.37	489.20	186.17	46.96	543.38	496.98	552.34	517.28	245.43	89.85	617.78	660.02	614.90	520.02	235.21	129.24
Fq_Lss12	590.55	512.43	567.30	454.71	232.74	71.78	474.14	497.16	451.11	460.20	173.35	88.56	457.76	447.76	478.62	490.75	210.77	103.53	501.41	534.54	514.16	447.50	176.60	106.49
Fq_Lss13	520.07	453.85	463.19	435.78	211.50	96.99	380.91	447.04	396.47	388.89	176.17	96.21	426.42	394.95	392.51	382.10	203.71	100.70	424.68	469.75	464.25	397.63	184.21	124.54
Fq_Lss14	408.11	332.37	408.79	296.09	163.95	51.87	321.38	374.13	318.28	300.84	99.79	79.76	301.07	286.08	359.10	348.10	179.83	86.26	364.94	357.71	370.52	353.74	139.12	113.65
Fq_Lss15	341.69	289.49	335.87	279.52	169.49	67.69	308.12	347.99	329.03	316.97	131.80	68.48	305.18	257.51	300.84	272.74	161.19	83.17	308.22	355.65	329.15	284.83	140.99	71.09
QY_max	0.66	0.64	0.64	0.64	0.60	0.51	0.65	0.64	0.63	0.63	0.61	0.55	0.64	0.66	0.64	0.65	0.60	0.60	0.68	0.65	0.65	0.65	0.62	0.49
Fv/Fm_Lss1	0.66	0.62	0.62	0.62	0.57	0.51	0.64	0.62	0.62	0.61	0.57	0.52	0.63	0.66	0.63	0.63	0.57	0.54	0.67	0.64	0.63	0.63	0.58	0.46
Fv/Fm_Lss2	0.65	0.61	0.61	0.60	0.53	0.50	0.62	0.60	0.61	0.59	0.51	0.51	0.61	0.65	0.62	0.62	0.52	0.47	0.66	0.62	0.61	0.61	0.54	0.44
Fv/Fm_Lss3	0.64	0.60	0.61	0.59	0.50	0.50	0.62	0.58	0.58	0.58	0.46	0.51	0.59	0.64	0.60	0.60	0.48	0.42	0.66	0.61	0.59	0.58	0.50	0.44
Fv/Fm_Lss4	0.62	0.57	0.59	0.56	0.46	0.49	0.59	0.55	0.55	0.54	0.43	0.51	0.57	0.61	0.56	0.58	0.45	0.40	0.64	0.60	0.57	0.54	0.47	0.40
Fv/Fm_Lss5	0.60	0.56	0.59	0.55	0.45	0.50	0.57	0.52	0.51	0.52	0.41	0.52	0.55	0.59	0.53	0.55	0.43	0.39	0.62	0.58	0.55	0.52	0.45	0.40
Fv/Fm_Lss6	0.58	0.54	0.57	0.52	0.43	0.49	0.54	0.50	0.49	0.50	0.39	0.51	0.53	0.56	0.50	0.52	0.40	0.39	0.60	0.56	0.53	0.49	0.42	0.41
Fv/Fm_Lss7	0.53	0.51	0.54	0.49	0.39	0.48	0.50	0.47	0.45	0.47	0.36	0.49	0.50	0.51	0.46	0.49	0.38	0.37	0.56	0.53	0.50	0.46	0.39	0.40
Fv/Fm_Lss8	0.53	0.51	0.54	0.49	0.39	0.48	0.49	0.47	0.45	0.46	0.36	0.50	0.49	0.49	0.45	0.47	0.38	0.39	0.55	0.52	0.49	0.46	0.39	0.40
Fv/Fm_Lss9	0.52	0.50	0.53	0.47	0.39	0.48	0.47	0.46	0.44	0.44	0.36	0.50	0.48	0.48	0.44	0.45	0.37	0.40	0.53	0.50	0.48	0.45	0.38	0.40
Fv/Fm_Lss10	0.51	0.49	0.51	0.46	0.38	0.47	0.46	0.45	0.43	0.43	0.36	0.49	0.47	0.45	0.42	0.44	0.37	0.41	0.51	0.48	0.47	0.43	0.38	0.39
Fv/Fm_Lss11	0.48	0.48	0.49	0.44	0.37	0.46	0.44	0.44	0.41	0.41	0.35	0.48	0.46	0.43	0.41	0.42	0.36	0.42	0.49	0.46	0.45	0.42	0.37	0.39
Fv/Fm_Lss12	0.47	0.47	0.47	0.43	0.37	0.45	0.43	0.43	0.40	0.41	0.36	0.47	0.45	0.42	0.40	0.41	0.36	0.44	0.47	0.44	0.43	0.41	0.37	0.39
Fv/Fm_Lss13	0.46	0.46	0.45	0.42	0.37	0.44	0.41	0.43	0.39	0.39	0.36	0.46	0.44	0.41	0.39	0.40	0.36	0.46	0.45	0.43	0.42	0.40	0.37	0.39
Fv/Fm_Lss14	0.44	0.44	0.43	0.40	0.36	0.43	0.40	0.42	0.38	0.38	0.37	0.45	0.43	0.40	0.39	0.39	0.36	0.46	0.44	0.41	0.41	0.40	0.37	0.38
Fv/Fm_Lss15	0.43	0.43	0.42	0.39	0.36	0.42	0.40	0.41	0.38	0.38	0.38	0.44	0.42	0.39	0.38	0.38	0.36	0.47	0.43	0.41	0.40	0.39	0.37	0.37
QY_Lss1	0.61	0.56	0.57	0.56	0.50	0.37	0.58	0.55	0.56	0.55	0.49	0.38	0.56	0.61	0.58	0.58	0.48	0.44	0.62	0.57	0.55	0.56	0.51	0.32
QY_Lss2	0.57	0.52	0.53	0.51	0.42	0.21	0.54	0.52	0.52	0.50	0.39	0.21	0.51	0.57	0.54	0.54	0.41	0.33	0.58	0.53	0.52	0.52	0.44	0.20
QY_Lss3	0.53	0.48	0.50	0.47	0.36	0.13	0.51	0.46	0.48	0.46	0.32	0.12	0.46	0.53	0.49	0.50	0.35	0.24	0.55	0.51	0.48	0.47	0.38	0.14
QY_Lss4	0.48	0.44	0.47	0.44	0.30	0.09	0.45	0.41	0.42	0.41	0.27	0.08	0.40	0.47	0.43	0.45	0.30	0.21	0.50	0.47	0.45	0.42	0.33	0.10
QY_Lss5	0.44	0.42	0.45	0.41	0.29	0.08	0.41	0.37	0.39	0.38	0.24	0.07	0.36	0.43	0.39	0.42	0.27	0.18	0.46	0.44	0.41	0.38	0.29	0.10
QY_Lss6	0.41	0.37	0.41	0.37	0.26	0.07	0.37	0.34	0.34	0.35	0.22	0.04	0.32	0.39	0.35	0.37	0.23	0.17	0.42	0.41	0.38	0.35	0.25	0.07
QY_Lss7	0.37	0.35	0.39	0.35	0.21	0.04	0.34	0.30	0.32	0.33	0.17	0.03	0.29	0.34	0.31	0.34	0.19	0.13	0.38	0.38	0.34	0.31	0.21	0.07
QY_Lss8	0.33	0.30	0.35	0.31	0.17	0.03	0.30	0.28	0.28	0.29	0.16	0.01	0.25	0.29	0.28	0.31	0.16	0.11	0.35	0.35	0.32	0.28	0.17	0.05
QY_Lss9	0.31	0.30	0.34	0.30	0.18	0.06	0.29	0.27	0.26	0.27	0.16	0.03	0.24	0.28	0.25	0.28	0.15	0.10	0.32	0.33	0.30	0.27	0.17	0.07
QY_Lss10	0.29	0.28	0.31	0.27	0.16	0.05	0.27	0.24	0.24	0.24	0.16	0.03	0.21	0.24	0.23	0.25	0.14	0.09	0.30	0.29	0.28	0.24	0.14	0.05
QY_Lss11	0.26	0.25	0.28	0.24	0.13	0.05	0.24	0.23	0.22	0.22	0.12	0.02	0.20	0.22	0.20	0.22	0.12	0.05	0.27	0.27	0.24	0.21	0.13	0.06
QY_Lss12	0.23	0.24	0.25	0.21	0.15	0.03	0.22	0.20	0.20	0.21	0.11	0.04	0.18	0.20	0.18	0.21	0.11	0.05	0.24	0.23	0.21	0.19	0.10	0.05
QY_Lss13	0.22	0.22	0.22	0.21	0.14	0.04	0.19	0.19	0.18	0.19	0.11	0.04	0.17	0.19	0.15	0.18	0.11	0.04	0.22	0.22	0.20	0.18	0.11	0.05
QY_Lss14	0.18	0.17	0.21	0.15	0.11	0.02	0.17	0.16	0.15	0.15	0.06	0.04	0.13	0.14	0.14	0.17	0.09	0.04	0.20	0.18	0.17	0.16	0.08	0.05
QY_Lss15	0.16	0.16	0.18	0.15	0.11	0.03	0.16	0.16	0.15	0.16	0.07	0.03	0.13	0.13	0.12	0.13	0.08	0.04	0.17	0.18	0.16	0.13	0.08	0.03
NPQ_Lss1	0.01	0.05	0.06	0.07	0.15	0.03	0.04	0.08	0.05	0.09	0.18	0.10	0.04	0.02	0.03	0.07	0.16	0.26	0.02	0.05	0.09	0.09	0.17	0.09
NPQ_Lss2	0.06	0.13	0.11	0.17	0.38	0.08	0.10	0.16	0.12	0.18	0.52	0.16	0.13	0.07	0.10	0.14	0.41	0.71	0.08	0.12	0.18	0.20	0.42	0.21
NPQ_Lss3	0.08	0.18	0.15	0.24	0.53	0.07	0.13	0.28	0.23	0.28	0.82	0.18	0.19	0.11	0.21	0.21	0.64	1.05	0.11	0.16	0.27	0.33	0.63	0.21
NPQ_Lss4	0.18	0.29	0.21	0.37	0.79	0.09	0.25	0.46	0.44	0.45	1.09	0.16	0.31	0.24	0.41	0.36	0.89	1.24	0.19	0.23	0.39	0.55	0.85	0.45
NPQ_Lss5	0.28	0.36	0.24	0.46	0.88	0.06	0.39	0.63	0.63	0.59	1.29	0.14	0.43	0.39	0.58	0.50	1.06	1.34	0.28	0.32	0.51	0.72	1.04	0.43
NPQ_Lss6	0.41	0.48	0.34	0.60	1.05	0.08	0.57	0.78	0.82	0.76	1.47	0.15	0.54	0.57	0.77	0.70	1.25	1.37	0.41	0.42	0.65	0.90	1.25	0.35
NPQ_Lss7	0.68	0.69	0.49	0.82	1.42	0.15	0.83	0.99	1.14	0.94	1.77	0.25	0.77	0.90	1.06	0.95	1.51	1.54	0.67	0.60	0.86	1.13	1.52	0.42
NPQ_Lss8	0.71	0.70	0.50	0.85	1.40	0.13	0.91	1.01	1.10	1.03	1.76	0.21	0.79	1.02	1.14	1.05	1.51	1.37	0.72	0.67	0.87	1.15	1.57	0.42
NPQ_Lss9	0.79	0.72	0.55	0.95	1.44	0.14	1.03	1.07	1.22	1.17	1.77	0.21	0.87	1.16	1.28	1.22	1.56	1.25	0.87	0.81	0.96	1.25	1.64	0.41
NPQ_Lss10	0.89	0.78	0.68	1.08	1.49	0.18	1.15	1.15	1.32	1.31	1.79	0.26	0.98	1.37	1.43	1.37	1.59	1.12	1.01	1.00	1.10	1.40	1.72	0.46
NPQ_Lss11	1.07	0.92	0.85	1.26	1.64	0.24	1.32	1.24	1.49	1.45	1.90	0.34	1.09	1.59	1.57	1.55	1.67	1.05	1.20	1.18	1.26	1.54	1.74	0.47
NPQ_Lss12	1.17	0.97	1.01	1.36	1.56	0.28	1.43	1.33	1.56	1.53	1.87	0.37	1.19	1.69	1.66	1.64	1.69	0.90	1.38	1.35	1.39	1.61	1.80	0.49
NPQ_Lss13	1.29	1.07	1.19	1.46	1.60	0.33	1.59	1.40	1.67	1.65	1.75	0.43	1.26	1.82	1.76	1.79	1.73	0.80	1.54	1.48	1.50	1.71	1.78	0.50
NPQ_Lss14	1.45	1.21	1.33	1.61	1.66	0.40	1.71	1.50	1.78	1.76	1.74	0.50	1.37	1.98	1.83	1.89	1.74	0.74	1.70	1.64	1.64	1.78	1.78	0.54
NPQ_Lss15	1.58	1.30	1.48	1.71	1.67	0.46	1.80	1.58	1.78	1.79	1.57	0.57	1.40	2.05	1.91	1.99	1.75	0.72	1.83	1.69	1.74	1.89	1.75	0.61
qN_Lss1	0.02	0.07	0.09	0.11	0.20	0.06	0.06	0.11	0.07	0.13	0.24	0.16	0.07	0.03	0.05	0.10	0.22	0.32	0.04	0.07	0.12	0.13	0.23	0.17
qN_Lss2	0.08	0.18	0.16	0.22	0.42	0.13	0.14	0.21	0.17	0.23	0.50	0.24	0.18	0.09	0.14	0.18	0.44	0.60	0.10	0.16	0.22	0.25	0.44	0.32
qN_Lss3	0.11	0.24	0.20	0.29	0.52	0.13	0.17	0.33	0.28	0.32	0.64	0.26	0.25	0.15	0.26	0.26	0.57	0.71	0.14	0.21	0.31	0.36	0.56	0.32
qN_Lss4	0.22	0.34	0.26	0.39	0.63	0.16	0.29	0.45	0.45	0.45	0.72	0.24	0.35	0.29	0.42	0.39	0.67	0.75	0.23	0.28	0.41	0.50	0.65	0.53
qN_Lss5	0.32	0.39	0.29	0.46	0.66	0.11	0.40	0.55	0.55	0.53	0.76	0.21	0.44	0.40	0.52	0.47	0.71	0.77	0.31	0.35	0.48	0.58	0.70	0.52
qN_Lss6	0.41	0.47	0.37	0.53	0.71	0.14	0.51	0.61	0.63	0.60	0.79	0.23	0.51	0.51	0.61	0.57	0.76	0.78	0.41	0.43	0.55	0.65	0.75	0.46
qN_Lss7	0.56	0.58	0.48	0.63	0.79	0.24	0.62	0.68	0.72	0.67	0.83	0.34	0.61	0.64	0.70	0.66	0.80	0.81	0.55	0.53	0.63	0.71	0.80	0.51
qN_Lss8	0.57	0.58	0.48	0.64	0.78	0.22	0.65	0.68	0.71	0.69	0.83	0.29	0.62	0.67	0.72	0.69	0.80	0.78	0.57	0.56	0.64	0.71	0.80	0.51
qN_Lss9	0.60	0.59	0.51	0.67	0.79	0.22	0.68	0.70	0.73	0.73	0.83	0.30	0.64	0.71	0.74	0.73	0.81	0.76	0.62	0.62	0.67	0.74	0.81	0.51
qN_Lss10	0.64	0.61	0.57	0.70	0.80	0.27	0.72	0.72	0.76	0.75	0.83	0.35	0.67	0.75	0.77	0.76	0.81	0.73	0.66	0.68	0.70	0.76	0.82	0.54
qN_Lss11	0.69	0.66	0.64	0.74	0.82	0.34	0.75	0.74	0.78	0.78	0.84	0.41	0.71	0.79	0.79	0.79	0.82	0.71	0.71	0.72	0.74	0.79	0.82	0.55
qN_Lss12	0.71	0.67	0.68	0.76	0.81	0.39	0.77	0.75	0.80	0.79	0.84	0.44	0.73	0.80	0.81	0.80	0.82	0.67	0.75	0.75	0.76	0.80	0.83	0.56
qN_Lss13	0.74	0.70	0.73	0.78	0.81	0.43	0.79	0.77	0.81	0.81	0.83	0.48	0.74	0.82	0.82	0.82	0.83	0.64	0.77	0.78	0.78	0.81	0.83	0.56
qN_Lss14	0.77	0.73	0.75	0.80	0.82	0.49	0.81	0.78	0.82	0.82	0.83	0.53	0.76	0.83	0.83	0.83	0.83	0.62	0.79	0.80	0.80	0.82	0.83	0.59
qN_Lss15	0.79	0.75	0.78	0.81	0.82	0.52	0.82	0.79	0.82	0.82	0.81	0.57	0.77	0.84	0.83	0.84	0.83	0.61	0.81	0.81	0.81	0.83	0.82	0.62
qP_Lss1	0.93	0.90	0.91	0.91	0.87	0.74	0.91	0.88	0.89	0.89	0.86	0.73	0.89	0.92	0.91	0.91	0.84	0.81	0.92	0.90	0.88	0.89	0.88	0.69
qP_Lss2	0.89	0.86	0.86	0.85	0.79	0.42	0.87	0.85	0.85	0.85	0.76	0.41	0.84	0.88	0.87	0.87	0.80	0.71	0.88	0.86	0.85	0.85	0.82	0.46
qP_Lss3	0.83	0.81	0.82	0.81	0.72	0.27	0.82	0.79	0.82	0.80	0.69	0.23	0.77	0.82	0.82	0.82	0.74	0.58	0.84	0.83	0.81	0.81	0.77	0.33
qP_Lss4	0.78	0.77	0.79	0.77	0.64	0.18	0.77	0.74	0.77	0.76	0.62	0.16	0.70	0.77	0.77	0.78	0.68	0.53	0.78	0.79	0.79	0.77	0.71	0.26
qP_Lss5	0.74	0.74	0.76	0.75	0.64	0.16	0.72	0.70	0.75	0.73	0.59	0.14	0.65	0.74	0.73	0.76	0.64	0.46	0.74	0.76	0.75	0.73	0.66	0.25
qP_Lss6	0.71	0.69	0.73	0.72	0.61	0.13	0.69	0.67	0.69	0.70	0.55	0.08	0.60	0.70	0.70	0.71	0.57	0.44	0.70	0.73	0.72	0.70	0.58	0.18
qP_Lss7	0.69	0.69	0.72	0.72	0.54	0.09	0.67	0.64	0.71	0.70	0.46	0.06	0.58	0.68	0.67	0.69	0.49	0.34	0.68	0.71	0.69	0.68	0.53	0.18
qP_Lss8	0.61	0.60	0.66	0.64	0.45	0.06	0.62	0.59	0.62	0.62	0.44	0.03	0.51	0.59	0.61	0.64	0.42	0.27	0.64	0.67	0.65	0.62	0.44	0.13
qP_Lss9	0.60	0.59	0.65	0.62	0.47	0.12	0.61	0.57	0.58	0.60	0.44	0.07	0.49	0.59	0.58	0.61	0.41	0.25	0.60	0.65	0.63	0.61	0.44	0.18
qP_Lss10	0.57	0.56	0.61	0.60	0.41	0.10	0.59	0.53	0.56	0.56	0.44	0.05	0.45	0.54	0.54	0.57	0.38	0.21	0.58	0.61	0.60	0.56	0.37	0.14
qP_Lss11	0.54	0.53	0.58	0.55	0.35	0.11	0.55	0.51	0.52	0.53	0.34	0.04	0.44	0.50	0.49	0.52	0.34	0.11	0.55	0.59	0.54	0.51	0.36	0.14
qP_Lss12	0.50	0.50	0.53	0.50	0.40	0.07	0.51	0.47	0.49	0.53	0.31	0.08	0.40	0.48	0.45	0.52	0.30	0.11	0.51	0.53	0.50	0.46	0.28	0.12
qP_Lss13	0.48	0.48	0.50	0.51	0.37	0.10	0.46	0.44	0.45	0.48	0.29	0.09	0.39	0.46	0.39	0.44	0.29	0.10	0.47	0.51	0.48	0.43	0.29	0.14
qP_Lss14	0.42	0.39	0.48	0.38	0.30	0.06	0.41	0.39	0.39	0.40	0.16	0.08	0.30	0.36	0.38	0.42	0.26	0.08	0.45	0.43	0.42	0.40	0.22	0.13
qP_Lss15	0.38	0.36	0.44	0.38	0.31	0.08	0.42	0.38	0.40	0.42	0.20	0.08	0.31	0.34	0.33	0.35	0.24	0.08	0.41	0.44	0.39	0.34	0.21	0.09
qL_Lss1	1.06	1.05	1.05	1.05	1.02	0.94	1.05	1.05	1.05	1.04	1.02	0.95	1.06	1.06	1.05	1.05	1.02	0.99	1.07	1.06	1.06	1.06	1.03	0.88
qL_Lss2	1.07	1.04	1.05	1.04	0.97	0.66	1.06	1.05	1.05	1.04	0.95	0.66	1.05	1.08	1.05	1.05	0.97	0.89	1.09	1.06	1.05	1.05	0.99	0.65
qL_Lss3	1.08	1.04	1.05	1.03	0.92	0.46	1.06	1.02	1.03	1.02	0.87	0.41	1.03	1.08	1.04	1.05	0.92	0.75	1.10	1.05	1.03	1.02	0.94	0.50
qL_Lss4	1.06	1.01	1.03	1.00	0.84	0.32	1.03	0.98	0.98	0.98	0.80	0.30	0.98	1.05	0.99	1.01	0.85	0.69	1.08	1.04	1.01	0.98	0.89	0.38
qL_Lss5	1.03	0.99	1.02	0.98	0.83	0.29	0.99	0.93	0.95	0.95	0.76	0.26	0.93	1.01	0.95	0.99	0.81	0.62	1.06	1.02	0.98	0.94	0.84	0.38
qL_Lss6	0.99	0.94	0.99	0.94	0.79	0.24	0.94	0.89	0.90	0.91	0.71	0.16	0.88	0.96	0.91	0.93	0.74	0.60	1.01	0.99	0.95	0.91	0.76	0.29
qL_Lss7	0.93	0.91	0.96	0.91	0.69	0.16	0.89	0.84	0.88	0.88	0.61	0.12	0.82	0.90	0.86	0.90	0.64	0.47	0.95	0.95	0.90	0.87	0.69	0.28
qL_Lss8	0.88	0.84	0.92	0.86	0.60	0.11	0.84	0.81	0.81	0.82	0.58	0.06	0.75	0.82	0.81	0.85	0.57	0.40	0.92	0.91	0.88	0.82	0.60	0.20
qL_Lss9	0.86	0.84	0.91	0.84	0.62	0.21	0.82	0.78	0.77	0.79	0.58	0.13	0.72	0.81	0.77	0.81	0.56	0.37	0.87	0.88	0.85	0.80	0.59	0.27
qL_Lss10	0.82	0.80	0.86	0.80	0.56	0.19	0.79	0.74	0.75	0.75	0.58	0.10	0.67	0.74	0.72	0.76	0.52	0.33	0.83	0.83	0.81	0.75	0.51	0.21
qL_Lss11	0.77	0.76	0.81	0.75	0.49	0.19	0.75	0.71	0.70	0.71	0.46	0.08	0.65	0.69	0.67	0.70	0.47	0.18	0.79	0.79	0.74	0.69	0.49	0.22
qL_Lss12	0.72	0.72	0.75	0.69	0.54	0.12	0.70	0.66	0.65	0.70	0.43	0.15	0.59	0.66	0.62	0.69	0.42	0.19	0.73	0.73	0.69	0.63	0.39	0.18
qL_Lss13	0.69	0.69	0.70	0.69	0.51	0.17	0.63	0.62	0.62	0.64	0.41	0.16	0.58	0.63	0.55	0.61	0.41	0.17	0.68	0.69	0.66	0.60	0.41	0.22
qL_Lss14	0.61	0.58	0.67	0.54	0.42	0.10	0.58	0.56	0.54	0.55	0.24	0.15	0.45	0.51	0.52	0.58	0.37	0.14	0.64	0.60	0.59	0.56	0.32	0.20
qL_Lss15	0.55	0.54	0.61	0.54	0.43	0.13	0.57	0.55	0.55	0.58	0.29	0.13	0.46	0.48	0.46	0.49	0.34	0.14	0.59	0.61	0.55	0.49	0.31	0.14
PAR1	59.15	59.15	59.15	59.15	59.15	59.15	59.15	59.15	59.15	59.15	59.15	59.15	59.15	59.15	59.15	59.15	59.15	59.15	59.15	59.15	59.15	59.15	59.15	59.15
PAR2	179.76	179.76	179.76	179.76	179.76	179.76	179.76	179.76	179.76	179.76	179.76	179.76	179.76	179.76	179.76	179.76	179.76	179.76	179.76	179.76	179.76	179.76	179.76	179.76
PAR3	300.37	300.37	300.37	300.37	300.37	300.37	300.37	300.37	300.37	300.37	300.37	300.37	300.37	300.37	300.37	300.37	300.37	300.37	300.37	300.37	300.37	300.37	300.37	300.37
PAR4	420.98	420.98	420.98	420.98	420.98	420.98	420.98	420.98	420.98	420.98	420.98	420.98	420.98	420.98	420.98	420.98	420.98	420.98	420.98	420.98	420.98	420.98	420.98	420.98
PAR5	541.59	541.59	541.59	541.59	541.59	541.59	541.59	541.59	541.59	541.59	541.59	541.59	541.59	541.59	541.59	541.59	541.59	541.59	541.59	541.59	541.59	541.59	541.59	541.59
PAR6	662.20	662.20	662.20	662.20	662.20	662.20	662.20	662.20	662.20	662.20	662.20	662.20	662.20	662.20	662.20	662.20	662.20	662.20	662.20	662.20	662.20	662.20	662.20	662.20
PAR7	782.81	782.81	782.81	782.81	782.81	782.81	782.81	782.81	782.81	782.81	782.81	782.81	782.81	782.81	782.81	782.81	782.81	782.81	782.81	782.81	782.81	782.81	782.81	782.81
PAR8	903.42	903.42	903.42	903.42	903.42	903.42	903.42	903.42	903.42	903.42	903.42	903.42	903.42	903.42	903.42	903.42	903.42	903.42	903.42	903.42	903.42	903.42	903.42	903.42
PAR9	1024.03	1024.03	1024.03	1024.03	1024.03	1024.03	1024.03	1024.03	1024.03	1024.03	1024.03	1024.03	1024.03	1024.03	1024.03	1024.03	1024.03	1024.03	1024.03	1024.03	1024.03	1024.03	1024.03	1024.03
PAR10	1144.64	1144.64	1144.64	1144.64	1144.64	1144.64	1144.64	1144.64	1144.64	1144.64	1144.64	1144.64	1144.64	1144.64	1144.64	1144.64	1144.64	1144.64	1144.64	1144.64	1144.64	1144.64	1144.64	1144.64
PAR11	1265.25	1265.25	1265.25	1265.25	1265.25	1265.25	1265.25	1265.25	1265.25	1265.25	1265.25	1265.25	1265.25	1265.25	1265.25	1265.25	1265.25	1265.25	1265.25	1265.25	1265.25	1265.25	1265.25	1265.25
PAR12	1385.86	1385.86	1385.86	1385.86	1385.86	1385.86	1385.86	1385.86	1385.86	1385.86	1385.86	1385.86	1385.86	1385.86	1385.86	1385.86	1385.86	1385.86	1385.86	1385.86	1385.86	1385.86	1385.86	1385.86
PAR13	1506.47	1506.47	1506.47	1506.47	1506.47	1506.47	1506.47	1506.47	1506.47	1506.47	1506.47	1506.47	1506.47	1506.47	1506.47	1506.47	1506.47	1506.47	1506.47	1506.47	1506.47	1506.47	1506.47	1506.47
PAR14	1627.08	1627.08	1627.08	1627.08	1627.08	1627.08	1627.08	1627.08	1627.08	1627.08	1627.08	1627.08	1627.08	1627.08	1627.08	1627.08	1627.08	1627.08	1627.08	1627.08	1627.08	1627.08	1627.08	1627.08
PAR15	1747.69	1747.69	1747.69	1747.69	1747.69	1747.69	1747.69	1747.69	1747.69	1747.69	1747.69	1747.69	1747.69	1747.69	1747.69	1747.69	1747.69	1747.69	1747.69	1747.69	1747.69	1747.69	1747.69	1747.69
ETR1	14.3958	13.2608	13.3957	13.2993	11.8183	8.8680	13.6632	12.9255	13.1716	12.9536	11.6207	9.0611	13.1385	14.4031	13.6539	13.6785	11.3180	10.4174	14.6899	13.4968	13.0411	13.1896	12.1097	7.5900
ETR2	41.1266	37.6088	37.8598	36.6393	29.9142	14.9911	39.0568	37.1249	37.2415	36.1503	27.7617	15.0127	36.7496	40.9715	38.6092	38.5270	29.7404	23.7411	42.0302	38.4029	37.3342	37.0903	31.4145	14.4254
ETR3	63.7654	57.9745	59.9829	56.9232	43.2647	16.0107	60.8363	55.0845	57.2084	55.1975	38.3230	14.0890	55.0876	63.2217	58.5282	59.7478	42.5028	29.2485	65.8245	61.1435	57.7608	56.1293	45.9338	17.3080
ETR4	81.1991	74.2433	79.3293	73.4284	49.8657	14.5979	76.6101	68.6389	70.5339	69.6549	45.1606	13.9787	67.1153	79.4703	72.3273	76.0471	51.0483	35.6137	83.7422	79.7594	75.4448	70.1157	56.1290	17.1000
ETR5	96.2944	90.0798	97.0288	88.7369	62.4573	17.1125	89.2046	79.3273	83.4865	82.5741	52.5936	15.2532	78.2040	93.6706	84.2424	91.0365	58.6621	38.8367	100.2957	96.3987	88.9088	81.6680	63.3912	21.9973
ETR6	107.9988	98.3937	109.8644	99.1935	68.9356	17.3142	98.2472	88.8415	89.7624	92.0967	57.1913	10.9595	85.0473	102.7862	92.6645	97.7723	61.3727	45.2800	111.4464	109.2937	100.8114	91.5822	64.9294	19.7913
ETR7	115.0899	109.7989	122.0847	110.6659	64.8184	13.4342	105.0302	94.0233	99.8599	102.4732	52.8321	9.8460	90.2726	107.7393	96.5292	105.6691	58.2691	39.6327	118.5856	119.3929	107.6465	98.4642	64.7792	22.8517
ETR8	117.6919	109.4716	128.0309	113.2621	62.9010	9.8647	109.2692	100.5308	101.0053	103.6636	58.3006	5.2561	90.5758	104.6161	100.3140	110.3998	57.8291	38.1689	127.1711	127.0997	116.9278	102.7688	61.7998	18.2796
ETR9	126.5520	121.8902	140.6093	121.3875	73.8600	22.8809	118.3575	108.5822	104.7977	109.6988	65.2101	13.6047	97.2289	114.3617	104.3958	113.1683	63.1187	40.4582	129.7643	134.2486	124.0229	112.0654	68.6793	28.9454
ETR10	131.7003	127.6984	144.0016	125.6961	71.6405	22.7050	123.7997	110.2434	110.0107	110.0452	73.1892	11.5795	96.9345	111.1627	103.8704	115.1751	64.1570	40.6112	135.6213	133.8465	127.5091	111.8113	62.9143	24.3427
ETR11	131.0242	127.9332	143.4343	122.5633	65.6559	24.4483	122.8025	115.1689	108.9268	111.8170	60.1763	9.8912	102.1871	109.6349	102.3907	110.1684	62.8556	23.0499	137.3670	135.4402	123.0622	108.4193	67.2136	27.8600
ETR12	130.2195	130.4261	138.4355	119.0221	82.3622	17.0615	121.6710	112.3858	108.3261	118.6256	60.6640	20.8729	98.4862	112.2389	100.5960	118.5837	59.5953	26.9540	132.3266	129.3645	119.1775	105.2817	56.5440	25.4199
ETR13	131.5275	131.7517	133.8633	128.9732	82.6603	25.9596	113.4257	113.0855	107.7147	114.4580	64.3973	25.7469	102.9717	113.0142	93.1318	106.0990	63.4389	26.9214	129.8316	130.3117	122.2304	105.5128	63.6414	32.5013
ETR14	119.1428	111.5697	135.7190	100.5186	70.8401	15.8444	108.0226	106.2724	97.1893	99.4467	39.1556	24.2511	82.3193	93.3536	94.2599	107.9356	60.6647	24.1107	127.9093	113.9948	111.4971	104.0934	51.9106	33.0326
ETR15	112.9216	108.6834	127.6057	105.8569	78.8512	23.0342	114.9144	109.7828	107.9306	113.6607	52.2422	23.4523	90.8585	92.5229	87.2853	94.2363	58.7478	24.6957	121.8801	124.3558	110.2724	93.3549	55.8735	23.1413
