FluorCam7 Numeric Avg Export File
-----------------------------------
	Area 1	Area 2	Area 3	Area 4	Area 5	Area 6	Area 7	Area 8	Area 9	Area 10	Area 11	Area 12	Area 13	Area 14	Area 15	Area 16	Area 17	Area 18	Area 19	Area 20	Area 21	Area 22	Area 23	Area 24
Size [pixels]	3830	4661	4371	3524	4133	4190	3574	4146	5321	5713	4873	3395	4253	5089	6004	7351	3312	4021	3244	3932	3405	5167	3382	3991
Fo	1416.03	1880.18	2088.34	1786.17	1788.80	1453.96	1618.06	2123.32	2378.13	2034.82	2120.20	1692.45	1646.24	2217.97	2160.01	1516.48	1139.91	1519.28	1649.28	1401.21	1683.56	1465.61	1397.46	1624.76
Fm	4165.61	5935.64	6055.36	5379.63	5320.64	4388.53	4909.56	6276.94	7151.18	6141.89	6084.13	5085.70	5399.58	7473.41	7179.72	4953.85	3713.50	5025.60	5463.46	4604.10	5340.35	4865.26	4552.53	5395.90
Fv	2749.58	4055.46	3967.02	3593.46	3531.84	2934.57	3291.51	4153.62	4773.04	4107.06	3963.94	3393.25	3753.34	5255.44	5019.71	3437.37	2573.59	3506.32	3814.19	3202.89	3656.79	3399.65	3155.07	3771.15
Fm_Lss1	4175.34	5899.27	6021.40	5351.61	5307.21	4361.68	4889.89	6264.17	7110.38	6140.02	6080.37	5068.91	5328.30	7395.59	7087.23	4907.27	3682.52	4996.56	5347.18	4551.25	5248.73	4788.33	4491.79	5305.18
Ft_Lss1	1544.70	2030.66	2239.73	1945.71	1921.17	1560.53	1758.21	2280.16	2560.01	2176.59	2278.75	1808.23	1761.75	2387.23	2304.21	1627.39	1203.38	1613.24	1762.96	1498.12	1809.13	1548.52	1488.62	1739.10
Fo_Lss1	1417.15	1876.52	2084.29	1783.07	1787.28	1451.00	1615.92	2121.85	2373.60	2034.62	2119.74	1690.59	1639.56	2211.07	2151.56	1512.09	1136.98	1516.62	1638.52	1396.28	1674.34	1458.55	1391.68	1616.43
Fv_Lss1	2758.19	4022.75	3937.11	3568.54	3519.92	2910.68	3273.98	4142.31	4736.77	4105.40	3960.63	3378.32	3688.75	5184.52	4935.67	3395.18	2545.55	3479.94	3708.66	3154.97	3574.38	3329.78	3100.11	3688.75
Fq_Lss1	2630.64	3868.61	3781.67	3405.90	3386.04	2801.15	3131.68	3984.01	4550.37	3963.44	3801.62	3260.68	3566.55	5008.36	4783.02	3279.88	2479.15	3383.32	3584.22	3053.13	3439.60	3239.82	3003.18	3566.08
QY_max	0.66	0.68	0.66	0.67	0.66	0.67	0.67	0.66	0.67	0.67	0.65	0.67	0.70	0.70	0.70	0.69	0.69	0.70	0.70	0.70	0.68	0.70	0.69	0.70
Fv/Fm_Lss1	0.66	0.68	0.65	0.67	0.66	0.67	0.67	0.66	0.67	0.67	0.65	0.67	0.69	0.70	0.70	0.69	0.69	0.70	0.69	0.69	0.68	0.70	0.69	0.70
QY_Lss1	0.63	0.66	0.63	0.64	0.64	0.64	0.64	0.64	0.64	0.65	0.63	0.64	0.67	0.68	0.67	0.67	0.67	0.68	0.67	0.67	0.66	0.68	0.67	0.67
NPQ_Lss1	-0.00	0.01	0.01	0.01	0.00	0.01	0.00	0.00	0.01	0.00	0.00	0.00	0.01	0.01	0.01	0.01	0.01	0.01	0.02	0.01	0.02	0.02	0.01	0.02
qN_Lss1	-0.00	0.01	0.01	0.01	0.00	0.01	0.01	0.00	0.01	0.00	0.00	0.00	0.02	0.01	0.02	0.01	0.01	0.01	0.03	0.02	0.02	0.02	0.02	0.02
qP_Lss1	0.95	0.96	0.96	0.95	0.96	0.96	0.96	0.96	0.96	0.97	0.96	0.97	0.97	0.97	0.97	0.97	0.97	0.97	0.97	0.97	0.96	0.97	0.97	0.97
qL_Lss1	1.04	1.04	1.03	1.04	1.03	1.04	1.04	1.03	1.04	1.03	1.03	1.03	1.04	1.04	1.04	1.04	1.03	1.03	1.04	1.04	1.04	1.03	1.04	1.04
PAR1	10.90	10.90	10.90	10.90	10.90	10.90	10.90	10.90	10.90	10.90	10.90	10.90	10.90	10.90	10.90	10.90	10.90	10.90	10.90	10.90	10.90	10.90	10.90	10.90
ETR1	2.7477	2.8600	2.7390	2.7756	2.7825	2.8008	2.7931	2.7737	2.7910	2.8152	2.7267	2.8054	2.9192	2.9534	2.9433	2.9149	2.9360	2.9531	2.9233	2.9256	2.8580	2.9508	2.9159	2.9315
