FluorCam7 Numeric Avg Export File
-----------------------------------
	Area 1	Area 2	Area 3	Area 4	Area 5	Area 6	Area 7	Area 8	Area 9	Area 10	Area 11	Area 12	Area 13	Area 14	Area 15	Area 16	Area 17	Area 18	Area 19	Area 20	Area 21	Area 22	Area 23	Area 24
Size [pixels]	3948	3982	5064	3965	3310	4217	4967	6386	4471	4787	5045	3311	4933	4475	4330	6221	5726	4502	4192	5667	6513	6292	4638	5046
Fo	1824.16	2024.44	1942.75	2102.00	1815.00	1745.78	1804.75	2147.29	2673.02	2401.63	1893.63	2014.66	2006.90	2025.33	2078.23	2213.02	2422.22	1693.83	2116.09	2846.19	2614.51	2696.57	2657.65	1800.43
Fm	5592.33	6309.11	5974.56	6513.62	5401.47	5404.79	5377.80	6411.79	7925.57	7346.46	5666.50	6282.74	6340.12	6140.64	6417.95	6927.07	7385.45	5308.81	6160.12	8444.39	7557.56	7811.79	8052.69	5526.34
Fv	3768.17	4284.67	4031.81	4411.62	3586.47	3659.01	3573.05	4264.50	5252.55	4944.83	3772.87	4268.08	4333.22	4115.31	4339.72	4714.05	4963.23	3614.98	4044.03	5598.20	4943.05	5115.22	5395.04	3725.90
Fm_Lss1	5551.19	6267.49	5917.15	6395.96	5303.55	5345.07	5281.04	6379.04	7842.80	7313.77	5592.61	6220.55	6236.14	6051.21	6292.31	6849.07	7276.62	5236.01	6098.08	8391.21	7475.17	7798.29	7984.23	5488.14
Ft_Lss1	1944.61	2165.14	2059.42	2231.86	1919.55	1847.77	1916.66	2263.35	2796.30	2558.40	2002.44	2122.57	2141.89	2139.05	2211.80	2340.00	2591.54	1804.83	2247.57	3034.92	2790.46	2886.82	2833.90	1919.47
Fo_Lss1	1819.76	2020.13	1936.64	2089.59	1803.81	1739.51	1793.72	2143.61	2663.54	2398.13	1885.31	2008.22	1996.36	2015.50	2064.88	2205.00	2410.40	1686.35	2108.72	2840.12	2604.58	2694.96	2650.15	1796.36
Fv_Lss1	3731.43	4247.36	3980.51	4306.37	3499.74	3605.56	3487.33	4235.43	5179.26	4915.64	3707.30	4212.33	4239.78	4035.71	4227.43	4644.06	4866.22	3549.66	3989.36	5551.09	4870.59	5103.33	5334.07	3691.78
Fq_Lss1	3606.58	4102.36	3857.72	4164.10	3383.99	3497.29	3364.39	4115.69	5046.50	4755.37	3590.16	4097.98	4094.25	3912.16	4080.51	4509.07	4685.08	3431.18	3850.51	5356.28	4684.71	4911.47	5150.33	3568.67
QY_max	0.67	0.68	0.67	0.68	0.66	0.68	0.66	0.67	0.66	0.67	0.67	0.68	0.68	0.67	0.68	0.68	0.67	0.68	0.66	0.66	0.65	0.65	0.67	0.67
Fv/Fm_Lss1	0.67	0.68	0.67	0.67	0.66	0.67	0.66	0.66	0.66	0.67	0.66	0.68	0.68	0.67	0.67	0.68	0.67	0.68	0.65	0.66	0.65	0.65	0.67	0.67
QY_Lss1	0.65	0.65	0.65	0.65	0.64	0.65	0.64	0.65	0.64	0.65	0.64	0.66	0.66	0.65	0.65	0.66	0.64	0.66	0.63	0.64	0.63	0.63	0.65	0.65
NPQ_Lss1	0.01	0.01	0.01	0.02	0.02	0.01	0.02	0.01	0.01	0.00	0.01	0.01	0.02	0.01	0.02	0.01	0.01	0.01	0.01	0.01	0.01	0.00	0.01	0.01
qN_Lss1	0.01	0.01	0.01	0.03	0.03	0.02	0.03	0.01	0.02	0.01	0.02	0.01	0.02	0.02	0.03	0.02	0.02	0.02	0.02	0.01	0.02	0.00	0.01	0.01
qP_Lss1	0.97	0.97	0.97	0.97	0.97	0.97	0.96	0.97	0.97	0.97	0.97	0.97	0.97	0.97	0.97	0.97	0.96	0.97	0.97	0.96	0.96	0.96	0.97	0.97
qL_Lss1	1.03	1.04	1.03	1.03	1.03	1.03	1.03	1.03	1.02	1.03	1.03	1.03	1.04	1.03	1.03	1.03	1.04	1.03	1.03	1.03	1.03	1.03	1.03	1.03
PAR1	10.90	10.90	10.90	10.90	10.90	10.90	10.90	10.90	10.90	10.90	10.90	10.90	10.90	10.90	10.90	10.90	10.90	10.90	10.90	10.90	10.90	10.90	10.90	10.90
ETR1	2.8334	2.8546	2.8433	2.8394	2.7827	2.8535	2.7784	2.8138	2.8062	2.8356	2.7997	2.8731	2.8633	2.8196	2.8282	2.8712	2.8080	2.8579	2.7538	2.7838	2.7332	2.7467	2.8132	2.8359
