FluorCam7 Numeric Avg Export File
-----------------------------------
	Area 1	Area 2	Area 3	Area 4	Area 5	Area 6	Area 7	Area 8	Area 9	Area 10	Area 11	Area 12	Area 13	Area 14	Area 15	Area 16	Area 17	Area 18	Area 19	Area 20	Area 21	Area 22	Area 23	Area 24
Size [pixels]	4589	4386	5573	4415	3759	4451	5596	7111	5065	5431	5034	3388	5341	5057	4836	6845	6160	4676	4679	6148	7236	6749	4915	4362
Fo	1661.77	1892.75	1792.17	1933.38	1660.68	1734.10	1661.12	1975.79	2420.56	2187.69	1805.77	1931.56	1869.20	1853.52	1918.49	2039.18	2328.68	1688.90	1934.30	2649.22	2397.13	2547.47	2521.08	1507.17
Fm	5383.19	6095.78	5678.84	5850.47	4538.68	4634.50	5156.48	6073.47	7233.56	6417.68	4492.23	4870.08	6072.87	5703.67	5853.18	6195.80	6473.68	4571.93	5907.92	8063.66	6995.14	7224.00	7107.37	3830.67
Fv	3721.42	4203.03	3886.66	3917.10	2878.00	2900.39	3495.35	4097.68	4813.00	4229.99	2686.46	2938.51	4203.67	3850.15	3934.68	4156.63	4145.00	2883.04	3973.62	5414.45	4598.00	4676.53	4586.29	2323.50
Fm_Lss1	5239.37	5991.68	5512.71	5592.75	4234.05	4664.75	4984.42	5900.75	7018.09	6200.28	3571.02	4877.70	5928.51	5573.54	5663.17	5927.43	6083.35	4583.73	5840.36	7914.14	6815.20	6927.94	6875.12	3582.19
Fm_Lss2	5029.53	5725.37	5243.75	5209.23	3747.32	4568.93	4736.17	5687.93	6664.79	5816.63	2831.33	4838.92	5732.57	5393.81	5423.09	5519.04	5209.49	4553.20	5577.87	7673.35	6514.04	6618.17	5964.31	3219.36
Fm_Lss3	4932.00	5576.39	5001.62	4904.69	3251.25	4552.89	4641.46	5545.73	6448.42	5449.77	2577.52	4738.79	5653.03	5297.67	5274.92	5155.54	4473.42	4535.55	5517.76	7494.55	6325.07	6327.82	5016.94	3071.17
Fm_Lss4	4745.53	5295.65	4647.79	4449.26	2872.67	4510.34	4543.20	5345.18	6090.66	4948.01	2481.65	4616.86	5452.41	5098.95	4927.61	4687.81	3847.61	4439.44	5282.01	7031.68	6035.78	5885.54	4259.51	3006.91
Fm_Lss5	4411.44	4975.30	4165.86	3950.56	2528.07	4385.08	4340.64	5102.43	5557.74	4467.56	2555.25	4464.27	5156.76	4767.14	4463.78	4191.93	3438.72	4334.99	4938.64	6305.81	5568.57	5322.11	3764.21	2993.24
Fm_Lss6	4029.96	4525.10	3735.34	3507.81	2289.94	4279.31	4075.02	4771.43	4978.51	4035.49	2704.67	4276.11	4747.71	4383.38	4012.47	3768.11	3143.48	4175.55	4480.70	5565.02	5055.59	4766.24	3406.67	2972.82
Fm_Lss7	3677.30	4109.80	3354.93	3139.77	2095.46	4120.45	3771.76	4475.73	4451.64	3662.71	2867.75	4098.54	4334.54	3963.41	3580.46	3372.19	2964.42	3989.58	4025.95	4915.27	4554.71	4266.79	3212.16	2956.63
Fm_Lss8	3315.21	3721.81	3037.25	2799.18	1924.16	3975.33	3438.21	4124.64	4058.44	3334.17	3001.86	3901.35	3885.85	3593.57	3230.74	3069.94	2829.87	3790.70	3622.20	4400.77	4115.44	3880.76	3019.64	2666.69
Fm_Lss9	3025.80	3408.51	2791.07	2552.63	1825.92	3817.87	3178.70	3826.33	3707.12	3087.77	3073.87	3697.42	3511.15	3240.07	2904.59	2818.49	2776.52	3587.00	3285.14	3980.64	3778.21	3572.66	2902.89	2674.68
Fm_Lss10	2765.87	3154.14	2600.02	2378.46	1757.81	3642.19	2915.83	3582.40	3433.18	2899.87	3112.23	3475.30	3168.25	2955.03	2696.03	2613.83	2718.72	3398.47	2987.46	3669.23	3476.43	3319.50	2832.18	2656.34
Fm_Lss11	2552.14	2953.39	2414.44	2250.16	1692.34	3453.30	2685.28	3340.18	3250.14	2729.70	3071.49	3320.79	2936.30	2696.92	2492.00	2468.84	2730.58	3216.82	2741.17	3437.32	3241.10	3142.99	2761.15	2602.33
Fm_Lss12	2373.63	2738.37	2293.42	2151.14	1658.41	3325.66	2504.09	3148.89	3064.97	2612.56	3039.97	3145.49	2692.85	2504.42	2324.52	2352.87	2756.35	3029.28	2547.37	3223.58	3050.04	2950.80	2707.23	2556.91
Fm_Lss13	2247.78	2593.06	2195.28	2071.37	1615.52	3163.00	2340.02	2968.52	2943.75	2509.77	2965.67	2969.01	2507.91	2336.79	2195.01	2263.58	2811.93	2862.35	2386.55	3071.16	2887.18	2853.83	2662.50	2497.38
Fm_Lss14	2140.47	2476.08	2112.79	2007.68	1590.24	2988.20	2205.15	2833.07	2821.78	2431.82	2878.59	2769.55	2339.60	2180.46	2069.15	2188.19	2891.11	2698.72	2217.04	2959.83	2755.79	2713.70	2625.67	2412.06
Fm_Lss15	2029.89	2397.99	2023.89	2003.25	1611.88	2812.58	2085.24	2713.53	2754.20	2365.98	2785.50	2636.75	2252.39	2086.75	1999.34	2123.14	2985.03	2559.66	2144.23	2831.83	2645.98	2652.45	2634.64	2371.72
Ft_Lss1	1872.80	2150.50	2031.61	2183.57	1886.22	2371.63	1845.54	2239.64	2677.16	2443.45	1921.99	2794.90	2107.66	2058.59	2113.61	2293.14	2783.18	2246.90	2158.21	2989.66	2710.15	2921.94	2990.36	1955.35
Ft_Lss2	2043.24	2421.36	2245.85	2343.04	2053.82	3487.86	2049.30	2665.60	2989.66	2755.12	1888.79	3913.27	2307.43	2233.36	2296.75	2506.76	2985.12	3508.89	2366.37	3334.99	2984.83	3197.12	3289.75	2300.59
Ft_Lss3	2232.27	2702.93	2405.80	2423.78	2034.36	3924.73	2249.10	3019.69	3220.35	2952.88	1902.22	4293.71	2533.15	2412.20	2432.61	2606.18	2883.34	3965.84	2596.47	3664.19	3184.20	3352.85	3189.86	2435.59
Ft_Lss4	2356.50	2880.89	2462.14	2404.14	1932.67	4089.93	2406.44	3249.48	3333.66	2991.81	2015.49	4382.66	2720.65	2521.85	2484.13	2609.05	2720.90	4100.14	2741.96	3813.69	3280.09	3348.64	3005.00	2553.64
Ft_Lss5	2401.65	2936.70	2407.54	2326.66	1839.32	4144.56	2482.29	3342.33	3297.02	2913.76	2212.70	4323.06	2798.46	2556.34	2434.69	2517.20	2564.45	4109.63	2783.78	3747.11	3239.30	3236.97	2849.92	2624.46
Ft_Lss6	2353.86	2894.45	2316.33	2213.07	1730.95	4101.27	2498.54	3324.82	3167.82	2795.35	2452.98	4217.03	2776.94	2504.95	2322.40	2419.18	2465.03	4029.31	2704.79	3555.96	3128.68	3086.62	2732.24	2690.33
Ft_Lss7	2271.11	2786.55	2205.46	2085.13	1656.51	4024.70	2437.98	3260.63	3017.22	2671.11	2691.87	4037.79	2695.26	2400.42	2218.89	2306.11	2409.78	3898.51	2597.75	3351.78	2990.50	2933.75	2646.78	2734.85
Ft_Lss8	2174.49	2669.52	2100.62	1982.79	1586.70	3895.12	2345.17	3154.13	2877.87	2557.41	2868.21	3867.49	2558.38	2306.19	2103.50	2189.01	2385.02	3736.75	2451.14	3153.29	2830.20	2794.34	2574.87	2513.37
Ft_Lss9	2078.93	2542.27	2024.48	1909.80	1517.15	3754.88	2250.50	3027.11	2766.87	2458.55	2983.65	3674.07	2420.15	2172.29	2001.82	2097.30	2365.63	3547.68	2332.55	2989.67	2706.30	2678.61	2512.76	2524.05
Ft_Lss10	1984.69	2431.77	1954.21	1848.32	1492.90	3618.88	2152.26	2897.14	2668.51	2369.87	3040.58	3477.80	2287.43	2079.90	1916.79	2036.87	2407.31	3372.73	2202.79	2844.27	2582.73	2575.88	2497.24	2532.90
Ft_Lss11	1910.35	2340.06	1896.82	1808.60	1466.40	3423.55	2049.33	2772.32	2578.36	2300.08	3027.97	3291.51	2169.01	1981.18	1861.03	1976.18	2447.60	3163.01	2109.42	2730.61	2480.43	2505.49	2460.09	2507.88
Ft_Lss12	1843.38	2249.04	1831.33	1758.34	1421.04	3267.69	1951.98	2664.73	2514.59	2252.88	2966.18	3100.85	2069.66	1889.46	1800.95	1922.13	2526.00	3022.08	1988.91	2625.45	2413.40	2434.18	2470.32	2473.42
Ft_Lss13	1782.34	2167.62	1790.12	1738.81	1425.68	3112.04	1882.44	2550.61	2466.70	2203.84	2916.51	2918.28	1979.89	1815.94	1746.26	1906.48	2630.40	2829.40	1931.06	2570.43	2340.41	2379.55	2447.51	2420.04
Ft_Lss14	1739.00	2107.55	1750.39	1731.60	1443.55	2960.77	1825.21	2475.35	2423.14	2155.86	2841.24	2759.91	1901.86	1763.25	1703.24	1870.38	2725.97	2675.92	1866.37	2513.72	2280.59	2322.71	2445.28	2367.11
Ft_Lss15	1699.04	2038.52	1719.23	1713.14	1455.63	2803.32	1750.96	2384.54	2370.71	2139.03	2759.32	2633.81	1845.65	1711.01	1685.06	1856.26	2868.18	2521.07	1814.26	2460.96	2243.58	2315.57	2472.50	2312.30
Fo_Lss1	1647.81	1882.60	1775.29	1904.38	1618.08	1738.32	1642.86	1957.15	2395.95	2161.85	1636.11	1932.76	1855.29	1839.57	1897.63	2009.24	2276.15	1690.50	1927.00	2632.87	2375.64	2509.65	2491.23	1467.13
Fo_Lss2	1626.47	1855.48	1746.44	1857.80	1541.56	1724.84	1614.96	1933.16	2353.35	2113.25	1461.21	1926.64	1835.66	1819.55	1869.89	1960.07	2141.72	1686.34	1897.54	2605.67	2337.96	2467.81	2360.60	1402.40
Fo_Lss3	1616.13	1839.55	1718.73	1817.55	1450.51	1722.55	1603.80	1916.46	2325.80	2062.80	1390.54	1910.57	1827.43	1808.48	1851.95	1912.19	2006.02	1683.91	1890.53	2584.73	2313.16	2426.29	2196.45	1373.53
Fo_Lss4	1595.59	1807.93	1674.91	1751.13	1369.97	1716.42	1591.90	1891.93	2277.55	1986.55	1362.15	1890.44	1805.94	1784.74	1807.23	1843.95	1869.66	1670.48	1862.05	2527.35	2273.31	2358.34	2037.80	1360.53
Fo_Lss5	1555.97	1769.05	1607.88	1668.25	1286.35	1697.97	1566.29	1860.60	2198.71	1904.33	1384.04	1864.35	1772.29	1742.29	1740.89	1761.97	1767.53	1655.47	1817.51	2426.94	2203.67	2262.37	1917.12	1357.72
Fo_Lss6	1505.69	1708.61	1539.40	1583.83	1221.70	1681.87	1530.30	1814.70	2101.96	1821.21	1426.73	1830.71	1721.32	1688.27	1667.73	1682.43	1686.13	1631.68	1751.62	2308.66	2118.60	2155.51	1819.84	1353.50
Fo_Lss7	1453.61	1645.81	1470.68	1504.22	1164.06	1656.77	1485.44	1770.21	2001.92	1741.23	1470.85	1797.37	1663.82	1622.07	1588.09	1598.62	1633.21	1602.49	1677.55	2188.64	2025.27	2047.13	1762.82	1350.14
Fo_Lss8	1393.45	1579.85	1406.20	1421.36	1109.21	1632.80	1430.78	1712.56	1918.34	1663.32	1505.34	1758.39	1593.20	1556.51	1515.33	1527.34	1591.52	1569.42	1603.09	2080.34	1933.50	1953.88	1703.23	1286.27
Fo_Lss9	1339.59	1520.53	1351.03	1354.91	1075.84	1605.60	1383.77	1658.86	1836.09	1599.64	1523.24	1715.74	1526.42	1486.28	1439.52	1462.43	1574.51	1533.36	1533.46	1981.48	1855.69	1872.58	1665.44	1288.13
Fo_Lss10	1286.08	1467.73	1304.63	1304.22	1051.83	1573.68	1331.51	1611.30	1766.29	1547.68	1532.60	1666.32	1457.83	1423.30	1386.37	1405.33	1555.75	1497.84	1465.30	1901.16	1779.80	1800.60	1641.92	1283.86
Fo_Lss11	1237.88	1422.72	1256.18	1264.68	1028.03	1537.35	1281.28	1560.40	1716.56	1497.85	1522.65	1629.96	1406.69	1360.58	1330.35	1362.32	1559.63	1461.47	1403.46	1836.95	1716.02	1747.37	1617.80	1271.11
Fo_Lss12	1194.31	1370.87	1222.62	1232.78	1015.41	1511.52	1238.52	1517.34	1663.48	1461.88	1514.87	1586.56	1348.30	1309.79	1281.08	1326.25	1568.00	1421.49	1350.84	1774.08	1660.93	1686.31	1599.14	1260.17
Fo_Lss13	1161.59	1333.46	1194.15	1206.16	999.17	1477.00	1197.01	1474.18	1627.11	1429.13	1496.19	1540.38	1300.29	1262.43	1240.74	1297.40	1585.83	1383.63	1304.23	1726.91	1611.43	1654.19	1583.42	1245.54
Fo_Lss14	1132.26	1301.83	1169.32	1184.29	989.44	1437.73	1160.69	1439.99	1589.15	1403.51	1473.70	1484.89	1253.53	1215.35	1199.49	1272.28	1610.71	1344.23	1251.92	1691.15	1569.66	1606.12	1570.32	1223.95
Fo_Lss15	1100.54	1279.92	1141.57	1182.74	997.77	1395.79	1126.59	1408.45	1567.48	1381.33	1448.91	1445.85	1228.06	1185.68	1175.70	1250.01	1639.45	1308.81	1228.37	1648.57	1533.41	1584.46	1573.53	1213.48
Fv_Lss1	3591.57	4109.08	3737.42	3688.37	2615.97	2926.43	3341.56	3943.59	4622.15	4038.43	1934.91	2944.94	4073.22	3733.98	3765.54	3918.19	3807.20	2893.22	3913.37	5281.26	4439.56	4418.29	4383.89	2115.06
Fv_Lss2	3403.07	3869.89	3497.31	3351.43	2205.76	2844.09	3121.22	3754.77	4311.43	3703.38	1370.12	2912.28	3896.92	3574.25	3553.20	3558.97	3067.76	2866.86	3680.34	5067.68	4176.08	4150.36	3603.70	1816.96
Fv_Lss3	3315.87	3736.84	3282.89	3087.14	1800.73	2830.34	3037.66	3629.27	4122.62	3386.97	1186.97	2828.22	3825.61	3489.19	3422.97	3243.35	2467.40	2851.64	3627.23	4909.82	4011.91	3901.53	2820.49	1697.64
Fv_Lss4	3149.95	3487.71	2972.87	2698.13	1502.70	2793.91	2951.30	3453.25	3813.11	2961.46	1119.49	2726.42	3646.47	3314.21	3120.38	2843.86	1977.96	2768.96	3419.96	4504.32	3762.47	3527.20	2221.71	1646.39
Fv_Lss5	2855.48	3206.25	2557.97	2282.32	1241.72	2687.11	2774.35	3241.83	3359.03	2563.23	1171.21	2599.93	3384.47	3024.84	2722.89	2429.97	1671.20	2679.52	3121.13	3878.87	3364.89	3059.74	1847.09	1635.52
Fv_Lss6	2524.27	2816.49	2195.94	1923.98	1068.23	2597.44	2544.72	2956.74	2876.55	2214.28	1277.94	2445.40	3026.39	2695.11	2344.74	2085.69	1457.35	2543.87	2729.08	3256.36	2936.99	2610.73	1586.83	1619.32
Fv_Lss7	2223.69	2463.99	1884.25	1635.56	931.39	2463.69	2286.32	2705.51	2449.72	1921.48	1396.90	2301.17	2670.72	2341.34	1992.37	1773.57	1331.20	2387.09	2348.40	2726.63	2529.44	2219.65	1449.34	1606.49
Fv_Lss8	1921.76	2141.95	1631.04	1377.82	814.95	2342.53	2007.43	2412.08	2140.09	1670.85	1496.52	2142.96	2292.64	2037.06	1715.41	1542.60	1238.34	2221.28	2019.11	2320.43	2181.94	1926.87	1316.42	1380.42
Fv_Lss9	1686.20	1887.98	1440.04	1197.72	750.08	2212.27	1794.93	2167.47	1871.02	1488.13	1550.63	1981.68	1984.73	1753.80	1465.07	1356.06	1202.01	2053.63	1751.68	1999.16	1922.52	1700.08	1237.45	1386.55
Fv_Lss10	1479.79	1686.42	1295.39	1074.25	705.98	2068.51	1584.32	1971.10	1666.89	1352.18	1579.63	1808.98	1710.43	1531.73	1309.67	1208.50	1162.97	1900.63	1522.15	1768.06	1696.63	1518.89	1190.25	1372.48
Fv_Lss11	1314.26	1530.66	1158.26	985.49	664.31	1915.95	1404.00	1779.78	1533.59	1231.85	1548.83	1690.83	1529.60	1336.34	1161.64	1106.52	1170.95	1755.35	1337.72	1600.38	1525.09	1395.62	1143.35	1331.22
Fv_Lss12	1179.31	1367.50	1070.81	918.36	643.00	1814.14	1265.57	1631.55	1401.49	1150.68	1525.10	1558.93	1344.55	1194.63	1043.44	1026.63	1188.35	1607.79	1196.53	1449.49	1389.11	1264.49	1108.09	1296.73
Fv_Lss13	1086.19	1259.60	1001.12	865.21	616.35	1686.00	1143.02	1494.34	1316.64	1080.64	1469.48	1428.64	1207.62	1074.36	954.27	966.18	1226.09	1478.73	1082.32	1344.24	1275.75	1199.64	1079.07	1251.84
Fv_Lss14	1008.21	1174.25	943.47	823.40	600.80	1550.48	1044.46	1393.08	1232.64	1028.31	1404.89	1284.66	1086.07	965.11	869.66	915.91	1280.40	1354.49	965.11	1268.68	1186.13	1107.59	1055.35	1188.11
Fv_Lss15	929.35	1118.07	882.32	820.50	614.10	1416.79	958.64	1305.07	1186.72	984.65	1336.59	1190.90	1024.33	901.08	823.65	873.13	1345.58	1250.85	915.86	1183.26	1112.57	1067.99	1061.11	1158.24
Fq_Lss1	3366.57	3841.18	3481.09	3409.18	2347.83	2293.13	3138.88	3661.11	4340.93	3756.83	1649.03	2082.80	3820.85	3514.96	3549.56	3634.29	3300.16	2336.82	3682.15	4924.48	4105.04	4006.00	3884.76	1626.84
Fq_Lss2	2986.30	3304.01	2997.91	2866.19	1693.50	1081.07	2686.88	3022.33	3675.13	3061.51	942.54	925.65	3425.14	3160.45	3126.34	3012.28	2224.36	1044.30	3211.50	4338.36	3529.21	3421.05	2674.55	918.76
Fq_Lss3	2699.73	2873.46	2595.82	2480.92	1216.89	628.16	2392.35	2526.04	3228.07	2496.89	675.29	445.07	3119.88	2885.47	2842.32	2549.36	1590.08	569.71	2921.30	3830.37	3140.88	2974.97	1827.08	635.58
Fq_Lss4	2389.04	2414.76	2185.65	2045.12	940.00	420.41	2136.77	2095.70	2757.00	1956.20	466.16	234.20	2731.76	2577.10	2443.48	2078.77	1126.72	339.30	2540.06	3217.99	2755.70	2536.90	1254.52	453.28
Fq_Lss5	2009.79	2038.60	1758.31	1623.91	688.76	240.52	1858.35	1760.10	2260.72	1553.80	342.55	141.21	2358.29	2210.80	2029.09	1674.73	874.28	225.36	2154.86	2558.70	2329.27	2085.14	914.30	368.79
Fq_Lss6	1676.10	1630.65	1419.01	1294.74	558.99	178.04	1576.48	1446.61	1810.69	1240.14	251.69	59.08	1970.77	1878.43	1690.07	1348.93	678.45	146.24	1775.91	2009.06	1926.91	1679.62	674.43	282.48
Fq_Lss7	1406.19	1323.25	1149.46	1054.64	438.95	95.75	1333.78	1215.10	1434.42	991.60	175.88	60.75	1639.28	1562.99	1361.57	1066.08	554.63	91.07	1428.20	1563.49	1564.21	1333.04	565.38	221.77
Fq_Lss8	1140.72	1052.28	936.63	816.38	337.45	80.21	1093.04	970.52	1180.57	776.76	133.65	33.86	1327.47	1287.38	1127.25	880.92	444.85	53.95	1171.06	1247.49	1285.25	1086.42	444.77	153.32
Fq_Lss9	946.87	866.24	766.59	642.83	308.77	63.00	928.20	799.22	940.25	629.22	90.23	23.35	1091.00	1067.78	902.77	721.19	410.89	39.32	952.59	990.97	1071.90	894.05	390.13	150.63
Fq_Lss10	781.18	722.37	645.81	530.15	264.91	23.31	763.57	685.26	764.67	530.00	71.65	-2.49	880.82	875.13	779.24	576.96	311.41	25.74	784.67	824.95	893.70	743.61	334.94	123.44
Fq_Lss11	641.79	613.33	517.62	441.57	225.94	29.75	635.95	567.86	671.78	429.62	43.52	29.28	767.28	715.74	630.97	492.66	282.98	53.81	631.75	706.71	760.67	637.50	301.07	94.45
Fq_Lss12	530.25	489.33	462.09	392.80	237.37	57.96	552.11	484.16	550.38	359.68	73.78	44.63	623.19	614.95	523.58	430.74	230.34	7.20	558.46	598.13	636.64	516.62	236.91	83.49
Fq_Lss13	465.44	425.44	405.16	332.56	189.84	50.96	457.58	417.91	477.06	305.93	49.16	50.73	528.02	520.86	448.75	357.11	181.52	32.96	455.49	500.72	546.78	474.28	214.99	77.35
Fq_Lss14	401.47	368.54	362.41	276.08	146.69	27.43	379.94	357.73	398.65	275.96	37.35	9.63	437.74	417.21	365.91	317.81	165.14	22.80	350.66	446.11	475.21	390.99	180.39	44.95
Fq_Lss15	330.85	359.47	304.66	290.11	156.25	9.26	334.28	328.98	383.49	226.95	26.18	2.94	406.74	375.74	314.28	266.88	116.85	38.59	329.97	370.87	402.40	336.89	162.13	59.42
QY_max	0.69	0.69	0.68	0.67	0.63	0.63	0.68	0.67	0.67	0.66	0.60	0.60	0.69	0.68	0.67	0.67	0.64	0.63	0.67	0.67	0.66	0.65	0.65	0.61
Fv/Fm_Lss1	0.69	0.69	0.68	0.66	0.62	0.63	0.67	0.67	0.66	0.65	0.54	0.60	0.69	0.67	0.66	0.66	0.63	0.63	0.67	0.67	0.65	0.64	0.64	0.59
Fv/Fm_Lss2	0.68	0.68	0.67	0.64	0.59	0.62	0.66	0.66	0.65	0.64	0.48	0.60	0.68	0.66	0.66	0.64	0.59	0.63	0.66	0.66	0.64	0.63	0.60	0.56
Fv/Fm_Lss3	0.67	0.67	0.66	0.63	0.55	0.62	0.65	0.65	0.64	0.62	0.46	0.60	0.68	0.66	0.65	0.63	0.55	0.63	0.66	0.66	0.63	0.62	0.56	0.55
Fv/Fm_Lss4	0.66	0.66	0.64	0.61	0.52	0.62	0.65	0.65	0.63	0.60	0.45	0.59	0.67	0.65	0.63	0.61	0.51	0.62	0.65	0.64	0.62	0.60	0.52	0.55
Fv/Fm_Lss5	0.65	0.64	0.61	0.58	0.49	0.61	0.64	0.64	0.60	0.57	0.46	0.58	0.66	0.63	0.61	0.58	0.49	0.62	0.63	0.62	0.60	0.57	0.49	0.55
Fv/Fm_Lss6	0.63	0.62	0.59	0.55	0.47	0.61	0.62	0.62	0.58	0.55	0.47	0.57	0.64	0.61	0.58	0.55	0.46	0.61	0.61	0.59	0.58	0.55	0.47	0.54
Fv/Fm_Lss7	0.60	0.60	0.56	0.52	0.44	0.60	0.61	0.60	0.55	0.52	0.49	0.56	0.62	0.59	0.56	0.53	0.45	0.60	0.58	0.55	0.56	0.52	0.45	0.54
Fv/Fm_Lss8	0.58	0.58	0.54	0.49	0.42	0.59	0.58	0.58	0.53	0.50	0.50	0.55	0.59	0.57	0.53	0.50	0.44	0.59	0.56	0.53	0.53	0.50	0.44	0.52
Fv/Fm_Lss9	0.56	0.55	0.52	0.47	0.41	0.58	0.56	0.57	0.50	0.48	0.50	0.54	0.57	0.54	0.50	0.48	0.43	0.57	0.53	0.50	0.51	0.48	0.43	0.52
Fv/Fm_Lss10	0.54	0.53	0.50	0.45	0.40	0.57	0.54	0.55	0.49	0.47	0.51	0.52	0.54	0.52	0.49	0.46	0.43	0.56	0.51	0.48	0.49	0.46	0.42	0.52
Fv/Fm_Lss11	0.51	0.52	0.48	0.44	0.39	0.55	0.52	0.53	0.47	0.45	0.50	0.51	0.52	0.50	0.47	0.45	0.43	0.55	0.49	0.47	0.47	0.44	0.41	0.51
Fv/Fm_Lss12	0.50	0.50	0.47	0.43	0.39	0.55	0.51	0.52	0.46	0.44	0.50	0.50	0.50	0.48	0.45	0.44	0.43	0.53	0.47	0.45	0.46	0.43	0.41	0.51
Fv/Fm_Lss13	0.48	0.49	0.46	0.42	0.38	0.53	0.49	0.50	0.45	0.43	0.50	0.48	0.48	0.46	0.43	0.43	0.44	0.52	0.45	0.44	0.44	0.42	0.41	0.50
Fv/Fm_Lss14	0.47	0.47	0.45	0.41	0.38	0.52	0.47	0.49	0.44	0.42	0.49	0.46	0.46	0.44	0.42	0.42	0.44	0.50	0.44	0.43	0.43	0.41	0.40	0.49
Fv/Fm_Lss15	0.46	0.47	0.44	0.41	0.38	0.50	0.46	0.48	0.43	0.42	0.48	0.45	0.45	0.43	0.41	0.41	0.45	0.49	0.43	0.42	0.42	0.40	0.40	0.49
QY_Lss1	0.64	0.64	0.63	0.61	0.55	0.49	0.63	0.62	0.62	0.61	0.46	0.43	0.64	0.63	0.63	0.61	0.54	0.51	0.63	0.62	0.60	0.58	0.57	0.45
QY_Lss2	0.59	0.58	0.57	0.55	0.45	0.24	0.57	0.53	0.55	0.53	0.33	0.19	0.60	0.59	0.58	0.55	0.43	0.23	0.58	0.57	0.54	0.52	0.45	0.29
QY_Lss3	0.55	0.52	0.52	0.51	0.37	0.14	0.52	0.46	0.50	0.46	0.26	0.09	0.55	0.54	0.54	0.49	0.36	0.13	0.53	0.51	0.50	0.47	0.36	0.21
QY_Lss4	0.50	0.46	0.47	0.46	0.33	0.09	0.47	0.39	0.45	0.40	0.19	0.05	0.50	0.51	0.50	0.44	0.29	0.08	0.48	0.46	0.46	0.43	0.29	0.15
QY_Lss5	0.46	0.41	0.42	0.41	0.27	0.05	0.43	0.34	0.41	0.35	0.13	0.03	0.46	0.46	0.45	0.40	0.25	0.05	0.44	0.41	0.42	0.39	0.24	0.12
QY_Lss6	0.42	0.36	0.38	0.37	0.24	0.04	0.39	0.30	0.36	0.31	0.09	0.01	0.42	0.43	0.42	0.36	0.22	0.04	0.40	0.36	0.38	0.35	0.20	0.10
QY_Lss7	0.38	0.32	0.34	0.34	0.21	0.02	0.35	0.27	0.32	0.27	0.06	0.01	0.38	0.39	0.38	0.32	0.19	0.02	0.35	0.32	0.34	0.31	0.18	0.08
QY_Lss8	0.34	0.28	0.31	0.29	0.18	0.02	0.32	0.24	0.29	0.23	0.04	0.01	0.34	0.36	0.35	0.29	0.16	0.01	0.32	0.28	0.31	0.28	0.15	0.06
QY_Lss9	0.31	0.25	0.27	0.25	0.17	0.02	0.29	0.21	0.25	0.20	0.03	0.01	0.31	0.33	0.31	0.26	0.15	0.01	0.29	0.25	0.28	0.25	0.13	0.06
QY_Lss10	0.28	0.23	0.25	0.22	0.15	0.01	0.26	0.19	0.22	0.18	0.02	-0.00	0.28	0.30	0.29	0.22	0.11	0.01	0.26	0.22	0.26	0.22	0.12	0.05
QY_Lss11	0.25	0.21	0.21	0.20	0.13	0.01	0.24	0.17	0.21	0.16	0.01	0.01	0.26	0.27	0.25	0.20	0.10	0.02	0.23	0.21	0.23	0.20	0.11	0.04
QY_Lss12	0.22	0.18	0.20	0.18	0.14	0.02	0.22	0.15	0.18	0.14	0.02	0.01	0.23	0.25	0.23	0.18	0.08	0.00	0.22	0.19	0.21	0.18	0.09	0.03
QY_Lss13	0.21	0.16	0.18	0.16	0.12	0.02	0.20	0.14	0.16	0.12	0.02	0.02	0.21	0.22	0.20	0.16	0.06	0.01	0.19	0.16	0.19	0.17	0.08	0.03
QY_Lss14	0.19	0.15	0.17	0.14	0.09	0.01	0.17	0.13	0.14	0.11	0.01	0.00	0.19	0.19	0.18	0.15	0.06	0.01	0.16	0.15	0.17	0.14	0.07	0.02
QY_Lss15	0.16	0.15	0.15	0.14	0.10	0.00	0.16	0.12	0.14	0.10	0.01	0.00	0.18	0.18	0.16	0.13	0.04	0.02	0.15	0.13	0.15	0.13	0.06	0.03
NPQ_Lss1	0.03	0.02	0.03	0.05	0.07	-0.01	0.03	0.03	0.03	0.04	0.26	-0.00	0.02	0.02	0.03	0.05	0.06	-0.00	0.01	0.02	0.03	0.04	0.03	0.07
NPQ_Lss2	0.07	0.06	0.08	0.12	0.21	0.01	0.09	0.07	0.09	0.10	0.59	0.01	0.06	0.06	0.08	0.12	0.24	0.00	0.06	0.05	0.07	0.09	0.19	0.19
NPQ_Lss3	0.09	0.09	0.14	0.19	0.40	0.02	0.11	0.10	0.12	0.18	0.74	0.03	0.07	0.08	0.11	0.20	0.45	0.01	0.07	0.08	0.11	0.14	0.42	0.25
NPQ_Lss4	0.13	0.15	0.22	0.31	0.58	0.03	0.13	0.14	0.19	0.30	0.81	0.05	0.11	0.12	0.19	0.32	0.68	0.03	0.12	0.15	0.16	0.23	0.67	0.27
NPQ_Lss5	0.22	0.23	0.36	0.48	0.80	0.06	0.19	0.19	0.30	0.44	0.76	0.09	0.18	0.20	0.31	0.48	0.88	0.05	0.20	0.28	0.26	0.36	0.89	0.28
NPQ_Lss6	0.34	0.35	0.52	0.67	0.98	0.08	0.27	0.27	0.45	0.59	0.66	0.14	0.28	0.30	0.46	0.64	1.06	0.09	0.32	0.45	0.38	0.52	1.09	0.29
NPQ_Lss7	0.46	0.48	0.69	0.86	1.17	0.12	0.37	0.36	0.62	0.75	0.57	0.19	0.40	0.44	0.63	0.84	1.18	0.15	0.47	0.64	0.54	0.69	1.21	0.30
NPQ_Lss8	0.62	0.64	0.87	1.09	1.36	0.17	0.50	0.47	0.78	0.92	0.50	0.25	0.56	0.59	0.81	1.02	1.29	0.21	0.63	0.83	0.70	0.86	1.35	0.44
NPQ_Lss9	0.78	0.79	1.03	1.29	1.49	0.21	0.62	0.59	0.95	1.08	0.46	0.32	0.73	0.76	1.02	1.20	1.33	0.27	0.80	1.03	0.85	1.02	1.45	0.43
NPQ_Lss10	0.95	0.93	1.18	1.46	1.58	0.27	0.77	0.70	1.11	1.21	0.44	0.40	0.92	0.93	1.17	1.37	1.38	0.35	0.98	1.20	1.01	1.18	1.51	0.44
NPQ_Lss11	1.11	1.06	1.35	1.60	1.68	0.34	0.92	0.82	1.23	1.35	0.46	0.47	1.07	1.11	1.35	1.51	1.37	0.42	1.16	1.35	1.16	1.30	1.57	0.47
NPQ_Lss12	1.27	1.23	1.48	1.72	1.74	0.39	1.06	0.93	1.36	1.46	0.48	0.55	1.26	1.28	1.52	1.63	1.35	0.51	1.32	1.50	1.29	1.45	1.63	0.50
NPQ_Lss13	1.39	1.35	1.59	1.82	1.81	0.47	1.20	1.05	1.46	1.56	0.51	0.64	1.42	1.44	1.67	1.74	1.30	0.60	1.48	1.63	1.42	1.53	1.67	0.53
NPQ_Lss14	1.51	1.46	1.69	1.91	1.85	0.55	1.34	1.14	1.56	1.64	0.56	0.76	1.60	1.62	1.83	1.83	1.24	0.69	1.66	1.72	1.54	1.66	1.71	0.59
NPQ_Lss15	1.65	1.54	1.81	1.92	1.82	0.65	1.47	1.24	1.63	1.71	0.61	0.85	1.70	1.73	1.93	1.92	1.17	0.79	1.76	1.85	1.64	1.72	1.70	0.62
qN_Lss1	0.04	0.02	0.04	0.07	0.10	-0.01	0.05	0.04	0.04	0.05	0.32	-0.00	0.03	0.03	0.05	0.06	0.09	-0.00	0.02	0.03	0.04	0.06	0.05	0.11
qN_Lss2	0.09	0.09	0.11	0.16	0.26	0.02	0.12	0.09	0.12	0.14	0.55	0.01	0.08	0.08	0.11	0.16	0.29	0.01	0.08	0.07	0.10	0.13	0.24	0.25
qN_Lss3	0.12	0.12	0.17	0.23	0.42	0.03	0.14	0.13	0.16	0.22	0.62	0.04	0.10	0.10	0.14	0.24	0.45	0.01	0.10	0.10	0.14	0.19	0.43	0.31
qN_Lss4	0.17	0.19	0.26	0.34	0.53	0.04	0.17	0.17	0.23	0.33	0.64	0.08	0.15	0.15	0.23	0.35	0.57	0.05	0.15	0.19	0.20	0.28	0.56	0.33
qN_Lss5	0.25	0.26	0.37	0.45	0.62	0.08	0.23	0.23	0.33	0.43	0.62	0.14	0.21	0.24	0.34	0.45	0.64	0.08	0.24	0.31	0.30	0.38	0.64	0.34
qN_Lss6	0.35	0.36	0.47	0.55	0.68	0.12	0.30	0.31	0.44	0.52	0.58	0.20	0.30	0.33	0.44	0.54	0.70	0.13	0.34	0.43	0.40	0.48	0.70	0.35
qN_Lss7	0.43	0.45	0.55	0.62	0.72	0.17	0.38	0.37	0.53	0.59	0.54	0.25	0.39	0.43	0.53	0.61	0.72	0.20	0.44	0.54	0.49	0.57	0.73	0.35
qN_Lss8	0.52	0.53	0.62	0.69	0.76	0.22	0.46	0.45	0.60	0.65	0.50	0.31	0.49	0.51	0.60	0.67	0.75	0.26	0.53	0.61	0.57	0.63	0.76	0.46
qN_Lss9	0.58	0.59	0.67	0.73	0.78	0.27	0.52	0.51	0.65	0.69	0.48	0.37	0.56	0.58	0.67	0.71	0.75	0.32	0.60	0.67	0.63	0.68	0.77	0.45
qN_Lss10	0.64	0.64	0.70	0.76	0.80	0.32	0.59	0.56	0.70	0.72	0.47	0.44	0.63	0.64	0.71	0.75	0.76	0.38	0.66	0.71	0.67	0.72	0.78	0.46
qN_Lss11	0.68	0.67	0.74	0.79	0.81	0.38	0.64	0.61	0.72	0.75	0.48	0.48	0.67	0.69	0.74	0.77	0.76	0.44	0.70	0.74	0.71	0.75	0.79	0.48
qN_Lss12	0.72	0.71	0.76	0.80	0.82	0.42	0.68	0.64	0.75	0.77	0.49	0.53	0.72	0.73	0.77	0.79	0.76	0.49	0.74	0.77	0.74	0.77	0.80	0.50
qN_Lss13	0.74	0.74	0.78	0.81	0.83	0.47	0.71	0.68	0.77	0.78	0.51	0.57	0.75	0.76	0.79	0.80	0.75	0.54	0.76	0.79	0.76	0.78	0.80	0.52
qN_Lss14	0.76	0.76	0.79	0.82	0.83	0.51	0.74	0.70	0.78	0.79	0.53	0.62	0.77	0.78	0.81	0.81	0.74	0.58	0.79	0.80	0.78	0.80	0.81	0.54
qN_Lss15	0.78	0.77	0.81	0.82	0.83	0.56	0.76	0.72	0.79	0.80	0.56	0.65	0.79	0.80	0.82	0.82	0.72	0.62	0.80	0.82	0.80	0.81	0.81	0.56
qP_Lss1	0.94	0.93	0.93	0.92	0.90	0.78	0.94	0.93	0.94	0.93	0.85	0.71	0.94	0.94	0.94	0.93	0.87	0.81	0.94	0.93	0.92	0.91	0.89	0.77
qP_Lss2	0.88	0.85	0.86	0.86	0.77	0.38	0.86	0.80	0.85	0.83	0.69	0.32	0.88	0.88	0.88	0.85	0.73	0.36	0.87	0.86	0.85	0.82	0.74	0.51
qP_Lss3	0.81	0.77	0.79	0.80	0.68	0.22	0.79	0.70	0.78	0.74	0.57	0.16	0.82	0.83	0.83	0.79	0.64	0.20	0.81	0.78	0.78	0.76	0.65	0.37
qP_Lss4	0.76	0.69	0.74	0.76	0.63	0.15	0.72	0.61	0.72	0.66	0.42	0.09	0.75	0.78	0.78	0.73	0.57	0.12	0.74	0.71	0.73	0.72	0.56	0.28
qP_Lss5	0.70	0.64	0.69	0.71	0.55	0.09	0.67	0.54	0.67	0.61	0.29	0.05	0.70	0.73	0.75	0.69	0.52	0.08	0.69	0.66	0.69	0.68	0.49	0.23
qP_Lss6	0.66	0.58	0.65	0.67	0.52	0.07	0.62	0.49	0.63	0.56	0.20	0.02	0.65	0.70	0.72	0.65	0.47	0.06	0.65	0.62	0.66	0.64	0.43	0.17
qP_Lss7	0.63	0.54	0.61	0.64	0.47	0.04	0.58	0.45	0.59	0.52	0.13	0.03	0.61	0.67	0.68	0.60	0.42	0.04	0.61	0.57	0.62	0.60	0.39	0.14
qP_Lss8	0.59	0.49	0.57	0.59	0.41	0.03	0.54	0.40	0.55	0.46	0.09	0.02	0.58	0.63	0.66	0.57	0.36	0.02	0.58	0.54	0.59	0.56	0.34	0.11
qP_Lss9	0.56	0.46	0.53	0.54	0.41	0.03	0.52	0.37	0.50	0.42	0.06	0.01	0.55	0.61	0.62	0.53	0.34	0.02	0.54	0.50	0.56	0.53	0.32	0.11
qP_Lss10	0.53	0.43	0.50	0.49	0.38	0.01	0.48	0.35	0.46	0.39	0.05	-0.00	0.51	0.57	0.59	0.48	0.27	0.01	0.52	0.47	0.53	0.49	0.28	0.09
qP_Lss11	0.49	0.40	0.45	0.45	0.34	0.02	0.45	0.32	0.44	0.35	0.03	0.02	0.50	0.54	0.54	0.45	0.24	0.03	0.47	0.44	0.50	0.46	0.26	0.07
qP_Lss12	0.45	0.36	0.43	0.43	0.37	0.03	0.44	0.30	0.39	0.31	0.05	0.03	0.46	0.51	0.50	0.42	0.19	0.00	0.47	0.41	0.46	0.41	0.21	0.06
qP_Lss13	0.43	0.34	0.40	0.38	0.31	0.03	0.40	0.28	0.36	0.28	0.03	0.04	0.44	0.48	0.47	0.37	0.15	0.02	0.42	0.37	0.43	0.40	0.20	0.06
qP_Lss14	0.40	0.31	0.38	0.34	0.24	0.02	0.36	0.26	0.32	0.27	0.03	0.01	0.40	0.43	0.42	0.35	0.13	0.02	0.36	0.35	0.40	0.35	0.17	0.04
qP_Lss15	0.36	0.32	0.35	0.35	0.25	0.01	0.35	0.25	0.32	0.23	0.02	0.00	0.40	0.42	0.38	0.31	0.09	0.03	0.36	0.31	0.36	0.32	0.15	0.05
qL_Lss1	1.07	1.07	1.07	1.06	1.05	1.07	1.06	1.06	1.05	1.05	1.00	1.02	1.07	1.05	1.05	1.06	1.06	1.07	1.05	1.06	1.05	1.06	1.06	1.03
qL_Lss2	1.10	1.11	1.10	1.08	1.02	0.77	1.09	1.11	1.08	1.08	0.89	0.65	1.10	1.09	1.08	1.08	1.01	0.76	1.09	1.10	1.08	1.07	1.03	0.83
qL_Lss3	1.12	1.13	1.11	1.07	0.95	0.51	1.10	1.10	1.08	1.06	0.78	0.35	1.13	1.10	1.09	1.07	0.93	0.47	1.11	1.11	1.08	1.05	0.94	0.66
qL_Lss4	1.12	1.10	1.08	1.04	0.88	0.36	1.09	1.04	1.06	0.99	0.62	0.20	1.13	1.10	1.08	1.03	0.83	0.30	1.09	1.08	1.06	1.02	0.83	0.52
qL_Lss5	1.09	1.06	1.03	0.99	0.79	0.22	1.06	0.98	1.01	0.93	0.47	0.13	1.10	1.07	1.04	0.98	0.76	0.21	1.06	1.02	1.02	0.98	0.74	0.44
qL_Lss6	1.04	0.98	0.97	0.94	0.74	0.17	1.01	0.90	0.95	0.86	0.34	0.06	1.05	1.03	1.00	0.93	0.68	0.14	1.00	0.95	0.97	0.92	0.64	0.35
qL_Lss7	0.99	0.91	0.91	0.89	0.67	0.09	0.96	0.83	0.88	0.79	0.23	0.06	0.99	0.99	0.95	0.87	0.61	0.09	0.94	0.88	0.91	0.86	0.59	0.28
qL_Lss8	0.93	0.83	0.86	0.83	0.59	0.08	0.89	0.74	0.83	0.71	0.17	0.03	0.93	0.94	0.91	0.82	0.54	0.06	0.89	0.81	0.86	0.81	0.51	0.22
qL_Lss9	0.87	0.77	0.80	0.76	0.58	0.07	0.84	0.67	0.76	0.65	0.11	0.03	0.87	0.89	0.86	0.76	0.51	0.04	0.83	0.75	0.81	0.75	0.48	0.21
qL_Lss10	0.81	0.71	0.75	0.70	0.53	0.03	0.78	0.63	0.69	0.60	0.09	-0.00	0.81	0.83	0.82	0.69	0.41	0.03	0.77	0.70	0.76	0.70	0.43	0.18
qL_Lss11	0.75	0.66	0.67	0.64	0.49	0.03	0.72	0.57	0.66	0.54	0.06	0.03	0.77	0.78	0.76	0.65	0.38	0.07	0.71	0.66	0.72	0.65	0.40	0.14
qL_Lss12	0.69	0.59	0.65	0.61	0.52	0.07	0.69	0.52	0.59	0.48	0.09	0.06	0.71	0.74	0.71	0.61	0.31	0.01	0.69	0.61	0.67	0.59	0.33	0.13
qL_Lss13	0.66	0.55	0.61	0.55	0.44	0.06	0.63	0.48	0.55	0.44	0.07	0.07	0.67	0.70	0.66	0.54	0.25	0.05	0.62	0.55	0.62	0.57	0.31	0.12
qL_Lss14	0.61	0.51	0.58	0.49	0.36	0.04	0.57	0.44	0.49	0.41	0.05	0.01	0.61	0.63	0.60	0.51	0.22	0.03	0.54	0.52	0.58	0.51	0.27	0.07
qL_Lss15	0.55	0.51	0.52	0.51	0.37	0.01	0.54	0.43	0.49	0.36	0.04	0.00	0.60	0.60	0.55	0.45	0.15	0.06	0.53	0.47	0.53	0.46	0.24	0.10
PAR1	59.15	59.15	59.15	59.15	59.15	59.15	59.15	59.15	59.15	59.15	59.15	59.15	59.15	59.15	59.15	59.15	59.15	59.15	59.15	59.15	59.15	59.15	59.15	59.15
PAR2	179.76	179.76	179.76	179.76	179.76	179.76	179.76	179.76	179.76	179.76	179.76	179.76	179.76	179.76	179.76	179.76	179.76	179.76	179.76	179.76	179.76	179.76	179.76	179.76
PAR3	300.37	300.37	300.37	300.37	300.37	300.37	300.37	300.37	300.37	300.37	300.37	300.37	300.37	300.37	300.37	300.37	300.37	300.37	300.37	300.37	300.37	300.37	300.37	300.37
PAR4	420.98	420.98	420.98	420.98	420.98	420.98	420.98	420.98	420.98	420.98	420.98	420.98	420.98	420.98	420.98	420.98	420.98	420.98	420.98	420.98	420.98	420.98	420.98	420.98
PAR5	541.59	541.59	541.59	541.59	541.59	541.59	541.59	541.59	541.59	541.59	541.59	541.59	541.59	541.59	541.59	541.59	541.59	541.59	541.59	541.59	541.59	541.59	541.59	541.59
PAR6	662.20	662.20	662.20	662.20	662.20	662.20	662.20	662.20	662.20	662.20	662.20	662.20	662.20	662.20	662.20	662.20	662.20	662.20	662.20	662.20	662.20	662.20	662.20	662.20
PAR7	782.81	782.81	782.81	782.81	782.81	782.81	782.81	782.81	782.81	782.81	782.81	782.81	782.81	782.81	782.81	782.81	782.81	782.81	782.81	782.81	782.81	782.81	782.81	782.81
PAR8	903.42	903.42	903.42	903.42	903.42	903.42	903.42	903.42	903.42	903.42	903.42	903.42	903.42	903.42	903.42	903.42	903.42	903.42	903.42	903.42	903.42	903.42	903.42	903.42
PAR9	1024.03	1024.03	1024.03	1024.03	1024.03	1024.03	1024.03	1024.03	1024.03	1024.03	1024.03	1024.03	1024.03	1024.03	1024.03	1024.03	1024.03	1024.03	1024.03	1024.03	1024.03	1024.03	1024.03	1024.03
PAR10	1144.64	1144.64	1144.64	1144.64	1144.64	1144.64	1144.64	1144.64	1144.64	1144.64	1144.64	1144.64	1144.64	1144.64	1144.64	1144.64	1144.64	1144.64	1144.64	1144.64	1144.64	1144.64	1144.64	1144.64
PAR11	1265.25	1265.25	1265.25	1265.25	1265.25	1265.25	1265.25	1265.25	1265.25	1265.25	1265.25	1265.25	1265.25	1265.25	1265.25	1265.25	1265.25	1265.25	1265.25	1265.25	1265.25	1265.25	1265.25	1265.25
PAR12	1385.86	1385.86	1385.86	1385.86	1385.86	1385.86	1385.86	1385.86	1385.86	1385.86	1385.86	1385.86	1385.86	1385.86	1385.86	1385.86	1385.86	1385.86	1385.86	1385.86	1385.86	1385.86	1385.86	1385.86
PAR13	1506.47	1506.47	1506.47	1506.47	1506.47	1506.47	1506.47	1506.47	1506.47	1506.47	1506.47	1506.47	1506.47	1506.47	1506.47	1506.47	1506.47	1506.47	1506.47	1506.47	1506.47	1506.47	1506.47	1506.47
PAR14	1627.08	1627.08	1627.08	1627.08	1627.08	1627.08	1627.08	1627.08	1627.08	1627.08	1627.08	1627.08	1627.08	1627.08	1627.08	1627.08	1627.08	1627.08	1627.08	1627.08	1627.08	1627.08	1627.08	1627.08
PAR15	1747.69	1747.69	1747.69	1747.69	1747.69	1747.69	1747.69	1747.69	1747.69	1747.69	1747.69	1747.69	1747.69	1747.69	1747.69	1747.69	1747.69	1747.69	1747.69	1747.69	1747.69	1747.69	1747.69	1747.69
ETR1	15.2020	15.1673	14.9398	14.4217	13.1191	11.6303	14.8989	14.6791	14.6338	14.3352	10.9252	10.1024	15.2478	14.9204	14.8288	14.5059	12.8347	12.0615	14.9161	14.7214	14.2506	13.6804	13.3683	10.7446
ETR2	42.6924	41.4939	41.1075	39.5620	32.4946	17.0131	40.7911	38.2061	39.6490	37.8451	23.9361	13.7544	42.9610	42.1307	41.4510	39.2444	30.7013	16.4913	41.3985	40.6524	38.9558	37.1678	32.2431	20.5202
ETR3	65.7671	61.9105	62.3556	60.7733	44.9691	16.5767	61.9274	54.7261	60.1454	55.0470	31.4777	11.2844	66.3085	65.4400	64.7394	59.4113	42.7062	15.0916	63.6099	61.4054	59.6620	56.4860	43.7554	24.8643
ETR4	84.7727	76.7845	79.1868	77.4015	55.1010	15.6957	79.1978	66.0215	76.2239	66.5735	31.6308	8.5421	84.3670	85.1077	83.5008	74.6713	49.3108	12.8699	80.9771	77.0626	76.8805	72.5831	49.5946	25.3841
ETR5	98.6959	88.7647	91.4366	89.0493	59.0207	11.8824	92.7474	74.7288	88.1206	75.3448	29.0414	6.8524	99.0716	100.4660	98.4750	86.5484	55.0782	11.2620	94.5236	87.9036	90.6159	84.8750	52.6189	26.6908
ETR6	110.1657	95.4511	100.6241	97.7671	64.6589	11.0203	102.4722	80.3064	96.3368	81.3996	24.6490	3.6595	109.9508	113.5097	111.5681	94.8229	57.1680	9.2767	104.9835	95.6256	100.9571	93.3430	52.4391	25.1693
ETR7	119.7374	100.8171	107.2821	105.1773	65.5917	7.2761	110.7275	85.0085	100.8950	84.7713	19.2038	4.6413	118.4198	123.4815	119.0735	98.9902	58.5841	7.1477	111.0798	99.6006	107.5347	97.8265	55.1136	23.4871
ETR8	124.3415	102.1710	111.4387	105.3931	63.3752	7.2911	114.8817	85.0286	105.1192	84.1873	16.0888	3.1365	123.4490	129.4576	126.0853	103.6948	56.8056	5.1432	116.8299	102.4365	112.8542	101.1647	53.2269	20.7766
ETR9	128.1801	104.0989	112.5034	103.1518	69.2664	6.7588	119.6087	85.5565	103.8907	83.4699	12.0235	2.5872	127.2756	134.9894	127.3099	104.8099	60.6169	4.4900	118.7750	101.9711	116.2096	102.5042	55.0491	23.0677
ETR10	129.3141	104.8591	113.7249	102.0535	69.0003	2.9304	119.8986	87.5806	101.9777	83.6809	10.5413	-0.3286	127.2902	135.5935	132.3344	101.0633	52.4448	3.4681	120.2570	102.9394	117.7029	102.5657	54.1465	21.2772
ETR11	127.2699	105.1011	108.4993	99.3155	67.5691	4.3596	119.8588	86.0413	104.6075	79.6537	7.1711	4.4626	132.2484	134.3151	128.1431	100.9934	52.4492	8.4654	116.6388	104.0540	118.7794	102.6528	55.1832	18.3691
ETR12	123.8352	99.0582	111.6919	101.2228	79.3439	9.6616	122.2236	85.2328	99.5435	76.3180	13.4543	7.8657	128.2888	136.1174	124.8602	101.4842	46.3255	1.3181	121.5283	102.8570	115.7089	97.0530	48.5105	18.1000
ETR13	124.7750	98.8665	111.2135	96.7456	70.8101	9.7075	117.8339	84.8325	97.6534	73.4535	9.9889	10.2961	126.8700	134.3130	123.1947	95.0654	38.8998	6.9381	115.0088	98.2461	114.1181	100.1440	48.6563	18.6625
ETR14	122.0709	96.8692	111.6374	89.4967	60.0343	5.9745	112.1372	82.1790	91.9460	73.8566	8.4451	2.2641	121.7709	124.5311	115.0948	94.5255	37.1750	5.4979	102.9400	98.0936	112.2284	93.7715	44.7141	12.1290
ETR15	113.9404	104.7956	105.2317	101.2404	67.7641	2.3016	112.0676	84.7551	97.3371	67.0563	6.5712	0.7782	126.2392	125.8752	109.8891	87.8738	27.3649	10.5396	107.5797	91.5543	106.3150	88.7891	43.0204	17.5143
