FluorCam7 Numeric Avg Export File
-----------------------------------
	Area 1	Area 2	Area 3	Area 4	Area 5	Area 6	Area 7	Area 8	Area 9	Area 10	Area 11	Area 12	Area 13	Area 14	Area 15	Area 16	Area 17	Area 18	Area 19	Area 20	Area 21	Area 22	Area 23	Area 24
Size [pixels]	4565	3941	5705	4038	4159	3888	4230	4890	4542	6962	4181	4086	5090	3422	2710	5059	4353	5206	4054	6108	4590	5046	2903	2875
Fo	1806.74	2106.96	2343.53	2296.53	1858.20	1502.95	2123.73	2201.24	2826.89	2680.56	2281.41	2065.60	2256.38	2225.29	1982.76	2141.56	2052.58	2133.32	1847.30	2314.35	2268.50	2219.18	1750.56	1667.66
Fm	5750.06	6563.72	7458.62	7326.90	5915.76	4842.19	6124.74	6398.87	8224.71	7629.52	6541.44	6234.48	7074.38	6912.42	6146.83	6656.33	6132.36	6734.07	5913.69	7474.81	7269.29	6781.35	5215.26	5464.02
Fv	3943.31	4456.77	5115.09	5030.37	4057.56	3339.24	4001.01	4197.62	5397.82	4948.96	4260.04	4168.88	4818.00	4687.13	4164.06	4514.77	4079.78	4600.75	4066.39	5160.47	5000.78	4562.17	3464.70	3796.37
Fm_Lss1	5636.73	6502.81	7330.24	7229.58	5785.23	4755.84	6052.53	6297.63	8186.05	7527.44	6463.28	6169.42	6978.18	6893.18	6037.20	6606.37	6008.90	6643.17	5803.30	7380.43	7196.06	6648.47	5118.16	5346.92
Ft_Lss1	1896.19	2210.78	2453.11	2385.39	1954.59	1577.70	2251.95	2338.49	3006.52	2850.86	2410.88	2182.38	2396.63	2380.66	2099.54	2247.53	2136.28	2258.77	1965.66	2462.92	2403.78	2325.25	1825.41	1742.26
Fo_Lss1	1795.40	2100.64	2330.70	2286.88	1845.13	1494.53	2114.98	2189.14	2822.31	2667.85	2271.82	2058.41	2246.51	2223.30	1971.22	2136.36	2038.56	2124.11	1836.39	2305.22	2261.32	2204.76	1739.48	1656.59
Fv_Lss1	3841.33	4402.17	4999.54	4942.70	3940.11	3261.31	3937.55	4108.49	5363.74	4859.60	4191.46	4111.01	4731.67	4669.88	4065.98	4470.01	3970.34	4519.06	3966.91	5075.21	4934.74	4443.70	3378.67	3690.34
Fq_Lss1	3740.54	4292.03	4877.14	4844.19	3830.64	3178.14	3800.59	3959.14	5179.54	4676.58	4052.40	3987.04	4581.54	4512.52	3937.66	4358.85	3872.62	4384.41	3837.64	4917.51	4792.28	4323.22	3292.75	3604.67
QY_max	0.69	0.68	0.69	0.69	0.69	0.69	0.65	0.66	0.66	0.65	0.65	0.67	0.68	0.68	0.68	0.68	0.67	0.68	0.69	0.69	0.69	0.67	0.66	0.69
Fv/Fm_Lss1	0.68	0.68	0.68	0.68	0.68	0.69	0.65	0.65	0.66	0.65	0.65	0.67	0.68	0.68	0.67	0.68	0.66	0.68	0.68	0.69	0.69	0.67	0.66	0.69
QY_Lss1	0.66	0.66	0.67	0.67	0.66	0.67	0.63	0.63	0.63	0.62	0.63	0.65	0.66	0.65	0.65	0.66	0.64	0.66	0.66	0.67	0.67	0.65	0.64	0.67
NPQ_Lss1	0.02	0.01	0.02	0.01	0.02	0.02	0.01	0.02	0.00	0.01	0.01	0.01	0.01	0.00	0.02	0.01	0.02	0.01	0.02	0.01	0.01	0.02	0.02	0.02
qN_Lss1	0.03	0.01	0.03	0.02	0.03	0.03	0.02	0.02	0.01	0.02	0.02	0.02	0.02	0.00	0.03	0.01	0.03	0.02	0.03	0.02	0.01	0.03	0.03	0.03
qP_Lss1	0.97	0.97	0.98	0.98	0.97	0.97	0.97	0.96	0.97	0.96	0.97	0.97	0.97	0.97	0.97	0.98	0.98	0.97	0.97	0.97	0.97	0.97	0.97	0.98
qL_Lss1	1.03	1.03	1.03	1.02	1.03	1.03	1.03	1.03	1.03	1.03	1.03	1.03	1.03	1.03	1.03	1.03	1.02	1.03	1.04	1.04	1.03	1.03	1.02	1.03
PAR1	10.90	10.90	10.90	10.90	10.90	10.90	10.90	10.90	10.90	10.90	10.90	10.90	10.90	10.90	10.90	10.90	10.90	10.90	10.90	10.90	10.90	10.90	10.90	10.90
ETR1	2.8941	2.8785	2.9017	2.9222	2.8877	2.9144	2.7385	2.7418	2.7594	2.7095	2.7344	2.8185	2.8634	2.8550	2.8445	2.8775	2.8107	2.8783	2.8840	2.9058	2.9044	2.8359	2.8058	2.9401
