FluorCam7 Numeric Avg Export File
-----------------------------------
	Area 1	Area 2	Area 3	Area 4	Area 5	Area 6	Area 7	Area 8	Area 9	Area 10	Area 11	Area 12	Area 13	Area 14	Area 15	Area 16	Area 17	Area 18	Area 19	Area 20	Area 21	Area 22	Area 23	Area 24
Size [pixels]	4704	4055	5725	4002	3984	2798	4336	4953	4619	6739	4080	3934	5232	3722	2731	5141	4407	5085	4200	6268	4411	4947	2891	2781
Fo	1707.86	2021.68	2256.50	2219.93	1842.74	1351.56	2050.27	2115.67	2706.39	2651.04	2238.30	2112.99	2159.60	2065.56	1902.89	2091.64	1955.05	2080.53	1779.99	2237.48	2206.12	2177.58	1653.83	1626.84
Fm	5603.18	6469.95	7163.81	6878.06	5280.06	3428.62	6093.36	6242.34	7918.66	7392.59	5990.49	5471.84	7118.82	6564.93	5875.82	6369.51	5493.92	5583.49	5921.16	7373.72	7165.75	6549.03	4612.24	4506.82
Fv	3895.31	4448.27	4907.31	4658.13	3437.31	2077.06	4043.09	4126.67	5212.27	4741.55	3752.19	3358.85	4959.21	4499.36	3972.93	4277.87	3538.87	3502.96	4141.16	5136.24	4959.63	4371.45	2958.41	2879.99
Fm_Lss1	5501.45	6314.89	6887.62	6568.83	4859.01	3165.99	6115.58	6250.68	7945.30	7314.43	5839.49	5160.52	7040.53	6524.23	5779.05	6085.58	5065.55	5279.87	5936.44	7319.77	7131.55	6351.78	4324.01	4442.73
Fm_Lss2	5086.35	5831.67	6348.29	5846.07	3963.18	2920.24	5821.66	5874.82	7549.89	6941.51	5225.41	4515.95	6824.47	6179.77	5301.35	5565.81	4343.71	4894.14	5588.83	6973.76	6755.63	5953.92	3708.52	4131.29
Fm_Lss3	5124.91	5842.96	6214.21	5548.40	3590.54	3081.03	5882.47	5852.52	7558.58	6892.68	5038.86	4164.00	6877.92	6258.86	5154.95	5343.22	3953.47	4874.18	5716.30	6970.52	6743.57	5903.37	3435.54	4166.88
Fm_Lss4	4941.29	5723.29	5845.69	5088.83	3234.48	3091.22	5715.72	5600.83	7184.51	6615.00	4734.88	3866.44	6694.99	6022.04	4749.21	4842.67	3556.08	4914.57	5593.81	6757.41	6391.15	5647.78	3142.51	4149.18
Fm_Lss5	4693.06	5514.70	5417.96	4602.59	2844.07	3085.97	5480.74	5251.56	6578.84	6161.84	4423.08	3616.17	6477.62	5669.85	4368.68	4396.04	3226.69	4866.04	5410.63	6328.20	5912.65	5311.17	2836.30	4083.43
Fm_Lss6	4395.70	5156.53	4887.33	3992.21	2547.82	2545.20	5066.40	4790.50	5856.99	5639.05	4038.26	3456.06	6128.51	5281.46	3973.88	3926.06	2887.30	4777.43	5179.56	5904.93	5427.02	4893.70	2515.43	4003.23
Fm_Lss7	4019.51	4745.95	4404.70	3542.11	2344.97	2455.97	4599.59	4316.56	5235.20	5052.97	3676.84	3354.83	5753.43	4915.95	3590.29	3493.21	2593.10	4615.52	4835.23	5405.39	4892.45	4419.25	2253.41	3836.34
Fm_Lss8	3682.16	4285.71	3948.00	3196.86	2147.37	2362.55	4135.04	3900.57	4654.70	4540.24	3302.31	3281.70	5407.69	4519.40	3297.84	3138.56	2396.66	4480.61	4520.49	5001.69	4465.46	4018.64	2057.65	3755.66
Fm_Lss9	3397.80	3897.17	3627.86	2947.50	2050.23	2257.37	3742.57	3559.27	4241.38	4111.90	3001.44	3310.72	5092.45	4211.91	3096.04	2880.55	2242.76	4307.45	4282.79	4678.30	4115.02	3679.72	1918.22	3615.88
Fm_Lss10	3123.15	3515.82	3336.16	2787.39	2001.47	2225.11	3411.71	3253.22	3843.81	3733.34	2756.10	3321.37	4776.28	3884.56	2830.52	2677.10	2094.92	4140.15	3933.71	4332.34	3789.00	3353.97	1827.56	3454.13
Fm_Lss11	2790.21	3146.68	3103.39	2579.02	1910.45	2039.85	3060.64	2943.98	3511.83	3375.30	2494.02	3310.30	4408.02	3502.62	2613.10	2491.89	1971.38	3848.36	3604.51	3981.34	3398.14	3041.78	1656.60	3256.25
Fm_Lss12	2678.44	2957.47	2952.50	2548.72	1918.94	1887.06	2893.08	2812.39	3380.47	3154.79	2416.28	3377.27	4203.31	3370.84	2534.89	2379.74	1951.56	3743.35	3490.11	3795.50	3275.90	2896.83	1635.86	3165.76
Fm_Lss13	2414.59	2706.37	2761.82	2398.90	1895.37	1805.52	2665.01	2599.15	3142.27	2920.51	2244.13	3372.44	3876.61	3046.53	2320.29	2229.40	1844.12	3513.82	3116.59	3477.12	2968.58	2695.15	1566.96	2969.00
Fm_Lss14	2340.15	2593.79	2678.06	2387.86	1898.65	1739.97	2555.70	2485.31	3012.18	2785.29	2147.18	3432.15	3676.65	2934.82	2244.53	2182.33	1827.42	3385.61	2987.59	3303.31	2859.24	2594.95	1551.36	2876.02
Fm_Lss15	2247.93	2485.77	2607.42	2353.90	1939.99	1671.78	2395.84	2379.93	2934.35	2669.46	2118.63	3495.05	3472.16	2798.32	2167.56	2121.78	1826.33	3228.09	2809.21	3130.78	2734.12	2471.43	1499.94	2756.81
Ft_Lss1	1956.35	2272.55	2563.81	2532.21	2104.99	1736.45	2474.78	2623.60	3320.99	3574.12	3069.92	3204.42	2621.17	2501.17	2215.42	2380.17	2192.49	2957.15	2129.95	2632.75	2615.98	2485.66	1908.60	2135.72
Ft_Lss2	2082.97	2377.08	2714.45	2627.00	2136.88	2245.00	2791.09	2977.92	3792.62	4137.99	3563.56	3549.86	2976.45	2771.31	2337.35	2499.96	2273.25	3847.59	2353.49	2869.20	2821.19	2605.29	1943.96	3030.66
Ft_Lss3	2321.88	2579.62	2924.47	2764.19	2138.83	2651.10	3064.04	3211.48	4118.48	4279.60	3553.23	3489.60	3539.65	3272.30	2546.36	2597.98	2286.15	4254.03	2821.51	3321.53	3244.31	2765.29	1993.00	3491.67
Ft_Lss4	2461.68	2716.97	2983.68	2708.93	2032.86	2757.22	3199.06	3250.99	4168.45	4158.11	3364.26	3294.61	3916.17	3486.84	2535.46	2569.18	2210.06	4461.79	3105.75	3600.87	3395.52	2802.42	1917.37	3668.91
Ft_Lss5	2545.87	2816.04	2980.87	2606.85	1932.62	2794.99	3237.34	3215.48	4058.95	3969.12	3185.48	3177.93	4102.29	3591.63	2491.26	2469.44	2133.56	4561.12	3272.83	3729.28	3447.04	2833.40	1829.97	3749.21
Ft_Lss6	2540.27	2824.62	2879.61	2439.32	1798.76	2290.41	3141.90	3066.16	3816.04	3724.33	2941.65	3067.08	4136.94	3542.48	2375.40	2332.04	1996.21	4515.10	3286.86	3672.79	3358.23	2739.64	1696.53	3682.87
Ft_Lss7	2578.35	2847.18	2809.04	2377.99	1776.90	2311.59	3098.88	3002.11	3681.35	3552.93	2835.88	3099.31	4218.44	3616.09	2362.40	2255.92	1949.45	4533.95	3432.32	3694.87	3343.51	2690.09	1679.56	3748.24
Ft_Lss8	2493.74	2735.94	2666.61	2248.89	1718.72	2229.76	2924.74	2821.12	3436.19	3307.68	2627.86	3126.74	4127.96	3465.29	2276.27	2161.84	1868.26	4393.31	3377.89	3574.31	3194.31	2579.72	1592.45	3622.93
Ft_Lss9	2420.79	2637.07	2558.84	2189.54	1675.14	2166.77	2775.16	2675.01	3240.17	3108.57	2461.94	3175.10	4056.70	3376.91	2206.24	2065.61	1801.94	4275.62	3320.97	3461.85	3070.38	2502.21	1523.05	3533.47
Ft_Lss10	2267.11	2463.90	2450.30	2115.16	1652.15	2076.72	2575.47	2493.96	3026.63	2877.16	2295.51	3175.12	3893.63	3125.18	2091.55	1965.63	1729.12	4035.77	3108.65	3297.94	2868.37	2370.16	1459.97	3360.32
Ft_Lss11	2096.19	2297.31	2321.52	2011.77	1600.50	1927.73	2362.95	2302.91	2822.92	2663.20	2107.63	3160.62	3676.16	2871.15	1964.80	1887.97	1634.50	3778.27	2834.31	3066.96	2652.83	2229.82	1333.52	3089.56
Ft_Lss12	2065.77	2244.63	2297.41	2062.28	1666.75	1920.82	2321.04	2267.75	2785.48	2575.49	2065.43	3281.68	3590.24	2836.43	1967.31	1872.58	1666.86	3693.83	2840.49	3041.09	2633.48	2213.87	1409.38	3090.94
Ft_Lss13	1956.57	2112.74	2217.26	1990.51	1630.92	1727.17	2183.61	2137.27	2654.43	2430.67	1975.17	3275.29	3387.84	2644.69	1877.69	1825.41	1621.97	3473.30	2629.19	2870.06	2467.15	2122.43	1334.28	2889.07
Ft_Lss14	1908.50	2079.80	2214.94	2023.30	1679.21	1667.41	2114.13	2063.34	2617.12	2363.33	1952.25	3394.08	3246.35	2576.49	1858.83	1830.04	1607.73	3342.75	2576.29	2787.35	2422.01	2094.66	1331.14	2813.75
Ft_Lss15	1872.54	2024.82	2168.46	2019.39	1696.13	1592.57	2060.68	2015.74	2548.30	2287.22	1913.88	3472.55	3113.31	2477.87	1835.65	1804.08	1636.70	3200.59	2456.58	2701.46	2351.63	2061.52	1338.99	2713.76
Fo_Lss1	1698.29	2006.29	2228.35	2186.71	1788.65	1308.76	2052.78	2116.63	2709.50	2640.92	2216.88	2064.89	2152.34	2061.52	1892.63	2060.07	1897.94	2036.89	1781.37	2232.48	2202.87	2155.33	1615.22	1618.41
Fo_Lss2	1656.56	1954.82	2168.74	2100.27	1651.26	1264.76	2018.57	2071.74	2661.96	2590.67	2122.20	1953.33	2131.71	2025.84	1838.37	1996.94	1786.69	1976.78	1748.74	2199.20	2165.65	2107.54	1520.93	1575.15
Fo_Lss3	1660.63	1956.09	2152.87	2060.55	1582.81	1294.01	2025.83	2068.96	2663.04	2583.84	2090.76	1884.44	2136.90	2034.26	1820.45	1967.54	1716.98	1973.52	1761.02	2198.88	2164.41	2101.17	1472.93	1580.30
Fo_Lss4	1640.87	1942.49	2106.86	1993.69	1509.56	1295.80	2005.68	2036.61	2615.07	2543.81	2036.51	1821.01	2118.91	2008.59	1767.13	1895.40	1637.51	1980.11	1749.22	2177.22	2126.77	2067.86	1416.31	1577.74
Fo_Lss5	1612.55	1917.87	2048.57	1914.45	1418.67	1294.88	1975.95	1988.52	2530.28	2473.85	1976.58	1763.53	2096.64	1967.82	1711.66	1822.91	1563.99	1972.18	1730.90	2130.66	2070.99	2020.97	1350.59	1568.14
Fo_Lss6	1575.92	1872.64	1967.79	1799.98	1340.90	1188.89	1919.36	1918.60	2415.77	2385.07	1895.85	1724.56	2058.68	1918.85	1647.53	1736.70	1479.68	1957.47	1706.54	2080.45	2008.06	1957.43	1273.26	1556.17
Fo_Lss7	1524.76	1815.60	1884.64	1702.44	1282.51	1169.05	1848.30	1837.78	2302.95	2273.54	1812.22	1698.98	2014.57	1868.37	1577.64	1646.45	1398.38	1929.73	1667.42	2014.85	1930.03	1876.83	1202.48	1530.29
Fo_Lss8	1473.54	1743.95	1795.76	1618.43	1221.06	1147.45	1768.46	1757.96	2183.18	2163.60	1716.28	1680.02	1970.45	1808.08	1518.47	1563.20	1339.19	1905.74	1628.32	1956.00	1859.87	1800.60	1144.38	1517.29
Fo_Lss9	1425.79	1675.96	1726.46	1551.96	1189.02	1122.06	1692.55	1685.14	2087.75	2061.28	1631.30	1687.60	1926.99	1756.77	1474.23	1496.44	1289.73	1873.70	1596.41	1904.51	1796.16	1729.23	1099.92	1493.96
Fo_Lss10	1375.05	1601.27	1657.49	1506.40	1172.46	1114.03	1621.44	1613.28	1986.61	1961.57	1556.01	1690.36	1879.90	1697.12	1411.19	1439.61	1239.43	1841.34	1545.29	1844.55	1731.14	1653.76	1069.50	1465.60
Fo_Lss11	1306.42	1520.05	1597.95	1443.38	1140.62	1065.58	1537.62	1533.41	1894.07	1858.01	1468.87	1687.49	1820.05	1619.94	1354.98	1384.28	1195.12	1781.27	1491.77	1777.82	1644.71	1574.10	1008.59	1428.76
Fo_Lss12	1281.38	1474.48	1556.98	1433.84	1143.65	1022.34	1494.14	1496.92	1855.19	1789.17	1441.55	1704.72	1784.18	1591.17	1333.65	1348.96	1187.81	1758.44	1471.81	1739.78	1615.53	1534.37	1000.86	1411.06
Fo_Lss13	1217.72	1409.29	1502.28	1385.17	1135.23	997.92	1430.90	1434.29	1781.09	1711.31	1378.47	1703.49	1722.56	1515.04	1271.77	1299.30	1147.13	1706.09	1401.00	1669.70	1537.06	1475.87	974.64	1370.58
Fo_Lss14	1198.49	1378.14	1477.15	1381.48	1136.41	977.57	1398.78	1398.93	1738.54	1663.98	1341.27	1718.59	1681.91	1486.90	1248.67	1283.17	1140.65	1675.28	1374.32	1628.55	1507.22	1445.31	968.58	1350.43
Fo_Lss15	1173.83	1347.04	1455.40	1370.05	1151.09	955.67	1349.49	1364.91	1712.32	1621.93	1330.07	1734.22	1637.79	1451.04	1224.47	1261.99	1140.22	1635.79	1335.32	1585.48	1471.72	1406.17	948.28	1323.55
Fv_Lss1	3803.16	4308.60	4659.27	4382.13	3070.36	1857.23	4062.80	4134.05	5235.80	4673.51	3622.61	3095.63	4888.19	4462.71	3886.43	4025.50	3167.61	3242.98	4155.06	5087.28	4928.68	4196.45	2708.78	2824.32
Fv_Lss2	3429.79	3876.84	4179.55	3745.80	2311.92	1655.48	3803.09	3803.08	4887.94	4350.84	3103.21	2562.62	4692.76	4153.93	3462.98	3568.86	2557.02	2917.36	3840.10	4774.56	4589.98	3846.38	2187.59	2556.14
Fv_Lss3	3464.29	3886.87	4061.34	3487.84	2007.73	1787.02	3856.64	3783.56	4895.55	4308.84	2948.10	2279.57	4741.03	4224.59	3334.51	3375.69	2236.49	2900.66	3955.28	4771.64	4579.16	3802.20	1962.61	2586.58
Fv_Lss4	3300.42	3780.79	3738.83	3095.14	1724.93	1795.41	3710.04	3564.22	4569.45	4071.19	2698.37	2045.43	4576.08	4013.45	2982.08	2947.27	1918.57	2934.46	3844.59	4580.18	4264.38	3579.92	1726.20	2571.43
Fv_Lss5	3080.51	3596.82	3369.39	2688.14	1425.40	1791.09	3504.79	3263.04	4048.56	3688.00	2446.50	1852.64	4380.98	3702.03	2657.03	2573.14	1662.70	2893.85	3679.73	4197.54	3841.66	3290.20	1485.71	2515.28
Fv_Lss6	2819.78	3283.90	2919.55	2192.23	1206.92	1356.31	3147.03	2871.90	3441.23	3253.98	2142.41	1731.49	4069.83	3362.62	2326.36	2189.36	1407.62	2819.96	3473.02	3824.48	3418.96	2936.27	1242.18	2447.06
Fv_Lss7	2494.76	2930.36	2520.06	1839.67	1062.46	1286.92	2751.29	2478.78	2932.25	2779.43	1864.62	1655.84	3738.86	3047.58	2012.65	1846.76	1194.72	2685.79	3167.81	3390.54	2962.42	2542.42	1050.93	2306.05
Fv_Lss8	2208.61	2541.76	2152.24	1578.43	926.31	1215.10	2366.58	2142.61	2471.52	2376.64	1586.03	1601.67	3437.24	2711.32	1779.37	1575.36	1057.48	2574.87	2892.17	3045.69	2605.59	2218.04	913.27	2238.37
Fv_Lss9	1972.01	2221.21	1901.40	1395.53	861.21	1135.31	2050.02	1874.14	2153.63	2050.62	1370.15	1623.12	3165.46	2455.14	1621.81	1384.11	953.03	2433.75	2686.38	2773.78	2318.86	1950.48	818.30	2121.92
Fv_Lss10	1748.10	1914.56	1678.66	1280.99	829.01	1111.08	1790.27	1639.94	1857.20	1771.78	1200.09	1631.01	2896.38	2187.44	1419.32	1237.50	855.49	2298.81	2388.42	2487.79	2057.86	1700.22	758.06	1988.53
Fv_Lss11	1483.79	1626.63	1505.44	1135.64	769.83	974.27	1523.02	1410.58	1617.76	1517.29	1025.15	1622.81	2587.96	1882.68	1258.11	1107.61	776.26	2067.09	2112.74	2203.52	1753.43	1467.68	648.02	1827.49
Fv_Lss12	1397.06	1482.98	1395.52	1114.88	775.30	864.72	1398.93	1315.47	1525.28	1365.62	974.73	1672.55	2419.14	1779.67	1201.24	1030.78	763.75	1984.91	2018.30	2055.72	1660.36	1362.47	635.00	1754.69
Fv_Lss13	1196.87	1297.08	1259.54	1013.73	760.14	807.59	1234.11	1164.86	1361.17	1209.19	865.66	1668.95	2154.06	1531.48	1048.53	930.10	696.99	1807.74	1715.59	1807.42	1431.52	1219.28	592.32	1598.42
Fv_Lss14	1141.65	1215.65	1200.91	1006.38	762.24	762.40	1156.92	1086.38	1273.65	1121.31	805.91	1713.56	1994.74	1447.92	995.86	899.17	686.77	1710.33	1613.27	1674.75	1352.02	1149.64	582.78	1525.60
Fv_Lss15	1074.10	1138.73	1152.02	983.85	788.90	716.11	1046.34	1015.02	1222.03	1047.52	788.56	1760.83	1834.37	1347.29	943.08	859.79	686.11	1592.30	1473.89	1545.30	1262.41	1065.27	551.65	1433.26
Fq_Lss1	3545.11	4042.34	4323.81	4036.63	2754.03	1429.54	3640.80	3627.08	4624.31	3740.31	2769.57	1956.09	4419.36	4023.05	3563.63	3705.41	2873.06	2322.72	3806.48	4687.02	4515.57	3866.12	2415.41	2307.01
Fq_Lss2	3003.39	3454.58	3633.84	3219.08	1826.30	675.24	3030.57	2896.90	3757.27	2803.52	1661.85	966.09	3848.02	3408.46	2964.00	3065.84	2070.46	1046.55	3235.35	4104.56	3934.44	3348.63	1764.56	1100.63
Fq_Lss3	2803.03	3263.34	3289.74	2784.20	1451.71	429.93	2818.43	2641.04	3440.11	2613.08	1485.63	674.40	3338.27	2986.56	2608.60	2745.24	1667.32	620.15	2894.79	3648.99	3499.26	3138.08	1442.55	675.20
Fq_Lss4	2479.60	3006.32	2862.01	2379.90	1201.63	334.00	2516.66	2349.84	3016.06	2456.90	1370.63	571.83	2778.82	2535.19	2213.75	2273.49	1346.02	452.78	2488.06	3156.54	2995.62	2845.36	1225.14	480.27
Fq_Lss5	2147.19	2698.66	2437.09	1995.74	911.46	290.98	2243.40	2036.08	2519.89	2192.73	1237.60	438.24	2375.33	2078.22	1877.43	1926.61	1093.14	304.92	2137.80	2598.92	2465.61	2477.76	1006.33	334.21
Fq_Lss6	1855.43	2331.91	2007.73	1552.89	749.06	254.79	1924.49	1724.34	2040.96	1914.72	1096.61	388.98	1991.57	1738.99	1598.48	1594.03	891.09	262.33	1892.70	2232.14	2068.79	2154.06	818.90	320.37
Fq_Lss7	1441.16	1898.78	1595.66	1164.12	568.07	144.38	1500.71	1314.45	1553.85	1500.03	840.97	255.51	1534.99	1299.86	1227.89	1237.29	643.65	81.58	1402.91	1710.52	1548.94	1729.16	573.85	88.10
Fq_Lss8	1188.41	1549.77	1281.39	947.97	428.65	132.79	1210.31	1079.45	1218.51	1232.57	674.45	154.96	1279.73	1054.11	1021.58	976.73	528.40	87.30	1142.60	1427.38	1271.15	1438.92	465.20	132.73
Fq_Lss9	977.01	1260.10	1069.01	757.96	375.10	90.60	967.41	884.26	1001.22	1003.34	539.51	135.62	1035.75	835.00	889.80	814.94	440.82	31.83	961.81	1216.44	1044.64	1177.51	395.17	82.41
Fq_Lss10	856.04	1051.93	885.85	672.24	349.32	148.40	836.24	759.27	817.18	856.19	460.59	146.24	882.65	759.38	738.97	711.47	365.80	104.38	825.06	1034.39	920.63	983.81	367.59	93.81
Fq_Lss11	694.02	849.37	781.88	567.24	309.95	112.12	697.69	641.08	688.92	712.11	386.39	149.68	731.86	631.48	648.30	603.92	336.87	70.09	770.20	914.38	745.30	811.96	323.09	166.69
Fq_Lss12	612.67	712.84	655.09	486.44	252.19	-33.76	572.03	544.63	594.99	579.31	350.85	95.59	613.07	534.41	567.57	507.16	284.70	49.52	649.62	754.41	642.41	682.96	226.48	74.82
Fq_Lss13	458.02	593.63	544.56	408.39	264.45	78.34	481.40	461.88	487.84	489.84	268.95	97.15	488.77	401.84	442.60	403.99	222.15	40.53	487.40	607.06	501.42	572.72	232.68	79.93
Fq_Lss14	431.65	513.99	463.12	364.56	219.44	72.57	441.57	421.97	395.07	421.97	194.93	38.07	430.30	358.33	385.70	352.29	219.68	42.86	411.30	515.96	437.23	500.28	220.22	62.27
Fq_Lss15	375.39	460.95	438.96	334.50	243.86	79.21	335.16	364.19	386.05	382.24	204.75	22.50	358.85	320.45	331.91	317.70	189.64	27.50	352.64	429.32	382.49	409.92	160.95	43.05
QY_max	0.70	0.69	0.69	0.68	0.65	0.61	0.66	0.66	0.66	0.64	0.63	0.61	0.70	0.69	0.68	0.67	0.64	0.63	0.70	0.70	0.69	0.67	0.64	0.64
Fv/Fm_Lss1	0.69	0.68	0.68	0.67	0.63	0.59	0.66	0.66	0.66	0.64	0.62	0.60	0.69	0.68	0.67	0.66	0.63	0.61	0.70	0.70	0.69	0.66	0.63	0.64
Fv/Fm_Lss2	0.67	0.66	0.66	0.64	0.58	0.57	0.65	0.65	0.65	0.63	0.59	0.57	0.69	0.67	0.65	0.64	0.59	0.60	0.69	0.68	0.68	0.65	0.59	0.62
Fv/Fm_Lss3	0.68	0.67	0.65	0.63	0.56	0.58	0.66	0.65	0.65	0.63	0.59	0.55	0.69	0.67	0.65	0.63	0.57	0.60	0.69	0.68	0.68	0.64	0.57	0.62
Fv/Fm_Lss4	0.67	0.66	0.64	0.61	0.53	0.58	0.65	0.64	0.64	0.62	0.57	0.53	0.68	0.67	0.63	0.61	0.54	0.60	0.69	0.68	0.67	0.63	0.55	0.62
Fv/Fm_Lss5	0.66	0.65	0.62	0.58	0.50	0.58	0.64	0.62	0.62	0.60	0.55	0.51	0.68	0.65	0.61	0.59	0.52	0.59	0.68	0.66	0.65	0.62	0.52	0.62
Fv/Fm_Lss6	0.64	0.64	0.60	0.55	0.47	0.53	0.62	0.60	0.59	0.58	0.53	0.50	0.66	0.64	0.59	0.56	0.49	0.59	0.67	0.65	0.63	0.60	0.49	0.61
Fv/Fm_Lss7	0.62	0.62	0.57	0.52	0.45	0.52	0.60	0.57	0.56	0.55	0.51	0.49	0.65	0.62	0.56	0.53	0.46	0.58	0.66	0.63	0.61	0.58	0.47	0.60
Fv/Fm_Lss8	0.60	0.59	0.55	0.49	0.43	0.51	0.57	0.55	0.53	0.52	0.48	0.49	0.64	0.60	0.54	0.50	0.44	0.57	0.64	0.61	0.58	0.55	0.44	0.60
Fv/Fm_Lss9	0.58	0.57	0.52	0.47	0.42	0.50	0.55	0.53	0.51	0.50	0.46	0.49	0.62	0.58	0.52	0.48	0.42	0.57	0.63	0.59	0.56	0.53	0.43	0.59
Fv/Fm_Lss10	0.56	0.54	0.50	0.46	0.41	0.50	0.52	0.50	0.48	0.47	0.44	0.49	0.61	0.56	0.50	0.46	0.41	0.56	0.61	0.57	0.54	0.51	0.41	0.58
Fv/Fm_Lss11	0.53	0.52	0.49	0.44	0.40	0.48	0.50	0.48	0.46	0.45	0.41	0.49	0.59	0.54	0.48	0.44	0.39	0.54	0.59	0.55	0.52	0.48	0.39	0.56
Fv/Fm_Lss12	0.52	0.50	0.47	0.44	0.40	0.46	0.48	0.47	0.45	0.43	0.40	0.50	0.58	0.53	0.47	0.43	0.39	0.53	0.58	0.54	0.51	0.47	0.39	0.55
Fv/Fm_Lss13	0.50	0.48	0.46	0.42	0.40	0.45	0.46	0.45	0.43	0.41	0.39	0.49	0.56	0.50	0.45	0.42	0.38	0.51	0.55	0.52	0.48	0.45	0.38	0.54
Fv/Fm_Lss14	0.49	0.47	0.45	0.42	0.40	0.44	0.45	0.44	0.42	0.40	0.38	0.50	0.54	0.49	0.44	0.41	0.38	0.51	0.54	0.51	0.47	0.44	0.38	0.53
Fv/Fm_Lss15	0.48	0.46	0.44	0.42	0.41	0.43	0.44	0.43	0.42	0.39	0.37	0.50	0.53	0.48	0.44	0.41	0.38	0.49	0.52	0.49	0.46	0.43	0.37	0.52
QY_Lss1	0.64	0.64	0.63	0.61	0.57	0.45	0.60	0.58	0.58	0.51	0.47	0.38	0.63	0.62	0.62	0.61	0.57	0.44	0.64	0.64	0.63	0.61	0.56	0.52
QY_Lss2	0.59	0.59	0.57	0.55	0.46	0.23	0.52	0.49	0.50	0.40	0.32	0.21	0.56	0.55	0.56	0.55	0.48	0.21	0.58	0.59	0.58	0.56	0.48	0.27
QY_Lss3	0.55	0.56	0.53	0.50	0.40	0.14	0.48	0.45	0.46	0.38	0.29	0.16	0.49	0.48	0.51	0.51	0.42	0.13	0.51	0.52	0.52	0.53	0.42	0.16
QY_Lss4	0.50	0.53	0.49	0.47	0.37	0.11	0.44	0.42	0.42	0.37	0.29	0.15	0.42	0.42	0.47	0.47	0.38	0.09	0.44	0.47	0.47	0.50	0.39	0.12
QY_Lss5	0.46	0.49	0.45	0.43	0.32	0.09	0.41	0.39	0.38	0.36	0.28	0.12	0.37	0.37	0.43	0.44	0.34	0.06	0.40	0.41	0.42	0.47	0.35	0.08
QY_Lss6	0.42	0.45	0.41	0.39	0.29	0.10	0.38	0.36	0.35	0.34	0.27	0.11	0.32	0.33	0.40	0.41	0.31	0.05	0.37	0.38	0.38	0.44	0.33	0.08
QY_Lss7	0.36	0.40	0.36	0.33	0.24	0.06	0.33	0.30	0.30	0.30	0.23	0.08	0.27	0.26	0.34	0.35	0.25	0.02	0.29	0.32	0.32	0.39	0.25	0.02
QY_Lss8	0.32	0.36	0.32	0.30	0.20	0.06	0.29	0.28	0.26	0.27	0.20	0.05	0.24	0.23	0.31	0.31	0.22	0.02	0.25	0.29	0.28	0.36	0.23	0.04
QY_Lss9	0.29	0.32	0.29	0.26	0.18	0.04	0.26	0.25	0.24	0.24	0.18	0.04	0.20	0.20	0.29	0.28	0.20	0.01	0.22	0.26	0.25	0.32	0.21	0.02
QY_Lss10	0.27	0.30	0.27	0.24	0.17	0.07	0.25	0.23	0.21	0.23	0.17	0.04	0.18	0.20	0.26	0.27	0.17	0.03	0.21	0.24	0.24	0.29	0.20	0.03
QY_Lss11	0.25	0.27	0.25	0.22	0.16	0.05	0.23	0.22	0.20	0.21	0.15	0.05	0.17	0.18	0.25	0.24	0.17	0.02	0.21	0.23	0.22	0.27	0.20	0.05
QY_Lss12	0.23	0.24	0.22	0.19	0.13	-0.02	0.20	0.19	0.18	0.18	0.15	0.03	0.15	0.16	0.22	0.21	0.15	0.01	0.19	0.20	0.20	0.24	0.14	0.02
QY_Lss13	0.19	0.22	0.20	0.17	0.14	0.04	0.18	0.18	0.16	0.17	0.12	0.03	0.13	0.13	0.19	0.18	0.12	0.01	0.16	0.17	0.17	0.21	0.15	0.03
QY_Lss14	0.18	0.20	0.17	0.15	0.12	0.04	0.17	0.17	0.13	0.15	0.09	0.01	0.12	0.12	0.17	0.16	0.12	0.01	0.14	0.16	0.15	0.19	0.14	0.02
QY_Lss15	0.17	0.19	0.17	0.14	0.13	0.05	0.14	0.15	0.13	0.14	0.10	0.01	0.10	0.11	0.15	0.15	0.10	0.01	0.13	0.14	0.14	0.17	0.11	0.02
NPQ_Lss1	0.02	0.02	0.04	0.05	0.09	0.08	-0.00	-0.00	-0.00	0.01	0.03	0.06	0.01	0.01	0.02	0.05	0.08	0.06	-0.00	0.01	0.00	0.03	0.07	0.01
NPQ_Lss2	0.10	0.11	0.13	0.18	0.33	0.17	0.05	0.06	0.05	0.06	0.15	0.21	0.04	0.06	0.11	0.14	0.26	0.14	0.06	0.06	0.06	0.10	0.24	0.09
NPQ_Lss3	0.09	0.11	0.15	0.24	0.47	0.11	0.04	0.07	0.05	0.07	0.19	0.31	0.04	0.05	0.14	0.19	0.39	0.15	0.04	0.06	0.06	0.11	0.34	0.08
NPQ_Lss4	0.13	0.13	0.23	0.35	0.63	0.11	0.07	0.11	0.10	0.12	0.27	0.42	0.06	0.09	0.24	0.32	0.54	0.14	0.06	0.09	0.12	0.16	0.47	0.09
NPQ_Lss5	0.19	0.17	0.32	0.49	0.86	0.11	0.11	0.19	0.20	0.20	0.35	0.51	0.10	0.16	0.34	0.45	0.70	0.15	0.09	0.17	0.21	0.23	0.63	0.10
NPQ_Lss6	0.27	0.25	0.47	0.72	1.07	0.35	0.20	0.30	0.35	0.31	0.48	0.58	0.16	0.24	0.48	0.62	0.90	0.17	0.14	0.25	0.32	0.34	0.83	0.13
NPQ_Lss7	0.39	0.36	0.63	0.94	1.25	0.40	0.32	0.45	0.51	0.46	0.63	0.63	0.24	0.34	0.64	0.82	1.12	0.21	0.22	0.36	0.46	0.48	1.05	0.17
NPQ_Lss8	0.52	0.51	0.81	1.15	1.46	0.45	0.47	0.60	0.70	0.63	0.81	0.67	0.32	0.45	0.78	1.03	1.29	0.25	0.31	0.47	0.60	0.63	1.24	0.20
NPQ_Lss9	0.65	0.66	0.97	1.33	1.58	0.52	0.63	0.75	0.87	0.80	1.00	0.65	0.40	0.56	0.90	1.21	1.45	0.30	0.38	0.58	0.74	0.78	1.40	0.25
NPQ_Lss10	0.79	0.84	1.15	1.47	1.64	0.54	0.79	0.92	1.06	0.98	1.17	0.65	0.49	0.69	1.08	1.38	1.62	0.35	0.51	0.70	0.89	0.95	1.52	0.30
NPQ_Lss11	1.01	1.06	1.31	1.67	1.76	0.68	0.99	1.12	1.25	1.19	1.40	0.65	0.61	0.87	1.25	1.56	1.79	0.45	0.64	0.85	1.11	1.15	1.78	0.38
NPQ_Lss12	1.09	1.19	1.43	1.70	1.75	0.82	1.11	1.22	1.34	1.34	1.48	0.62	0.69	0.95	1.32	1.68	1.82	0.49	0.70	0.94	1.19	1.26	1.82	0.42
NPQ_Lss13	1.32	1.39	1.59	1.87	1.79	0.90	1.29	1.40	1.52	1.53	1.67	0.62	0.84	1.15	1.53	1.86	1.98	0.59	0.90	1.12	1.41	1.43	1.94	0.52
NPQ_Lss14	1.39	1.49	1.67	1.88	1.78	0.97	1.38	1.51	1.63	1.65	1.79	0.59	0.94	1.24	1.62	1.92	2.01	0.65	0.98	1.23	1.51	1.52	1.97	0.57
NPQ_Lss15	1.49	1.60	1.75	1.92	1.72	1.05	1.54	1.62	1.70	1.77	1.83	0.57	1.05	1.35	1.71	2.00	2.01	0.73	1.11	1.36	1.62	1.65	2.07	0.63
qN_Lss1	0.03	0.03	0.06	0.07	0.12	0.12	-0.01	-0.00	-0.01	0.02	0.04	0.09	0.02	0.01	0.02	0.07	0.12	0.09	-0.00	0.01	0.01	0.04	0.10	0.02
qN_Lss2	0.13	0.14	0.16	0.22	0.36	0.23	0.07	0.09	0.07	0.09	0.20	0.27	0.06	0.08	0.14	0.18	0.31	0.19	0.08	0.08	0.08	0.13	0.29	0.13
qN_Lss3	0.12	0.14	0.19	0.28	0.46	0.16	0.05	0.09	0.07	0.10	0.24	0.36	0.05	0.07	0.18	0.23	0.41	0.20	0.05	0.08	0.08	0.15	0.37	0.12
qN_Lss4	0.17	0.16	0.26	0.37	0.54	0.16	0.09	0.15	0.14	0.16	0.32	0.44	0.08	0.12	0.27	0.34	0.50	0.19	0.08	0.12	0.15	0.20	0.46	0.12
qN_Lss5	0.23	0.21	0.34	0.46	0.63	0.16	0.15	0.23	0.25	0.25	0.39	0.50	0.13	0.19	0.36	0.43	0.58	0.20	0.12	0.20	0.25	0.27	0.54	0.14
qN_Lss6	0.30	0.29	0.44	0.57	0.69	0.39	0.25	0.34	0.37	0.35	0.48	0.54	0.20	0.28	0.45	0.53	0.65	0.22	0.18	0.28	0.34	0.36	0.63	0.17
qN_Lss7	0.39	0.37	0.52	0.64	0.73	0.43	0.35	0.44	0.48	0.46	0.55	0.56	0.27	0.35	0.53	0.61	0.71	0.26	0.26	0.37	0.43	0.46	0.69	0.23
qN_Lss8	0.47	0.46	0.60	0.70	0.77	0.47	0.45	0.52	0.57	0.55	0.63	0.58	0.33	0.43	0.59	0.67	0.75	0.30	0.33	0.44	0.51	0.53	0.74	0.25
qN_Lss9	0.53	0.54	0.65	0.74	0.79	0.51	0.53	0.59	0.63	0.62	0.69	0.57	0.39	0.49	0.63	0.72	0.77	0.34	0.38	0.49	0.57	0.60	0.77	0.30
qN_Lss10	0.59	0.61	0.70	0.76	0.80	0.52	0.60	0.65	0.69	0.67	0.73	0.57	0.45	0.55	0.68	0.75	0.80	0.39	0.45	0.55	0.62	0.65	0.79	0.35
qN_Lss11	0.65	0.67	0.73	0.79	0.81	0.59	0.67	0.70	0.73	0.73	0.77	0.57	0.51	0.62	0.72	0.78	0.82	0.46	0.52	0.61	0.68	0.70	0.82	0.41
qN_Lss12	0.68	0.70	0.75	0.80	0.81	0.64	0.70	0.72	0.75	0.76	0.79	0.56	0.55	0.64	0.74	0.79	0.82	0.48	0.55	0.64	0.70	0.73	0.82	0.43
qN_Lss13	0.73	0.74	0.78	0.82	0.82	0.67	0.74	0.76	0.78	0.79	0.81	0.56	0.60	0.70	0.77	0.82	0.84	0.53	0.62	0.68	0.75	0.76	0.84	0.49
qN_Lss14	0.74	0.76	0.79	0.82	0.82	0.69	0.75	0.78	0.79	0.80	0.83	0.54	0.63	0.71	0.78	0.82	0.84	0.56	0.65	0.71	0.76	0.77	0.84	0.52
qN_Lss15	0.76	0.78	0.80	0.82	0.81	0.71	0.78	0.79	0.80	0.82	0.83	0.53	0.67	0.74	0.80	0.83	0.84	0.60	0.68	0.73	0.78	0.79	0.85	0.55
qP_Lss1	0.93	0.94	0.93	0.92	0.90	0.77	0.90	0.88	0.88	0.80	0.76	0.63	0.90	0.90	0.92	0.92	0.91	0.72	0.92	0.92	0.92	0.92	0.89	0.82
qP_Lss2	0.88	0.89	0.87	0.86	0.79	0.41	0.80	0.76	0.77	0.64	0.54	0.38	0.82	0.82	0.86	0.86	0.81	0.36	0.84	0.86	0.86	0.87	0.81	0.43
qP_Lss3	0.81	0.84	0.81	0.80	0.72	0.24	0.73	0.70	0.70	0.61	0.50	0.30	0.70	0.71	0.78	0.81	0.75	0.21	0.73	0.76	0.76	0.83	0.74	0.26
qP_Lss4	0.75	0.80	0.77	0.77	0.70	0.19	0.68	0.66	0.66	0.60	0.51	0.28	0.61	0.63	0.74	0.77	0.70	0.15	0.65	0.69	0.70	0.79	0.71	0.19
qP_Lss5	0.70	0.75	0.72	0.74	0.64	0.16	0.64	0.62	0.62	0.59	0.51	0.24	0.54	0.56	0.71	0.75	0.66	0.11	0.58	0.62	0.64	0.75	0.68	0.13
qP_Lss6	0.66	0.71	0.69	0.71	0.62	0.19	0.61	0.60	0.59	0.59	0.51	0.22	0.49	0.52	0.69	0.73	0.63	0.09	0.54	0.58	0.61	0.73	0.66	0.13
qP_Lss7	0.58	0.65	0.63	0.63	0.53	0.11	0.55	0.53	0.53	0.54	0.45	0.15	0.41	0.43	0.61	0.67	0.54	0.03	0.44	0.50	0.52	0.68	0.55	0.04
qP_Lss8	0.54	0.61	0.60	0.60	0.46	0.11	0.51	0.50	0.49	0.52	0.43	0.10	0.37	0.39	0.57	0.62	0.50	0.03	0.40	0.47	0.49	0.65	0.51	0.06
qP_Lss9	0.50	0.57	0.56	0.54	0.44	0.08	0.47	0.47	0.46	0.49	0.39	0.08	0.33	0.34	0.55	0.59	0.46	0.01	0.36	0.44	0.45	0.60	0.48	0.04
qP_Lss10	0.49	0.55	0.53	0.52	0.42	0.13	0.47	0.46	0.44	0.48	0.38	0.09	0.30	0.35	0.52	0.57	0.43	0.05	0.35	0.42	0.45	0.58	0.48	0.05
qP_Lss11	0.47	0.52	0.52	0.50	0.40	0.12	0.46	0.45	0.43	0.47	0.38	0.09	0.28	0.34	0.52	0.55	0.43	0.03	0.36	0.41	0.43	0.55	0.50	0.09
qP_Lss12	0.44	0.48	0.47	0.44	0.33	-0.04	0.41	0.41	0.39	0.42	0.36	0.06	0.25	0.30	0.47	0.49	0.37	0.02	0.32	0.37	0.39	0.50	0.36	0.04
qP_Lss13	0.38	0.46	0.43	0.40	0.35	0.10	0.39	0.40	0.36	0.41	0.31	0.06	0.23	0.26	0.42	0.43	0.32	0.02	0.28	0.34	0.35	0.47	0.39	0.05
qP_Lss14	0.38	0.42	0.39	0.36	0.29	0.10	0.38	0.39	0.31	0.38	0.24	0.02	0.22	0.25	0.39	0.39	0.32	0.03	0.25	0.31	0.32	0.44	0.38	0.04
qP_Lss15	0.35	0.40	0.38	0.34	0.31	0.11	0.32	0.36	0.32	0.36	0.26	0.01	0.20	0.24	0.35	0.37	0.28	0.02	0.24	0.28	0.30	0.38	0.29	0.03
qL_Lss1	1.07	1.06	1.07	1.07	1.06	1.02	1.08	1.09	1.08	1.08	1.06	0.98	1.10	1.09	1.07	1.06	1.05	1.04	1.10	1.09	1.09	1.06	1.05	1.08
qL_Lss2	1.10	1.08	1.09	1.07	1.02	0.72	1.10	1.09	1.10	1.03	0.90	0.69	1.14	1.12	1.09	1.08	1.03	0.70	1.13	1.12	1.12	1.08	1.03	0.83
qL_Lss3	1.13	1.11	1.10	1.07	0.98	0.49	1.11	1.08	1.09	1.00	0.86	0.55	1.17	1.14	1.09	1.07	0.99	0.46	1.17	1.16	1.15	1.09	0.99	0.58
qL_Lss4	1.13	1.11	1.08	1.04	0.94	0.40	1.08	1.05	1.05	0.99	0.84	0.51	1.12	1.10	1.07	1.05	0.95	0.35	1.15	1.14	1.12	1.08	0.96	0.43
qL_Lss5	1.10	1.10	1.05	1.01	0.87	0.35	1.05	1.01	1.00	0.95	0.82	0.43	1.06	1.02	1.03	1.01	0.90	0.24	1.10	1.08	1.07	1.06	0.92	0.32
qL_Lss6	1.06	1.07	1.01	0.96	0.83	0.36	1.00	0.96	0.94	0.92	0.79	0.40	0.98	0.95	0.99	0.98	0.85	0.21	1.05	1.03	1.01	1.03	0.88	0.31
qL_Lss7	0.98	1.02	0.94	0.88	0.74	0.22	0.91	0.87	0.85	0.84	0.71	0.28	0.86	0.83	0.91	0.92	0.75	0.07	0.91	0.93	0.91	0.97	0.76	0.09
qL_Lss8	0.91	0.96	0.88	0.83	0.65	0.21	0.85	0.81	0.78	0.79	0.65	0.18	0.78	0.75	0.86	0.86	0.70	0.08	0.82	0.86	0.84	0.93	0.71	0.14
qL_Lss9	0.84	0.89	0.83	0.77	0.61	0.15	0.77	0.75	0.72	0.74	0.59	0.16	0.69	0.65	0.82	0.81	0.65	0.03	0.74	0.80	0.77	0.87	0.67	0.09
qL_Lss10	0.81	0.85	0.78	0.74	0.59	0.25	0.74	0.72	0.67	0.71	0.57	0.17	0.63	0.64	0.77	0.79	0.60	0.10	0.69	0.74	0.74	0.83	0.66	0.11
qL_Lss11	0.75	0.79	0.75	0.70	0.56	0.21	0.70	0.68	0.63	0.67	0.54	0.17	0.57	0.59	0.75	0.74	0.59	0.07	0.69	0.72	0.69	0.78	0.66	0.20
qL_Lss12	0.71	0.73	0.69	0.63	0.47	-0.07	0.64	0.63	0.59	0.61	0.52	0.11	0.51	0.54	0.70	0.68	0.52	0.05	0.62	0.64	0.63	0.72	0.50	0.09
qL_Lss13	0.61	0.69	0.64	0.58	0.50	0.17	0.60	0.59	0.53	0.58	0.45	0.11	0.45	0.46	0.62	0.61	0.45	0.05	0.53	0.58	0.56	0.68	0.54	0.11
qL_Lss14	0.60	0.64	0.58	0.53	0.43	0.16	0.58	0.57	0.47	0.53	0.35	0.04	0.42	0.43	0.58	0.56	0.45	0.05	0.48	0.53	0.52	0.63	0.52	0.09
qL_Lss15	0.56	0.61	0.57	0.50	0.46	0.18	0.49	0.53	0.47	0.51	0.37	0.03	0.37	0.41	0.53	0.53	0.40	0.03	0.44	0.47	0.48	0.56	0.41	0.06
PAR1	59.15	59.15	59.15	59.15	59.15	59.15	59.15	59.15	59.15	59.15	59.15	59.15	59.15	59.15	59.15	59.15	59.15	59.15	59.15	59.15	59.15	59.15	59.15	59.15
PAR2	179.76	179.76	179.76	179.76	179.76	179.76	179.76	179.76	179.76	179.76	179.76	179.76	179.76	179.76	179.76	179.76	179.76	179.76	179.76	179.76	179.76	179.76	179.76	179.76
PAR3	300.37	300.37	300.37	300.37	300.37	300.37	300.37	300.37	300.37	300.37	300.37	300.37	300.37	300.37	300.37	300.37	300.37	300.37	300.37	300.37	300.37	300.37	300.37	300.37
PAR4	420.98	420.98	420.98	420.98	420.98	420.98	420.98	420.98	420.98	420.98	420.98	420.98	420.98	420.98	420.98	420.98	420.98	420.98	420.98	420.98	420.98	420.98	420.98	420.98
PAR5	541.59	541.59	541.59	541.59	541.59	541.59	541.59	541.59	541.59	541.59	541.59	541.59	541.59	541.59	541.59	541.59	541.59	541.59	541.59	541.59	541.59	541.59	541.59	541.59
PAR6	662.20	662.20	662.20	662.20	662.20	662.20	662.20	662.20	662.20	662.20	662.20	662.20	662.20	662.20	662.20	662.20	662.20	662.20	662.20	662.20	662.20	662.20	662.20	662.20
PAR7	782.81	782.81	782.81	782.81	782.81	782.81	782.81	782.81	782.81	782.81	782.81	782.81	782.81	782.81	782.81	782.81	782.81	782.81	782.81	782.81	782.81	782.81	782.81	782.81
PAR8	903.42	903.42	903.42	903.42	903.42	903.42	903.42	903.42	903.42	903.42	903.42	903.42	903.42	903.42	903.42	903.42	903.42	903.42	903.42	903.42	903.42	903.42	903.42	903.42
PAR9	1024.03	1024.03	1024.03	1024.03	1024.03	1024.03	1024.03	1024.03	1024.03	1024.03	1024.03	1024.03	1024.03	1024.03	1024.03	1024.03	1024.03	1024.03	1024.03	1024.03	1024.03	1024.03	1024.03	1024.03
PAR10	1144.64	1144.64	1144.64	1144.64	1144.64	1144.64	1144.64	1144.64	1144.64	1144.64	1144.64	1144.64	1144.64	1144.64	1144.64	1144.64	1144.64	1144.64	1144.64	1144.64	1144.64	1144.64	1144.64	1144.64
PAR11	1265.25	1265.25	1265.25	1265.25	1265.25	1265.25	1265.25	1265.25	1265.25	1265.25	1265.25	1265.25	1265.25	1265.25	1265.25	1265.25	1265.25	1265.25	1265.25	1265.25	1265.25	1265.25	1265.25	1265.25
PAR12	1385.86	1385.86	1385.86	1385.86	1385.86	1385.86	1385.86	1385.86	1385.86	1385.86	1385.86	1385.86	1385.86	1385.86	1385.86	1385.86	1385.86	1385.86	1385.86	1385.86	1385.86	1385.86	1385.86	1385.86
PAR13	1506.47	1506.47	1506.47	1506.47	1506.47	1506.47	1506.47	1506.47	1506.47	1506.47	1506.47	1506.47	1506.47	1506.47	1506.47	1506.47	1506.47	1506.47	1506.47	1506.47	1506.47	1506.47	1506.47	1506.47
PAR14	1627.08	1627.08	1627.08	1627.08	1627.08	1627.08	1627.08	1627.08	1627.08	1627.08	1627.08	1627.08	1627.08	1627.08	1627.08	1627.08	1627.08	1627.08	1627.08	1627.08	1627.08	1627.08	1627.08	1627.08
PAR15	1747.69	1747.69	1747.69	1747.69	1747.69	1747.69	1747.69	1747.69	1747.69	1747.69	1747.69	1747.69	1747.69	1747.69	1747.69	1747.69	1747.69	1747.69	1747.69	1747.69	1747.69	1747.69	1747.69	1747.69
ETR1	15.2456	15.1447	14.8522	14.5386	13.4095	10.6827	14.0848	13.7285	13.7699	12.0982	11.2210	8.9679	14.8507	14.5888	14.5891	14.4054	13.4187	10.4080	15.1702	15.1493	14.9803	14.4004	13.2159	12.2855
ETR2	42.4571	42.5941	41.1581	39.5925	33.1339	16.6259	37.4303	35.4556	35.7830	29.0399	22.8675	15.3821	40.5428	39.6581	40.2010	39.6066	34.2730	15.3755	41.6241	42.3200	41.8758	40.4399	34.2122	19.1558
ETR3	65.7134	67.1029	63.6045	60.2900	48.5772	16.7654	57.5652	54.2181	54.6819	45.5488	35.4235	19.4591	58.3145	57.3309	60.7987	61.7290	50.6702	15.2865	60.8436	62.8955	62.3445	63.8670	50.4483	19.4686
ETR4	84.5008	88.4521	82.4430	78.7517	62.5580	18.1941	74.1434	70.6488	70.6905	62.5425	48.7448	24.9042	69.8922	70.8901	78.4920	79.0546	63.7379	15.5138	74.8981	78.6592	78.9272	84.8355	65.6490	19.4914
ETR5	99.1156	106.0118	97.4460	93.9354	69.4262	20.4270	88.6740	83.9913	82.9774	77.0908	60.6156	26.2535	79.4396	79.4050	93.0981	94.9421	73.3914	13.5750	85.5949	88.9695	90.3379	101.0644	76.8627	17.7307
ETR6	111.8056	119.7846	108.8127	103.0324	77.8743	26.5164	100.6153	95.3432	92.3009	89.9388	71.9294	29.8121	86.0771	87.2146	106.5467	107.5439	81.7478	14.5445	96.7911	100.1276	100.9723	116.5916	86.2313	21.1975
ETR7	112.2676	125.2752	113.4327	102.9085	75.8541	18.4070	102.1626	95.3499	92.9376	92.9541	71.6175	23.8483	83.5398	82.7947	107.0891	110.9080	77.7223	5.5342	90.8507	99.0866	99.1340	122.5185	79.7389	7.1907
ETR8	116.6309	130.6751	117.2878	107.1565	72.1353	20.3117	105.7702	100.0053	94.5991	98.1025	73.8037	17.0636	85.5177	84.2855	111.9410	112.4579	79.6718	7.0412	91.3393	103.1265	102.8673	129.3916	81.6990	12.7708
ETR9	117.7807	132.4427	120.6993	105.3323	74.9395	16.4399	105.8792	101.7632	96.6922	99.9482	73.6272	16.7798	83.3104	81.2046	117.7223	115.8830	80.5094	3.0266	91.9890	106.5062	103.9835	131.0753	84.3840	9.3349
ETR10	125.4956	136.9893	121.5748	110.4210	79.9099	30.5353	112.2240	106.8584	97.3380	105.0023	76.5149	20.1598	84.6113	89.5042	119.5333	121.6806	79.9474	11.5435	96.0309	109.3178	111.2475	134.3011	92.0907	12.4344
ETR11	125.8833	136.6089	127.5078	111.3146	82.1096	27.8185	115.3683	110.2074	99.2815	106.7744	78.4085	22.8833	84.0271	91.2431	125.5613	122.6556	86.4827	9.2173	108.1409	116.2340	111.0009	135.0954	98.7038	25.9076
ETR12	126.8008	133.6133	122.9961	105.8009	72.8524	-9.9178	109.6076	107.3515	97.5690	101.7923	80.4927	15.6898	80.8536	87.8846	124.1202	118.1381	80.8693	7.3330	103.1802	110.1832	108.7082	130.6930	76.7462	13.1014
ETR13	114.3041	132.1755	118.8143	102.5850	84.0751	26.1464	108.8496	107.0824	93.5516	101.0678	72.2189	17.3584	75.9758	79.4813	114.9445	109.1943	72.5893	6.9499	94.2380	105.2038	101.7833	128.0505	89.4794	16.2231
ETR14	120.0485	128.9687	112.5486	99.3635	75.2222	27.1433	112.4501	110.5023	85.3607	98.5999	59.0865	7.2194	76.1698	79.4634	111.8398	105.0633	78.2402	8.2401	89.5995	101.6568	99.5243	125.4745	92.3881	14.0919
ETR15	116.7425	129.6343	117.6891	99.3432	87.8740	33.1241	97.7954	106.9766	91.9722	100.1007	67.5618	4.5001	72.2499	80.0553	107.0465	104.6759	72.5877	5.9550	87.7538	95.8631	97.7970	115.9498	75.0146	10.9169
