FluorCam7 Numeric Avg Export File
-----------------------------------
	Area 1	Area 2	Area 3	Area 4	Area 5	Area 6	Area 7	Area 8	Area 9	Area 10	Area 11	Area 12	Area 13	Area 14	Area 15	Area 16	Area 17	Area 18	Area 19	Area 20	Area 21	Area 22	Area 23	Area 24
Size [pixels]	4268	3808	5413	3382	3394	856	4206	4753	4536	6250	3711	3447	4822	3250	2336	4316	3517	3665	3745	5749	4152	4472	2049	1709
Fo	1742.05	2073.24	2250.93	2133.41	2093.16	1506.26	2098.00	2159.60	2740.96	2523.02	2736.68	2807.56	2201.13	2181.29	1916.53	2025.03	2118.19	2681.71	1811.61	2240.49	2200.27	2046.84	1825.16	2152.35
Fm	4759.46	5555.62	5836.20	4639.81	4174.63	1943.22	5434.71	5616.79	6724.16	5641.07	4875.27	4290.60	5791.81	5472.46	4731.52	4509.41	4177.39	3554.71	4933.94	6025.45	5577.04	4919.91	3567.46	2987.64
Fv	3017.41	3482.38	3585.27	2506.41	2081.47	436.96	3336.71	3457.19	3983.20	3118.04	2138.59	1483.04	3590.68	3291.17	2814.99	2484.38	2059.20	873.00	3122.33	3784.95	3376.77	2873.07	1742.29	835.29
Fm_Lss1	4649.02	5439.28	5642.06	4335.76	4169.40	1942.82	5384.39	5538.83	6620.34	5414.77	4848.99	4284.25	5671.40	5334.47	4514.37	4267.24	4102.27	3527.47	4810.14	5883.95	5379.92	4674.38	3458.60	2984.75
Ft_Lss1	1827.12	2157.82	2358.90	2222.25	2331.70	1562.97	2232.26	2295.89	2907.96	2725.49	3116.31	3163.19	2375.68	2357.80	2054.33	2184.19	2361.93	2838.59	1952.73	2410.71	2351.26	2153.54	2044.22	2273.23
Fo_Lss1	1727.04	2056.82	2221.45	2066.77	2091.85	1506.02	2090.46	2147.98	2723.55	2476.73	2728.38	2804.84	2183.51	2159.03	1879.90	1974.70	2098.70	2666.18	1794.65	2220.63	2168.92	2003.07	1796.24	2150.85
Fv_Lss1	2921.98	3382.46	3420.61	2269.00	2077.55	436.80	3293.93	3390.85	3896.79	2938.04	2120.61	1479.41	3487.89	3175.44	2634.47	2292.54	2003.57	861.29	3015.49	3663.31	3211.01	2671.31	1662.36	833.90
Fq_Lss1	2821.90	3281.46	3283.15	2113.52	1837.70	379.85	3152.14	3242.94	3712.38	2689.27	1732.68	1121.05	3295.72	2976.67	2460.04	2083.05	1740.34	688.88	2857.40	3473.24	3028.66	2520.84	1414.38	711.51
QY_max	0.63	0.63	0.61	0.54	0.50	0.22	0.61	0.62	0.59	0.55	0.44	0.35	0.62	0.60	0.59	0.55	0.49	0.25	0.63	0.63	0.61	0.58	0.49	0.28
Fv/Fm_Lss1	0.63	0.62	0.61	0.52	0.50	0.22	0.61	0.61	0.59	0.54	0.44	0.35	0.61	0.60	0.58	0.54	0.49	0.24	0.63	0.62	0.60	0.57	0.48	0.28
QY_Lss1	0.61	0.60	0.58	0.49	0.44	0.20	0.59	0.59	0.56	0.50	0.36	0.26	0.58	0.56	0.54	0.49	0.42	0.20	0.59	0.59	0.56	0.54	0.41	0.24
NPQ_Lss1	0.02	0.02	0.03	0.07	0.00	0.00	0.01	0.01	0.02	0.04	0.01	0.00	0.02	0.03	0.05	0.06	0.02	0.01	0.03	0.02	0.04	0.05	0.03	0.00
qN_Lss1	0.04	0.03	0.05	0.12	0.00	0.00	0.02	0.02	0.03	0.07	0.01	0.00	0.03	0.04	0.08	0.10	0.04	0.03	0.04	0.04	0.06	0.08	0.06	0.00
qP_Lss1	0.97	0.97	0.96	0.93	0.88	0.87	0.96	0.96	0.95	0.92	0.82	0.76	0.94	0.94	0.93	0.91	0.87	0.80	0.95	0.95	0.94	0.94	0.85	0.85
qL_Lss1	1.02	1.02	1.02	1.00	0.99	0.90	1.02	1.02	1.02	1.01	0.93	0.85	1.03	1.02	1.02	1.01	0.98	0.85	1.03	1.03	1.02	1.01	0.97	0.90
PAR1	10.90	10.90	10.90	10.90	10.90	10.90	10.90	10.90	10.90	10.90	10.90	10.90	10.90	10.90	10.90	10.90	10.90	10.90	10.90	10.90	10.90	10.90	10.90	10.90
ETR1	2.6472	2.6311	2.5378	2.1259	1.9222	0.8527	2.5531	2.5534	2.4456	2.1660	1.5584	1.1412	2.5343	2.4336	2.3766	2.1289	1.8502	0.8517	2.5907	2.5744	2.4552	2.3519	1.7835	1.0396
