FluorCam7 Numeric Avg Export File
-----------------------------------
	Area 1	Area 2	Area 3	Area 4	Area 5	Area 6	Area 7	Area 8	Area 9	Area 10	Area 11	Area 12	Area 13	Area 14	Area 15	Area 16	Area 17	Area 18	Area 19	Area 20	Area 21	Area 22	Area 23	Area 24
Size [pixels]	2184	2642	2038	3116	1394	1572	2645	3560	3589	4953	3362	2177	5032	3115	4054	4310	4941	2313	2838	2446	3984	3064	3275	4046
Fo	2012.52	2339.88	2175.36	2309.73	1849.84	1662.80	2030.44	2329.37	2534.69	2828.64	2086.33	1666.69	2432.03	2624.91	2795.27	2772.90	2361.60	2035.78	1968.68	2328.02	2361.76	2265.69	2300.25	1819.14
Fm	6072.47	7045.01	6452.32	7075.48	5450.11	5130.16	6271.74	7145.08	7855.90	9068.56	6529.27	5211.05	7331.11	8068.35	8876.28	8670.29	7472.15	6026.53	5953.91	7369.97	7054.55	7471.96	7044.49	6071.62
Fv	4059.95	4705.13	4276.96	4765.75	3600.27	3467.36	4241.30	4815.72	5321.21	6239.92	4442.94	3544.37	4899.08	5443.44	6081.01	5897.40	5110.54	3990.75	3985.23	5041.95	4692.79	5206.27	4744.24	4252.48
Fm_Lss1	6056.44	6985.74	6354.47	7054.08	5365.24	5073.65	6192.74	7054.57	7716.59	9023.94	6446.38	5061.38	7254.87	7989.83	8875.29	8611.26	7427.37	5905.53	5897.58	7250.00	6922.08	7453.58	6924.73	6021.82
Ft_Lss1	2140.01	2485.06	2313.16	2466.27	2003.89	1784.46	2153.93	2476.22	2683.22	3011.01	2225.11	1771.78	2572.95	2783.37	2993.10	2947.47	2515.87	2143.72	2091.00	2483.21	2503.94	2404.56	2428.00	1936.48
Fo_Lss1	2010.76	2333.31	2164.12	2307.45	1839.96	1656.82	2022.09	2319.66	2520.01	2824.29	2077.79	1651.07	2423.59	2616.54	2795.18	2766.83	2357.11	2021.78	1962.48	2315.92	2346.73	2263.99	2287.33	1814.65
Fv_Lss1	4045.68	4652.43	4190.35	4746.63	3525.28	3416.83	4170.65	4734.91	5196.59	6199.65	4368.59	3410.31	4831.28	5373.29	6080.12	5844.43	5070.26	3883.75	3935.10	4934.08	4575.35	5189.58	4637.39	4207.17
Fq_Lss1	3916.43	4500.68	4041.31	4587.81	3361.35	3289.19	4038.81	4578.35	5033.37	6012.93	4221.28	3289.60	4681.92	5206.46	5882.19	5663.79	4911.50	3761.81	3806.59	4766.79	4418.14	5049.01	4496.72	4085.34
QY_max	0.67	0.67	0.66	0.67	0.66	0.68	0.68	0.67	0.68	0.69	0.68	0.68	0.67	0.67	0.69	0.68	0.68	0.66	0.67	0.68	0.67	0.70	0.67	0.70
Fv/Fm_Lss1	0.67	0.67	0.66	0.67	0.66	0.67	0.67	0.67	0.67	0.69	0.68	0.67	0.67	0.67	0.69	0.68	0.68	0.66	0.67	0.68	0.66	0.70	0.67	0.70
QY_Lss1	0.65	0.64	0.64	0.65	0.63	0.65	0.65	0.65	0.65	0.67	0.65	0.65	0.65	0.65	0.66	0.66	0.66	0.64	0.65	0.66	0.64	0.68	0.65	0.68
NPQ_Lss1	0.00	0.01	0.02	0.00	0.02	0.01	0.01	0.01	0.02	0.00	0.01	0.03	0.01	0.01	0.00	0.01	0.01	0.02	0.01	0.02	0.02	0.00	0.02	0.01
qN_Lss1	0.00	0.01	0.02	0.00	0.02	0.02	0.02	0.02	0.03	0.01	0.02	0.04	0.02	0.01	0.00	0.01	0.01	0.03	0.01	0.02	0.03	0.00	0.03	0.01
qP_Lss1	0.97	0.97	0.96	0.97	0.95	0.96	0.97	0.97	0.97	0.97	0.97	0.96	0.97	0.97	0.97	0.97	0.97	0.97	0.97	0.97	0.97	0.97	0.97	0.97
qL_Lss1	1.03	1.03	1.03	1.03	1.04	1.04	1.03	1.03	1.03	1.03	1.03	1.04	1.03	1.03	1.04	1.03	1.03	1.03	1.03	1.04	1.03	1.03	1.03	1.04
PAR1	10.90	10.90	10.90	10.90	10.90	10.90	10.90	10.90	10.90	10.90	10.90	10.90	10.90	10.90	10.90	10.90	10.90	10.90	10.90	10.90	10.90	10.90	10.90	10.90
ETR1	2.8202	2.8098	2.7736	2.8364	2.7323	2.8273	2.8443	2.8304	2.8447	2.9060	2.8558	2.8345	2.8145	2.8419	2.8904	2.8684	2.8839	2.7781	2.8149	2.8674	2.7836	2.9543	2.8320	2.9587
