FluorCam7 Numeric Avg Export File
-----------------------------------
	Area 1	Area 2	Area 3	Area 4	Area 5	Area 6	Area 7	Area 8	Area 9	Area 10	Area 11	Area 12	Area 13	Area 14	Area 15	Area 16	Area 17	Area 18	Area 19	Area 20	Area 21	Area 22	Area 23	Area 24
Size [pixels]	3227	3492	2793	4114	2187	2244	3754	4427	4337	5569	4033	2287	5960	3913	4917	4902	5764	2378	4204	3217	5054	3735	4026	2968
Fo	1672.28	1976.41	1817.36	1797.24	1733.05	1860.04	1652.32	1913.93	2085.00	2328.48	1922.78	1790.10	2099.26	2107.38	2278.72	2238.88	2101.32	2126.08	1656.61	1898.17	1979.66	1826.52	2047.84	2008.58
Fm	4208.49	4976.23	4507.74	4025.23	3193.74	2868.41	4296.81	4775.45	5119.84	5138.69	3859.42	2572.28	5360.04	5236.27	5563.08	5053.45	4328.52	3024.72	4323.39	4827.46	5003.32	4311.73	4116.08	2554.54
Fv	2536.21	2999.82	2690.37	2227.99	1460.69	1008.36	2644.49	2861.53	3034.84	2810.21	1936.64	782.17	3260.78	3128.89	3284.36	2814.56	2227.20	898.64	2666.78	2929.29	3023.66	2485.22	2068.23	545.96
Fm_Lss1	4066.04	4834.00	4422.01	3858.16	3164.82	2860.93	4121.65	4555.16	4835.48	4858.60	3779.48	2529.71	5202.90	5003.27	5273.02	4750.53	4305.21	2966.22	4182.51	4586.45	4868.36	4095.80	3988.53	2542.65
Ft_Lss1	1762.86	2085.34	1908.55	1920.34	1979.94	2075.69	1738.30	2011.16	2187.37	2461.07	2150.32	1926.25	2252.73	2245.79	2439.21	2361.47	2370.71	2263.03	1762.56	2001.36	2074.18	1931.60	2268.17	2062.01
Fo_Lss1	1649.32	1953.58	1803.27	1763.15	1724.50	1856.90	1625.75	1877.53	2036.24	2269.20	1902.73	1769.38	2074.72	2068.61	2228.51	2177.37	2095.81	2097.01	1635.50	1859.74	1958.18	1786.61	2015.77	2001.23
Fv_Lss1	2416.72	2880.42	2618.74	2095.01	1440.32	1004.03	2495.90	2677.62	2799.25	2589.40	1876.75	760.33	3128.18	2934.66	3044.51	2573.16	2209.40	869.21	2547.01	2726.71	2910.17	2309.18	1972.76	541.43
Fq_Lss1	2303.18	2748.66	2513.46	1937.83	1184.88	785.24	2383.36	2544.00	2648.12	2397.53	1629.16	603.46	2950.17	2757.48	2833.81	2389.06	1934.49	703.19	2419.95	2585.09	2794.18	2164.20	1720.36	480.64
QY_max	0.60	0.60	0.60	0.55	0.46	0.35	0.62	0.60	0.59	0.55	0.50	0.30	0.61	0.60	0.59	0.56	0.51	0.30	0.62	0.61	0.60	0.58	0.50	0.21
Fv/Fm_Lss1	0.59	0.60	0.59	0.54	0.46	0.35	0.61	0.59	0.58	0.53	0.50	0.30	0.60	0.59	0.58	0.54	0.51	0.29	0.61	0.59	0.60	0.56	0.49	0.21
QY_Lss1	0.57	0.57	0.57	0.50	0.37	0.27	0.58	0.56	0.55	0.49	0.43	0.24	0.57	0.55	0.54	0.50	0.45	0.24	0.58	0.56	0.57	0.53	0.43	0.19
NPQ_Lss1	0.04	0.03	0.02	0.04	0.01	0.00	0.04	0.05	0.06	0.06	0.02	0.02	0.03	0.05	0.06	0.06	0.01	0.02	0.03	0.05	0.03	0.05	0.03	0.00
qN_Lss1	0.06	0.05	0.03	0.07	0.02	0.01	0.07	0.08	0.09	0.10	0.04	0.05	0.05	0.07	0.09	0.11	0.01	0.06	0.05	0.08	0.04	0.09	0.06	0.02
qP_Lss1	0.95	0.95	0.96	0.92	0.82	0.78	0.95	0.95	0.95	0.93	0.87	0.79	0.94	0.94	0.93	0.93	0.88	0.81	0.95	0.95	0.96	0.94	0.87	0.89
qL_Lss1	1.02	1.02	1.02	1.01	0.94	0.87	1.02	1.02	1.02	1.00	0.98	0.86	1.02	1.02	1.02	1.01	0.99	0.87	1.02	1.02	1.02	1.01	0.98	0.91
PAR1	10.90	10.90	10.90	10.90	10.90	10.90	10.90	10.90	10.90	10.90	10.90	10.90	10.90	10.90	10.90	10.90	10.90	10.90	10.90	10.90	10.90	10.90	10.90	10.90
ETR1	2.4704	2.4798	2.4789	2.1905	1.6328	1.1970	2.5219	2.4357	2.3884	2.1521	1.8799	1.0404	2.4729	2.4036	2.3438	2.1933	1.9597	1.0339	2.5233	2.4581	2.5031	2.3044	1.8811	0.8244
