FluorCam7 Numeric Avg Export File
-----------------------------------
	Area 1	Area 2	Area 3	Area 4	Area 5	Area 6	Area 7	Area 8	Area 9	Area 10	Area 11	Area 12	Area 13	Area 14	Area 15	Area 16	Area 17	Area 18	Area 19	Area 20	Area 21	Area 22	Area 23	Area 24
Size [pixels]	3756	4577	4723	5981	3977	3204	3856	5567	3550	4812	2713	3887	4120	3747	3159	5555	3333	2570	3823	5015	5738	4916	4197	2367
Fo	1624.71	2209.89	2228.22	2165.96	1743.31	1565.40	1601.42	1529.75	2252.68	1806.09	1784.84	1548.98	1704.79	2157.33	2086.72	1995.92	1825.70	1611.74	1896.56	2214.19	2551.95	2428.23	2296.64	1304.85
Fm	4876.84	6564.16	6484.95	6406.83	4943.33	4167.42	4993.85	4452.94	6975.73	5244.79	4887.96	3787.59	5429.82	6802.47	6514.62	5897.29	5055.60	3914.06	5655.44	6380.96	7370.08	6506.21	6162.49	3093.02
Fv	3252.13	4354.27	4256.73	4240.87	3200.02	2602.02	3392.43	2923.19	4723.05	3438.70	3103.12	2238.61	3725.03	4645.14	4427.90	3901.37	3229.90	2302.32	3758.88	4166.77	4818.13	4077.98	3865.85	1788.16
Fm_Lss1	4678.63	6342.12	6292.28	6124.16	4629.21	3680.26	4724.43	4219.45	6635.23	4836.34	4167.23	3256.42	5207.66	6525.67	6284.17	5499.35	4402.46	3655.62	5555.57	6172.06	7197.64	6347.60	6082.85	2827.33
Fm_Lss2	4556.30	6225.95	6040.92	5850.33	4265.76	3232.17	4636.20	3991.68	6441.00	4572.06	3318.17	2798.87	5196.02	6473.96	6161.70	5234.68	3539.68	3449.01	5429.07	6002.44	7088.47	6036.41	5852.43	2722.43
Fm_Lss3	4330.41	6015.64	5785.69	5539.51	3904.72	2891.84	4487.49	3793.77	6181.39	4352.99	2788.24	2675.15	5031.39	6114.08	5765.17	4714.95	2888.41	3407.66	5281.01	5774.88	6899.80	5792.24	5588.60	2497.69
Fm_Lss4	3979.61	5518.45	5415.99	5008.31	3503.03	2614.27	4136.11	3522.93	5510.87	4007.59	2351.73	2573.19	4495.22	5298.77	4933.86	4061.43	2394.53	3266.48	4977.88	5386.48	6482.38	5554.51	5173.63	2319.30
Fm_Lss5	3857.50	5176.70	5233.42	4702.18	3246.39	2482.27	4022.21	3352.56	5100.46	3838.91	2184.85	2703.55	4164.74	4721.36	4350.58	3702.13	2129.13	3340.67	4828.26	5289.91	6364.62	5448.96	4836.14	2287.80
Fm_Lss6	3573.94	4709.84	4800.71	4253.22	2934.05	2317.27	3820.14	3167.79	4605.99	3591.45	2063.96	2744.56	3766.30	4175.43	3858.29	3379.08	1926.77	3248.37	4579.14	5068.17	6004.02	5189.56	4400.49	2250.76
Fm_Lss7	3302.84	4313.68	4390.31	3855.67	2672.39	2113.12	3628.49	3021.68	4213.73	3391.85	1957.93	2795.56	3462.82	3745.25	3515.70	3138.27	1820.41	3241.78	4288.09	4796.72	5528.13	4871.83	3974.84	2196.63
Fm_Lss8	2827.06	3715.29	3705.53	3304.89	2341.89	1915.23	3212.53	2738.96	3619.92	2996.33	1806.01	2632.53	2966.17	3249.48	2979.51	2829.49	1674.44	3046.36	3815.95	4194.51	4845.70	4332.77	3514.68	2107.82
Fm_Lss9	2698.32	3492.34	3428.16	3066.46	2176.58	1823.87	3138.64	2647.06	3330.51	2814.77	1775.47	2709.26	2808.72	3091.23	2841.12	2630.28	1664.54	2961.28	3587.39	3979.16	4497.77	4024.03	3288.68	2186.66
Fm_Lss10	2384.20	3208.71	3047.70	2760.32	2034.92	1670.07	2892.10	2476.00	2993.99	2508.81	1715.95	2589.42	2522.14	2855.83	2612.12	2407.73	1588.67	2746.06	3257.29	3524.96	3984.91	3652.87	3014.05	2077.81
Fm_Lss11	2206.77	3032.35	2856.37	2621.76	1921.79	1632.76	2803.21	2359.35	2833.15	2354.90	1750.78	2567.51	2377.14	2679.57	2436.50	2299.68	1594.18	2695.13	3022.57	3229.77	3736.86	3353.07	2878.38	2088.50
Fm_Lss12	2101.48	2939.22	2724.61	2519.77	1863.74	1579.17	2689.26	2289.52	2700.21	2231.12	1758.83	2540.05	2269.76	2581.15	2357.95	2235.34	1601.26	2590.54	2830.84	3049.35	3522.05	3171.29	2791.95	2106.81
Fm_Lss13	1932.88	2772.26	2541.07	2374.77	1779.81	1562.54	2548.02	2174.99	2585.50	2079.53	1801.64	2396.94	2130.78	2453.99	2257.86	2126.00	1604.31	2468.23	2644.36	2815.66	3322.83	2972.17	2682.86	2080.12
Fm_Lss14	1866.02	2714.20	2459.88	2317.54	1743.41	1537.34	2447.32	2114.11	2476.10	1964.82	1871.69	2327.12	2040.33	2358.36	2148.10	2057.19	1649.90	2364.32	2511.56	2648.16	3173.41	2809.52	2631.59	2054.17
Fm_Lss15	1740.82	2552.36	2302.10	2191.50	1683.10	1496.23	2236.49	1937.71	2351.94	1838.86	1919.82	2195.80	1867.41	2240.97	2076.94	1966.37	1730.25	2197.20	2361.36	2493.63	2964.55	2672.29	2570.68	2180.79
Ft_Lss1	1818.24	2502.03	2556.72	2474.46	2082.59	1849.22	1741.44	1698.60	2462.17	1939.44	1955.64	1742.37	1841.62	2346.27	2248.52	2187.90	1980.48	1929.10	2099.90	2413.52	2828.59	2739.11	2867.55	1585.09
Ft_Lss2	2005.24	2903.77	2831.68	2757.22	2317.66	2009.17	1940.84	1843.27	2667.25	2060.13	1927.24	2006.87	2100.18	2613.85	2496.77	2319.09	1969.36	2612.92	2345.03	2678.16	3145.99	3044.44	3350.41	1877.79
Ft_Lss3	2122.79	3200.90	2949.46	2840.91	2324.85	1951.91	2120.78	1940.20	2806.14	2090.09	1812.12	2088.31	2314.45	2867.13	2612.49	2357.94	1812.21	2861.38	2511.62	2746.97	3346.04	3106.47	3477.35	1979.65
Ft_Lss4	2260.47	3435.42	3075.91	2894.38	2310.58	1925.84	2358.76	2023.98	2906.65	2180.34	1773.00	2312.33	2522.21	2992.55	2621.98	2324.09	1696.82	3068.21	2704.93	2907.02	3574.65	3188.59	3524.16	2143.22
Ft_Lss5	2189.85	3306.46	2955.44	2729.13	2162.10	1777.94	2313.02	1956.78	2739.40	2059.14	1622.08	2355.29	2397.96	2757.36	2423.93	2156.38	1557.05	3017.27	2684.89	2835.32	3487.79	3159.42	3364.08	2000.51
Ft_Lss6	2192.27	3255.53	2901.91	2653.22	2058.86	1723.64	2345.39	1933.38	2699.09	2068.08	1592.84	2494.46	2343.61	2615.59	2342.33	2104.89	1496.20	3071.65	2735.62	2877.53	3528.72	3147.36	3225.34	2002.97
Ft_Lss7	2100.48	3116.60	2754.82	2515.94	1948.56	1667.23	2318.56	1899.03	2579.19	2027.39	1563.02	2568.49	2252.99	2498.91	2226.70	2032.73	1464.64	3025.64	2682.14	2851.53	3440.67	3084.03	3040.19	2032.95
Ft_Lss8	2032.72	2972.27	2633.76	2383.22	1868.56	1606.91	2310.70	1875.25	2471.14	1975.37	1551.77	2637.68	2167.88	2406.72	2137.79	1972.00	1443.99	2940.80	2626.97	2803.65	3306.67	2966.26	2871.36	2076.95
Ft_Lss9	1911.15	2796.90	2448.43	2237.72	1750.20	1517.65	2239.88	1830.62	2343.62	1877.27	1540.71	2606.36	2044.94	2285.50	2033.25	1904.34	1432.39	2841.05	2510.97	2673.56	3137.76	2822.22	2724.36	2020.79
Ft_Lss10	1836.35	2686.51	2333.90	2178.22	1702.10	1490.40	2215.98	1796.11	2304.69	1830.68	1531.45	2590.18	1978.65	2213.11	1983.46	1855.50	1439.68	2774.81	2414.04	2553.84	3021.95	2710.81	2627.30	2013.92
Ft_Lss11	1693.98	2517.38	2170.58	2023.88	1610.41	1390.85	2092.85	1718.84	2135.05	1689.87	1503.89	2457.34	1826.71	2089.80	1869.36	1754.23	1413.53	2561.04	2242.11	2355.82	2809.12	2539.86	2477.36	2030.95
Ft_Lss12	1634.98	2462.52	2115.56	1995.09	1585.36	1403.81	2068.83	1696.16	2106.11	1663.42	1553.73	2421.97	1785.57	2052.44	1836.98	1763.03	1435.60	2487.88	2193.69	2270.08	2749.72	2460.91	2432.71	2004.35
Ft_Lss13	1567.57	2352.50	2032.51	1934.48	1558.19	1361.03	1968.15	1629.94	2033.26	1591.71	1605.20	2310.60	1700.28	1987.96	1800.06	1721.95	1466.59	2374.45	2071.26	2162.77	2625.33	2361.31	2384.91	1988.67
Ft_Lss14	1507.69	2290.77	1966.38	1893.46	1524.11	1364.70	1888.41	1586.22	1996.53	1528.79	1704.94	2196.64	1630.14	1927.42	1741.84	1702.90	1534.57	2234.64	1995.93	2067.20	2542.99	2291.88	2354.07	2058.04
Ft_Lss15	1475.29	2234.26	1917.88	1863.12	1521.11	1335.18	1831.18	1554.88	1957.44	1505.00	1825.46	2126.64	1572.80	1886.29	1726.45	1686.38	1619.60	2129.20	1944.32	2021.08	2483.94	2239.14	2319.13	2121.49
Fo_Lss1	1602.09	2184.15	2205.02	2132.68	1702.57	1491.25	1572.66	1501.21	2215.96	1755.05	1678.81	1452.11	1682.26	2128.70	2062.49	1948.21	1732.86	1566.15	1885.20	2188.49	2530.95	2405.80	2285.49	1255.09
Fo_Lss2	1587.50	2170.20	2173.33	2098.48	1650.84	1411.94	1562.76	1471.34	2193.86	1718.99	1521.93	1353.45	1681.04	2123.17	2049.12	1913.93	1581.16	1526.96	1870.41	2166.78	2517.32	2359.69	2252.17	1233.99
Fo_Lss3	1559.16	2144.07	2139.38	2057.07	1593.81	1342.90	1545.50	1443.58	2162.92	1687.07	1399.89	1323.84	1663.43	2082.96	2003.30	1839.78	1436.48	1518.80	1852.52	2136.39	2493.11	2321.44	2211.99	1185.63
Fo_Lss4	1511.20	2077.36	2086.71	1979.12	1522.54	1279.80	1501.56	1402.55	2074.60	1632.54	1280.56	1298.38	1600.33	1979.21	1892.50	1731.09	1302.84	1490.09	1813.77	2080.88	2436.42	2282.29	2143.92	1143.87
Fo_Lss5	1493.25	2026.99	2059.03	1929.48	1471.97	1247.33	1486.29	1374.74	2013.60	1603.83	1229.42	1330.76	1556.36	1892.74	1799.94	1662.32	1220.09	1505.34	1793.52	2066.31	2419.60	2264.27	2083.67	1136.15
Fo_Lss6	1448.75	1951.26	1988.51	1849.38	1404.19	1204.24	1457.79	1342.62	1931.73	1558.95	1190.20	1340.62	1497.17	1798.48	1709.69	1593.90	1150.83	1486.31	1757.99	2031.59	2365.58	2218.19	1998.43	1126.94
Fo_Lss7	1402.10	1879.74	1914.39	1770.02	1341.34	1146.67	1428.99	1315.66	1859.15	1520.12	1154.15	1352.67	1446.77	1713.70	1638.92	1538.23	1112.02	1484.93	1713.35	1986.52	2287.98	2158.04	1905.75	1113.21
Fo_Lss8	1308.61	1756.46	1771.63	1644.23	1252.61	1085.79	1359.66	1259.07	1733.67	1435.22	1099.63	1313.32	1352.17	1601.87	1512.07	1460.13	1055.80	1442.54	1632.63	1875.04	2161.97	2045.32	1793.18	1089.93
Fo_Lss9	1280.33	1705.00	1705.65	1582.99	1203.71	1055.81	1346.24	1239.30	1664.40	1392.20	1088.23	1332.14	1318.48	1562.44	1475.59	1405.20	1051.86	1423.18	1589.31	1830.75	2089.84	1973.83	1732.44	1110.64
Fo_Lss10	1205.00	1634.47	1605.90	1497.27	1159.09	1002.37	1298.75	1200.47	1575.89	1313.00	1065.58	1302.50	1251.72	1499.95	1411.33	1339.08	1021.04	1371.52	1521.02	1728.29	1971.92	1880.12	1653.10	1081.86
Fo_Lss11	1157.95	1587.44	1551.16	1455.54	1121.48	988.81	1280.52	1172.36	1530.16	1269.58	1078.91	1296.94	1214.94	1449.85	1358.43	1304.98	1023.31	1358.70	1467.80	1654.16	1909.21	1797.41	1611.44	1084.75
Fo_Lss12	1128.29	1561.54	1511.46	1423.55	1101.46	968.90	1256.20	1154.86	1490.53	1232.71	1081.96	1289.89	1186.26	1420.55	1333.66	1284.01	1026.23	1331.59	1421.06	1605.51	1851.51	1743.83	1583.98	1089.66
Fo_Lss13	1077.81	1513.12	1453.23	1376.09	1071.60	962.61	1224.50	1124.98	1454.90	1184.98	1098.01	1251.93	1147.15	1381.16	1301.04	1247.16	1027.48	1298.52	1372.47	1538.29	1794.94	1681.87	1548.27	1082.48
Fo_Lss14	1056.70	1495.66	1426.31	1356.67	1058.29	952.99	1200.75	1108.47	1419.60	1146.83	1123.64	1232.62	1120.41	1350.34	1263.82	1223.16	1045.99	1269.18	1335.81	1486.91	1750.42	1628.52	1531.05	1075.41
Fo_Lss15	1015.35	1445.16	1371.79	1312.48	1035.76	937.03	1147.67	1057.97	1377.90	1102.74	1140.81	1194.77	1066.19	1311.02	1238.85	1190.47	1077.72	1219.39	1292.10	1436.91	1684.94	1581.44	1510.23	1109.13
Fv_Lss1	3076.53	4157.97	4087.26	3991.48	2926.65	2189.01	3151.77	2718.24	4419.27	3081.30	2488.41	1804.31	3525.41	4396.97	4221.68	3551.14	2669.59	2089.48	3670.37	3983.58	4666.69	3941.80	3797.36	1572.23
Fv_Lss2	2968.80	4055.75	3867.59	3751.86	2614.93	1820.23	3073.43	2520.34	4247.13	2853.08	1796.24	1445.42	3514.98	4350.79	4112.58	3320.75	1958.52	1922.05	3558.66	3835.66	4571.15	3676.72	3600.26	1488.44
Fv_Lss3	2771.24	3871.57	3646.32	3482.43	2310.91	1548.94	2941.99	2350.19	4018.47	2665.93	1388.34	1351.31	3367.95	4031.12	3761.87	2875.17	1451.93	1888.86	3428.49	3638.49	4406.69	3470.80	3376.62	1312.05
Fv_Lss4	2468.41	3441.08	3329.29	3029.18	1980.49	1334.47	2634.54	2120.38	3436.27	2375.05	1071.18	1274.80	2894.90	3319.56	3041.36	2330.34	1091.69	1776.39	3164.11	3305.60	4045.96	3272.22	3029.71	1175.43
Fv_Lss5	2364.25	3149.71	3174.39	2772.69	1774.42	1234.94	2535.93	1977.82	3086.86	2235.08	955.42	1372.79	2608.38	2828.61	2550.65	2039.81	909.04	1835.32	3034.74	3223.60	3945.02	3184.69	2752.47	1151.65
Fv_Lss6	2125.19	2758.59	2812.20	2403.84	1529.86	1113.03	2362.35	1825.17	2674.26	2032.50	873.76	1403.94	2269.13	2376.96	2148.61	1785.18	775.94	1762.06	2821.15	3036.58	3638.44	2971.37	2402.07	1123.82
Fv_Lss7	1900.73	2433.95	2475.92	2085.65	1331.06	966.45	2199.50	1706.02	2354.58	1871.73	803.77	1442.88	2016.05	2031.56	1876.79	1600.04	708.39	1756.85	2574.74	2810.20	3240.15	2713.80	2069.09	1083.42
Fv_Lss8	1518.45	1958.83	1933.90	1660.66	1089.28	829.44	1852.88	1479.89	1886.25	1561.11	706.38	1319.21	1613.99	1647.62	1467.45	1369.37	618.64	1603.81	2183.31	2319.47	2683.73	2287.45	1721.50	1017.88
Fv_Lss9	1417.98	1787.34	1722.51	1483.47	972.87	768.06	1792.40	1407.77	1666.11	1422.57	687.24	1377.11	1490.24	1528.79	1365.53	1225.07	612.69	1538.10	1998.08	2148.42	2407.93	2050.21	1556.24	1076.02
Fv_Lss10	1179.20	1574.24	1441.79	1263.05	875.83	667.70	1593.35	1275.53	1418.11	1195.81	650.37	1286.92	1270.42	1355.88	1200.79	1068.65	567.63	1374.54	1736.26	1796.67	2012.99	1772.74	1360.96	995.96
Fv_Lss11	1048.82	1444.91	1305.22	1166.22	800.31	643.95	1522.69	1186.99	1302.99	1085.33	671.88	1270.58	1162.20	1229.71	1078.07	994.70	570.86	1336.43	1554.77	1575.61	1827.65	1555.66	1266.94	1003.76
Fv_Lss12	973.19	1377.69	1213.15	1096.21	762.27	610.27	1433.05	1134.66	1209.68	998.42	676.87	1250.16	1083.51	1160.61	1024.29	951.34	575.03	1258.94	1409.78	1443.84	1670.54	1427.46	1207.96	1017.15
Fv_Lss13	855.07	1259.14	1087.84	998.68	708.21	599.93	1323.52	1050.01	1130.60	894.55	703.63	1145.01	983.63	1072.83	956.82	878.83	576.83	1169.71	1271.89	1277.37	1527.89	1290.30	1134.60	997.64
Fv_Lss14	809.33	1218.54	1033.57	960.87	685.11	584.35	1246.56	1005.64	1056.50	817.99	748.06	1094.50	919.92	1008.02	884.27	834.03	603.91	1095.15	1175.74	1161.25	1422.99	1181.00	1100.54	978.76
Fv_Lss15	725.48	1107.19	930.30	879.02	647.33	559.20	1088.82	879.74	974.04	736.12	779.02	1001.03	801.22	929.95	838.09	775.90	652.53	977.81	1069.26	1056.72	1279.61	1090.85	1060.44	1071.67
Fq_Lss1	2860.39	3840.09	3735.56	3649.70	2546.62	1831.04	2983.00	2520.85	4173.06	2896.91	2211.59	1514.05	3366.05	4179.40	4035.65	3311.45	2421.98	1726.52	3455.67	3758.54	4369.05	3608.49	3215.29	1242.24
Fq_Lss2	2551.06	3322.18	3209.24	3093.11	1948.11	1222.99	2695.35	2148.41	3773.75	2511.93	1390.93	792.00	3095.84	3860.11	3664.93	2915.58	1570.32	836.09	3084.03	3324.28	3942.48	2991.97	2502.02	844.64
Fq_Lss3	2207.61	2814.74	2836.23	2698.59	1579.87	939.93	2366.71	1853.57	3375.25	2262.90	976.12	586.84	2716.93	3246.94	3152.68	2357.01	1076.20	546.28	2769.39	3027.92	3553.76	2685.76	2111.25	518.03
Fq_Lss4	1719.13	2083.02	2340.08	2113.93	1192.45	688.43	1777.35	1498.95	2604.22	1827.25	578.74	260.86	1973.02	2306.22	2311.88	1737.34	697.71	198.28	2272.95	2479.46	2907.73	2365.92	1649.47	176.08
Fq_Lss5	1667.65	1870.24	2277.98	1973.04	1084.29	704.34	1709.19	1395.78	2361.07	1779.77	562.77	348.27	1766.79	1964.00	1926.65	1545.75	572.08	323.39	2143.37	2454.59	2876.83	2289.54	1472.06	287.29
Fq_Lss6	1381.67	1454.31	1898.81	1600.00	875.19	593.63	1474.75	1234.41	1906.91	1523.37	471.12	250.10	1422.69	1559.84	1515.96	1274.19	430.57	176.71	1843.53	2190.64	2475.31	2042.20	1175.15	247.79
Fq_Lss7	1202.35	1197.08	1635.49	1339.73	723.83	445.89	1309.92	1122.64	1634.54	1364.46	394.91	227.07	1209.83	1246.35	1289.01	1105.54	355.77	216.15	1605.95	1945.19	2087.47	1787.81	934.65	163.68
Fq_Lss8	794.35	743.02	1071.77	921.67	473.33	308.31	901.84	863.71	1148.78	1020.96	254.25	-5.16	798.29	842.77	841.72	857.49	230.45	105.55	1188.98	1390.87	1539.02	1366.51	643.32	30.86
Fq_Lss9	787.17	695.44	979.73	828.73	426.38	306.23	898.77	816.44	986.89	937.50	234.76	102.89	763.78	805.73	807.87	725.94	232.15	120.23	1076.43	1305.60	1360.02	1201.81	564.32	165.87
Fq_Lss10	547.85	522.19	713.79	582.09	332.82	179.67	676.13	679.89	689.30	678.13	184.50	-0.76	543.49	642.71	628.66	552.22	148.99	-28.75	843.24	971.11	962.95	942.06	386.76	63.90
Fq_Lss11	512.79	514.97	685.79	597.88	311.38	241.91	710.36	640.52	698.10	665.04	246.89	110.17	550.42	589.76	567.14	545.46	180.65	134.09	780.46	873.96	927.73	813.21	401.02	57.56
Fq_Lss12	466.50	476.70	609.05	524.67	278.38	175.36	620.42	593.37	594.10	567.70	205.10	118.08	484.19	528.71	520.97	472.32	165.66	102.66	637.14	779.27	772.33	710.38	359.24	102.46
Fq_Lss13	365.32	419.76	508.56	440.29	221.62	201.52	579.87	545.04	552.23	487.82	196.44	86.34	430.50	466.03	457.80	404.04	137.72	93.78	573.10	652.89	697.50	610.86	297.95	91.45
Fq_Lss14	358.33	423.43	493.50	424.08	219.30	172.64	558.91	527.90	479.57	436.03	166.75	130.48	410.19	430.94	406.26	354.29	115.33	129.69	515.62	580.96	630.42	517.64	277.52	-3.86
Fq_Lss15	265.53	318.09	384.21	328.38	161.99	161.05	405.31	382.83	394.49	333.86	94.37	69.16	294.61	354.68	350.49	279.99	110.65	68.00	417.03	472.55	480.61	433.15	251.54	59.30
QY_max	0.67	0.66	0.66	0.66	0.65	0.62	0.68	0.66	0.68	0.66	0.63	0.59	0.69	0.68	0.68	0.66	0.64	0.59	0.66	0.65	0.65	0.63	0.63	0.58
Fv/Fm_Lss1	0.66	0.66	0.65	0.65	0.63	0.59	0.67	0.64	0.67	0.64	0.60	0.55	0.68	0.67	0.67	0.65	0.61	0.57	0.66	0.65	0.65	0.62	0.62	0.56
Fv/Fm_Lss2	0.65	0.65	0.64	0.64	0.61	0.56	0.66	0.63	0.66	0.62	0.54	0.52	0.68	0.67	0.67	0.63	0.55	0.56	0.66	0.64	0.64	0.61	0.62	0.55
Fv/Fm_Lss3	0.64	0.64	0.63	0.63	0.59	0.54	0.66	0.62	0.65	0.61	0.50	0.51	0.67	0.66	0.65	0.61	0.50	0.55	0.65	0.63	0.64	0.60	0.60	0.53
Fv/Fm_Lss4	0.62	0.62	0.61	0.60	0.57	0.51	0.64	0.60	0.62	0.59	0.46	0.50	0.64	0.63	0.62	0.57	0.46	0.54	0.64	0.61	0.62	0.59	0.59	0.51
Fv/Fm_Lss5	0.61	0.61	0.61	0.59	0.55	0.50	0.63	0.59	0.61	0.58	0.44	0.51	0.63	0.60	0.59	0.55	0.43	0.55	0.63	0.61	0.62	0.58	0.57	0.50
Fv/Fm_Lss6	0.59	0.59	0.59	0.57	0.52	0.48	0.62	0.58	0.58	0.57	0.42	0.51	0.60	0.57	0.56	0.53	0.40	0.54	0.62	0.60	0.61	0.57	0.55	0.50
Fv/Fm_Lss7	0.58	0.56	0.56	0.54	0.50	0.46	0.61	0.56	0.56	0.55	0.41	0.52	0.58	0.54	0.53	0.51	0.39	0.54	0.60	0.59	0.59	0.56	0.52	0.49
Fv/Fm_Lss8	0.54	0.53	0.52	0.50	0.47	0.43	0.58	0.54	0.52	0.52	0.39	0.50	0.54	0.51	0.49	0.48	0.37	0.53	0.57	0.55	0.55	0.53	0.49	0.48
Fv/Fm_Lss9	0.53	0.51	0.50	0.48	0.45	0.42	0.57	0.53	0.50	0.51	0.39	0.51	0.53	0.49	0.48	0.47	0.37	0.52	0.56	0.54	0.54	0.51	0.47	0.49
Fv/Fm_Lss10	0.49	0.49	0.47	0.46	0.43	0.40	0.55	0.52	0.47	0.48	0.38	0.50	0.50	0.47	0.46	0.44	0.36	0.50	0.53	0.51	0.51	0.49	0.45	0.48
Fv/Fm_Lss11	0.48	0.48	0.46	0.44	0.42	0.39	0.54	0.50	0.46	0.46	0.38	0.49	0.49	0.46	0.44	0.43	0.36	0.50	0.51	0.49	0.49	0.46	0.44	0.48
Fv/Fm_Lss12	0.46	0.47	0.45	0.44	0.41	0.39	0.53	0.50	0.45	0.45	0.38	0.49	0.48	0.45	0.43	0.43	0.36	0.49	0.50	0.47	0.47	0.45	0.43	0.48
Fv/Fm_Lss13	0.44	0.45	0.43	0.42	0.40	0.38	0.52	0.48	0.44	0.43	0.39	0.48	0.46	0.44	0.42	0.41	0.36	0.47	0.48	0.45	0.46	0.43	0.42	0.48
Fv/Fm_Lss14	0.43	0.45	0.42	0.41	0.39	0.38	0.51	0.48	0.43	0.42	0.40	0.47	0.45	0.43	0.41	0.41	0.37	0.46	0.47	0.44	0.45	0.42	0.42	0.48
Fv/Fm_Lss15	0.42	0.43	0.40	0.40	0.38	0.37	0.49	0.45	0.41	0.40	0.41	0.46	0.43	0.41	0.40	0.39	0.38	0.45	0.45	0.42	0.43	0.41	0.41	0.49
QY_Lss1	0.61	0.61	0.59	0.60	0.55	0.50	0.63	0.60	0.63	0.60	0.53	0.46	0.65	0.64	0.64	0.60	0.55	0.47	0.62	0.61	0.61	0.57	0.53	0.44
QY_Lss2	0.56	0.53	0.53	0.53	0.46	0.38	0.58	0.54	0.59	0.55	0.42	0.28	0.60	0.60	0.59	0.56	0.44	0.24	0.57	0.55	0.56	0.50	0.43	0.31
QY_Lss3	0.51	0.47	0.49	0.49	0.40	0.33	0.53	0.49	0.55	0.52	0.35	0.22	0.54	0.53	0.55	0.50	0.37	0.16	0.52	0.52	0.52	0.46	0.38	0.21
QY_Lss4	0.43	0.38	0.43	0.42	0.34	0.26	0.43	0.43	0.47	0.46	0.25	0.10	0.44	0.44	0.47	0.43	0.29	0.06	0.46	0.46	0.45	0.43	0.32	0.08
QY_Lss5	0.43	0.36	0.44	0.42	0.33	0.28	0.42	0.42	0.46	0.46	0.26	0.13	0.42	0.42	0.44	0.42	0.27	0.10	0.44	0.46	0.45	0.42	0.30	0.13
QY_Lss6	0.39	0.31	0.40	0.38	0.30	0.26	0.39	0.39	0.41	0.42	0.23	0.09	0.38	0.37	0.39	0.38	0.22	0.05	0.40	0.43	0.41	0.39	0.27	0.11
QY_Lss7	0.36	0.28	0.37	0.35	0.27	0.21	0.36	0.37	0.39	0.40	0.20	0.08	0.35	0.33	0.37	0.35	0.20	0.07	0.37	0.41	0.38	0.37	0.24	0.07
QY_Lss8	0.28	0.20	0.29	0.28	0.20	0.16	0.28	0.32	0.32	0.34	0.14	-0.00	0.27	0.26	0.28	0.30	0.14	0.03	0.31	0.33	0.32	0.32	0.18	0.01
QY_Lss9	0.29	0.20	0.29	0.27	0.20	0.17	0.29	0.31	0.30	0.33	0.13	0.04	0.27	0.26	0.28	0.28	0.14	0.04	0.30	0.33	0.30	0.30	0.17	0.08
QY_Lss10	0.23	0.16	0.23	0.21	0.16	0.11	0.23	0.27	0.23	0.27	0.11	-0.00	0.22	0.23	0.24	0.23	0.09	-0.01	0.26	0.28	0.24	0.26	0.13	0.03
QY_Lss11	0.23	0.17	0.24	0.23	0.16	0.15	0.25	0.27	0.25	0.28	0.14	0.04	0.23	0.22	0.23	0.24	0.11	0.05	0.26	0.27	0.25	0.24	0.14	0.03
QY_Lss12	0.22	0.16	0.22	0.21	0.15	0.11	0.23	0.26	0.22	0.25	0.12	0.05	0.21	0.20	0.22	0.21	0.10	0.04	0.23	0.26	0.22	0.22	0.13	0.05
QY_Lss13	0.19	0.15	0.20	0.19	0.12	0.13	0.23	0.25	0.21	0.23	0.11	0.04	0.20	0.19	0.20	0.19	0.09	0.04	0.22	0.23	0.21	0.21	0.11	0.04
QY_Lss14	0.19	0.16	0.20	0.18	0.13	0.11	0.23	0.25	0.19	0.22	0.09	0.06	0.20	0.18	0.19	0.17	0.07	0.05	0.21	0.22	0.20	0.18	0.11	-0.00
QY_Lss15	0.15	0.12	0.17	0.15	0.10	0.11	0.18	0.20	0.17	0.18	0.05	0.03	0.16	0.16	0.17	0.14	0.06	0.03	0.18	0.19	0.16	0.16	0.10	0.03
NPQ_Lss1	0.04	0.04	0.03	0.05	0.07	0.13	0.06	0.06	0.05	0.08	0.17	0.16	0.04	0.04	0.04	0.07	0.15	0.07	0.02	0.03	0.02	0.02	0.01	0.09
NPQ_Lss2	0.07	0.05	0.07	0.10	0.16	0.29	0.08	0.12	0.08	0.15	0.47	0.35	0.04	0.05	0.06	0.13	0.43	0.13	0.04	0.06	0.04	0.08	0.05	0.14
NPQ_Lss3	0.13	0.09	0.12	0.16	0.27	0.44	0.11	0.17	0.13	0.20	0.75	0.42	0.08	0.11	0.13	0.25	0.75	0.15	0.07	0.10	0.07	0.12	0.10	0.24
NPQ_Lss4	0.23	0.19	0.20	0.28	0.41	0.59	0.21	0.26	0.27	0.31	1.08	0.47	0.21	0.28	0.32	0.45	1.11	0.20	0.14	0.18	0.14	0.17	0.19	0.33
NPQ_Lss5	0.26	0.27	0.24	0.36	0.52	0.68	0.24	0.33	0.37	0.37	1.24	0.40	0.30	0.44	0.50	0.59	1.37	0.17	0.17	0.21	0.16	0.19	0.27	0.35
NPQ_Lss6	0.36	0.39	0.35	0.51	0.68	0.80	0.31	0.41	0.51	0.46	1.37	0.38	0.44	0.63	0.69	0.75	1.62	0.20	0.24	0.26	0.23	0.25	0.40	0.37
NPQ_Lss7	0.48	0.52	0.48	0.66	0.85	0.97	0.38	0.47	0.66	0.55	1.50	0.35	0.57	0.82	0.85	0.88	1.78	0.21	0.32	0.33	0.33	0.34	0.55	0.41
NPQ_Lss8	0.73	0.77	0.75	0.94	1.11	1.18	0.55	0.63	0.93	0.75	1.71	0.44	0.83	1.09	1.19	1.08	2.02	0.28	0.48	0.52	0.52	0.50	0.75	0.47
NPQ_Lss9	0.81	0.88	0.89	1.09	1.27	1.28	0.59	0.68	1.09	0.86	1.75	0.40	0.93	1.20	1.29	1.24	2.04	0.32	0.58	0.60	0.64	0.62	0.87	0.41
NPQ_Lss10	1.05	1.05	1.13	1.32	1.43	1.50	0.73	0.80	1.33	1.09	1.85	0.46	1.15	1.38	1.49	1.45	2.18	0.43	0.74	0.81	0.85	0.78	1.04	0.49
NPQ_Lss11	1.21	1.16	1.27	1.44	1.57	1.55	0.78	0.89	1.46	1.23	1.79	0.48	1.28	1.54	1.67	1.56	2.17	0.45	0.87	0.98	0.97	0.94	1.14	0.48
NPQ_Lss12	1.32	1.23	1.38	1.54	1.65	1.64	0.86	0.94	1.58	1.35	1.78	0.49	1.39	1.64	1.76	1.64	2.16	0.51	1.00	1.09	1.09	1.05	1.21	0.47
NPQ_Lss13	1.52	1.37	1.55	1.70	1.78	1.67	0.96	1.05	1.70	1.52	1.71	0.58	1.55	1.77	1.89	1.77	2.15	0.59	1.14	1.27	1.22	1.19	1.30	0.49
NPQ_Lss14	1.61	1.42	1.64	1.76	1.84	1.71	1.04	1.11	1.82	1.67	1.61	0.63	1.66	1.88	2.03	1.87	2.06	0.66	1.25	1.41	1.32	1.32	1.34	0.51
NPQ_Lss15	1.80	1.57	1.82	1.92	1.94	1.79	1.23	1.30	1.97	1.85	1.55	0.72	1.91	2.04	2.14	2.00	1.92	0.78	1.39	1.56	1.49	1.43	1.40	0.42
qN_Lss1	0.06	0.05	0.05	0.07	0.10	0.18	0.08	0.08	0.07	0.12	0.22	0.23	0.06	0.06	0.05	0.10	0.20	0.11	0.03	0.05	0.04	0.04	0.02	0.14
qN_Lss2	0.10	0.08	0.10	0.13	0.21	0.34	0.10	0.15	0.11	0.19	0.47	0.41	0.06	0.07	0.08	0.17	0.44	0.19	0.06	0.09	0.06	0.11	0.08	0.20
qN_Lss3	0.16	0.12	0.16	0.20	0.31	0.45	0.15	0.22	0.17	0.25	0.60	0.45	0.11	0.15	0.17	0.29	0.60	0.21	0.10	0.14	0.10	0.17	0.15	0.31
qN_Lss4	0.27	0.23	0.24	0.32	0.42	0.54	0.25	0.30	0.30	0.34	0.70	0.49	0.24	0.31	0.34	0.44	0.71	0.27	0.18	0.23	0.18	0.23	0.25	0.40
qN_Lss5	0.30	0.31	0.28	0.38	0.49	0.58	0.28	0.36	0.38	0.39	0.74	0.44	0.33	0.42	0.46	0.52	0.76	0.24	0.21	0.25	0.20	0.25	0.33	0.41
qN_Lss6	0.38	0.40	0.37	0.47	0.57	0.62	0.33	0.41	0.47	0.45	0.76	0.43	0.42	0.52	0.55	0.59	0.80	0.27	0.28	0.30	0.27	0.31	0.42	0.43
qN_Lss7	0.45	0.48	0.46	0.55	0.63	0.68	0.38	0.46	0.54	0.50	0.78	0.41	0.49	0.60	0.62	0.63	0.82	0.28	0.35	0.36	0.36	0.38	0.51	0.45
qN_Lss8	0.57	0.59	0.59	0.65	0.70	0.73	0.49	0.54	0.64	0.59	0.81	0.47	0.60	0.68	0.71	0.69	0.85	0.35	0.46	0.49	0.48	0.49	0.61	0.49
qN_Lss9	0.61	0.63	0.64	0.69	0.74	0.75	0.51	0.56	0.69	0.63	0.82	0.44	0.64	0.71	0.73	0.73	0.85	0.38	0.51	0.53	0.54	0.55	0.65	0.46
qN_Lss10	0.68	0.68	0.70	0.74	0.77	0.79	0.57	0.61	0.74	0.70	0.83	0.48	0.70	0.74	0.76	0.77	0.86	0.46	0.58	0.61	0.63	0.62	0.70	0.50
qN_Lss11	0.72	0.71	0.74	0.76	0.79	0.80	0.59	0.64	0.76	0.73	0.82	0.49	0.72	0.77	0.79	0.78	0.86	0.48	0.63	0.67	0.67	0.67	0.72	0.50
qN_Lss12	0.74	0.72	0.76	0.78	0.80	0.81	0.62	0.66	0.78	0.75	0.82	0.50	0.74	0.78	0.80	0.79	0.86	0.51	0.67	0.70	0.70	0.70	0.74	0.49
qN_Lss13	0.77	0.75	0.78	0.80	0.82	0.81	0.65	0.68	0.80	0.78	0.81	0.55	0.77	0.80	0.82	0.81	0.86	0.55	0.70	0.74	0.73	0.73	0.75	0.50
qN_Lss14	0.79	0.76	0.80	0.81	0.82	0.82	0.67	0.70	0.81	0.80	0.80	0.57	0.79	0.82	0.83	0.82	0.85	0.59	0.73	0.76	0.75	0.76	0.76	0.51
qN_Lss15	0.81	0.78	0.82	0.83	0.83	0.83	0.72	0.74	0.83	0.82	0.79	0.61	0.82	0.83	0.84	0.84	0.84	0.64	0.75	0.79	0.77	0.78	0.77	0.46
qP_Lss1	0.93	0.92	0.91	0.91	0.87	0.84	0.95	0.93	0.94	0.94	0.89	0.84	0.95	0.95	0.96	0.93	0.91	0.83	0.94	0.94	0.94	0.92	0.85	0.79
qP_Lss2	0.86	0.82	0.83	0.82	0.74	0.67	0.88	0.85	0.89	0.88	0.77	0.55	0.88	0.89	0.89	0.88	0.80	0.44	0.87	0.87	0.86	0.81	0.69	0.57
qP_Lss3	0.80	0.73	0.78	0.77	0.68	0.61	0.80	0.79	0.84	0.85	0.70	0.43	0.81	0.81	0.84	0.82	0.74	0.29	0.81	0.83	0.81	0.77	0.63	0.39
qP_Lss4	0.70	0.61	0.70	0.70	0.60	0.52	0.67	0.71	0.76	0.77	0.54	0.20	0.68	0.69	0.76	0.75	0.64	0.11	0.72	0.75	0.72	0.72	0.54	0.15
qP_Lss5	0.71	0.59	0.72	0.71	0.61	0.57	0.67	0.71	0.76	0.80	0.59	0.25	0.68	0.69	0.76	0.76	0.63	0.18	0.71	0.76	0.73	0.72	0.53	0.25
qP_Lss6	0.65	0.53	0.68	0.67	0.57	0.53	0.62	0.68	0.71	0.75	0.54	0.18	0.63	0.66	0.71	0.71	0.55	0.10	0.65	0.72	0.68	0.69	0.49	0.22
qP_Lss7	0.63	0.49	0.66	0.64	0.54	0.46	0.60	0.66	0.69	0.73	0.49	0.16	0.60	0.61	0.69	0.69	0.50	0.12	0.62	0.69	0.64	0.66	0.45	0.15
qP_Lss8	0.52	0.38	0.55	0.56	0.43	0.37	0.49	0.58	0.61	0.65	0.36	-0.00	0.49	0.51	0.57	0.63	0.37	0.07	0.54	0.60	0.57	0.60	0.37	0.03
qP_Lss9	0.56	0.39	0.57	0.56	0.44	0.40	0.50	0.58	0.59	0.66	0.34	0.07	0.51	0.53	0.59	0.59	0.38	0.08	0.54	0.61	0.56	0.59	0.36	0.15
qP_Lss10	0.46	0.33	0.50	0.46	0.38	0.27	0.42	0.53	0.49	0.57	0.28	-0.00	0.43	0.47	0.52	0.52	0.26	-0.02	0.49	0.54	0.48	0.53	0.28	0.06
qP_Lss11	0.49	0.36	0.53	0.51	0.39	0.38	0.47	0.54	0.54	0.61	0.37	0.09	0.47	0.48	0.53	0.55	0.32	0.10	0.50	0.55	0.51	0.52	0.32	0.06
qP_Lss12	0.48	0.35	0.50	0.48	0.37	0.29	0.43	0.52	0.49	0.57	0.30	0.09	0.45	0.46	0.51	0.50	0.29	0.08	0.45	0.54	0.46	0.50	0.30	0.10
qP_Lss13	0.43	0.33	0.47	0.44	0.31	0.34	0.44	0.52	0.49	0.55	0.28	0.08	0.44	0.43	0.48	0.46	0.24	0.08	0.45	0.51	0.46	0.47	0.26	0.09
qP_Lss14	0.44	0.35	0.48	0.44	0.32	0.30	0.45	0.52	0.45	0.53	0.22	0.12	0.45	0.43	0.46	0.42	0.19	0.12	0.44	0.50	0.44	0.44	0.25	-0.00
qP_Lss15	0.37	0.29	0.41	0.37	0.25	0.29	0.37	0.44	0.41	0.45	0.12	0.07	0.37	0.38	0.42	0.36	0.17	0.07	0.39	0.45	0.38	0.40	0.24	0.06
qL_Lss1	1.06	1.06	1.06	1.06	1.06	1.04	1.05	1.05	1.05	1.04	1.04	1.01	1.05	1.05	1.04	1.05	1.04	1.02	1.05	1.04	1.05	1.04	1.06	1.00
qL_Lss2	1.09	1.10	1.08	1.08	1.05	0.96	1.09	1.07	1.08	1.06	0.98	0.81	1.10	1.09	1.09	1.06	1.00	0.74	1.09	1.07	1.08	1.05	1.03	0.86
qL_Lss3	1.08	1.09	1.07	1.07	1.00	0.88	1.10	1.06	1.09	1.05	0.91	0.69	1.12	1.11	1.09	1.05	0.94	0.54	1.10	1.07	1.08	1.04	0.98	0.66
qL_Lss4	1.04	1.00	1.04	1.02	0.91	0.78	1.06	1.02	1.06	1.03	0.75	0.36	1.07	1.05	1.05	1.00	0.83	0.23	1.07	1.05	1.05	1.01	0.89	0.28
qL_Lss5	1.03	0.97	1.03	1.01	0.90	0.81	1.05	1.00	1.04	1.02	0.78	0.45	1.04	1.01	1.02	0.98	0.80	0.35	1.06	1.04	1.05	1.00	0.86	0.44
qL_Lss6	0.98	0.88	0.99	0.95	0.84	0.76	1.00	0.97	1.00	0.99	0.72	0.33	0.98	0.95	0.97	0.94	0.72	0.21	1.02	1.02	1.01	0.98	0.79	0.39
qL_Lss7	0.95	0.82	0.95	0.91	0.79	0.67	0.97	0.95	0.96	0.97	0.67	0.30	0.93	0.89	0.93	0.91	0.66	0.25	0.98	0.99	0.97	0.94	0.72	0.28
qL_Lss8	0.81	0.64	0.82	0.80	0.65	0.55	0.83	0.87	0.87	0.90	0.51	-0.01	0.79	0.77	0.81	0.85	0.51	0.13	0.88	0.90	0.88	0.87	0.60	0.06
qL_Lss9	0.83	0.64	0.82	0.79	0.64	0.57	0.83	0.86	0.83	0.89	0.48	0.15	0.79	0.77	0.82	0.80	0.52	0.16	0.85	0.89	0.85	0.84	0.57	0.28
qL_Lss10	0.71	0.55	0.72	0.67	0.56	0.40	0.72	0.80	0.71	0.79	0.41	-0.00	0.68	0.70	0.74	0.72	0.37	-0.04	0.77	0.80	0.73	0.77	0.45	0.12
qL_Lss11	0.72	0.57	0.74	0.71	0.56	0.53	0.76	0.79	0.75	0.82	0.51	0.16	0.71	0.69	0.72	0.74	0.44	0.19	0.77	0.79	0.75	0.74	0.49	0.11
qL_Lss12	0.69	0.55	0.70	0.67	0.53	0.42	0.71	0.77	0.69	0.77	0.44	0.18	0.67	0.66	0.70	0.68	0.40	0.15	0.70	0.76	0.69	0.70	0.46	0.19
qL_Lss13	0.62	0.52	0.65	0.62	0.46	0.47	0.70	0.75	0.68	0.73	0.41	0.14	0.65	0.63	0.66	0.63	0.34	0.15	0.68	0.72	0.67	0.66	0.40	0.17
qL_Lss14	0.63	0.53	0.66	0.62	0.46	0.42	0.71	0.75	0.64	0.71	0.34	0.21	0.65	0.61	0.63	0.59	0.28	0.21	0.66	0.70	0.64	0.62	0.39	-0.01
qL_Lss15	0.53	0.44	0.58	0.53	0.37	0.41	0.59	0.64	0.58	0.62	0.19	0.12	0.54	0.55	0.58	0.51	0.25	0.12	0.59	0.63	0.55	0.56	0.36	0.11
PAR1	59.15	59.15	59.15	59.15	59.15	59.15	59.15	59.15	59.15	59.15	59.15	59.15	59.15	59.15	59.15	59.15	59.15	59.15	59.15	59.15	59.15	59.15	59.15	59.15
PAR2	179.76	179.76	179.76	179.76	179.76	179.76	179.76	179.76	179.76	179.76	179.76	179.76	179.76	179.76	179.76	179.76	179.76	179.76	179.76	179.76	179.76	179.76	179.76	179.76
PAR3	300.37	300.37	300.37	300.37	300.37	300.37	300.37	300.37	300.37	300.37	300.37	300.37	300.37	300.37	300.37	300.37	300.37	300.37	300.37	300.37	300.37	300.37	300.37	300.37
PAR4	420.98	420.98	420.98	420.98	420.98	420.98	420.98	420.98	420.98	420.98	420.98	420.98	420.98	420.98	420.98	420.98	420.98	420.98	420.98	420.98	420.98	420.98	420.98	420.98
PAR5	541.59	541.59	541.59	541.59	541.59	541.59	541.59	541.59	541.59	541.59	541.59	541.59	541.59	541.59	541.59	541.59	541.59	541.59	541.59	541.59	541.59	541.59	541.59	541.59
PAR6	662.20	662.20	662.20	662.20	662.20	662.20	662.20	662.20	662.20	662.20	662.20	662.20	662.20	662.20	662.20	662.20	662.20	662.20	662.20	662.20	662.20	662.20	662.20	662.20
PAR7	782.81	782.81	782.81	782.81	782.81	782.81	782.81	782.81	782.81	782.81	782.81	782.81	782.81	782.81	782.81	782.81	782.81	782.81	782.81	782.81	782.81	782.81	782.81	782.81
PAR8	903.42	903.42	903.42	903.42	903.42	903.42	903.42	903.42	903.42	903.42	903.42	903.42	903.42	903.42	903.42	903.42	903.42	903.42	903.42	903.42	903.42	903.42	903.42	903.42
PAR9	1024.03	1024.03	1024.03	1024.03	1024.03	1024.03	1024.03	1024.03	1024.03	1024.03	1024.03	1024.03	1024.03	1024.03	1024.03	1024.03	1024.03	1024.03	1024.03	1024.03	1024.03	1024.03	1024.03	1024.03
PAR10	1144.64	1144.64	1144.64	1144.64	1144.64	1144.64	1144.64	1144.64	1144.64	1144.64	1144.64	1144.64	1144.64	1144.64	1144.64	1144.64	1144.64	1144.64	1144.64	1144.64	1144.64	1144.64	1144.64	1144.64
PAR11	1265.25	1265.25	1265.25	1265.25	1265.25	1265.25	1265.25	1265.25	1265.25	1265.25	1265.25	1265.25	1265.25	1265.25	1265.25	1265.25	1265.25	1265.25	1265.25	1265.25	1265.25	1265.25	1265.25	1265.25
PAR12	1385.86	1385.86	1385.86	1385.86	1385.86	1385.86	1385.86	1385.86	1385.86	1385.86	1385.86	1385.86	1385.86	1385.86	1385.86	1385.86	1385.86	1385.86	1385.86	1385.86	1385.86	1385.86	1385.86	1385.86
PAR13	1506.47	1506.47	1506.47	1506.47	1506.47	1506.47	1506.47	1506.47	1506.47	1506.47	1506.47	1506.47	1506.47	1506.47	1506.47	1506.47	1506.47	1506.47	1506.47	1506.47	1506.47	1506.47	1506.47	1506.47
PAR14	1627.08	1627.08	1627.08	1627.08	1627.08	1627.08	1627.08	1627.08	1627.08	1627.08	1627.08	1627.08	1627.08	1627.08	1627.08	1627.08	1627.08	1627.08	1627.08	1627.08	1627.08	1627.08	1627.08	1627.08
PAR15	1747.69	1747.69	1747.69	1747.69	1747.69	1747.69	1747.69	1747.69	1747.69	1747.69	1747.69	1747.69	1747.69	1747.69	1747.69	1747.69	1747.69	1747.69	1747.69	1747.69	1747.69	1747.69	1747.69	1747.69
ETR1	14.4644	14.3252	14.0456	14.0995	13.0152	11.7709	14.9381	14.1346	14.8796	14.1713	12.5560	11.0000	15.2922	15.1524	15.1935	14.2462	13.0157	11.1738	14.7162	14.4073	14.3612	13.4496	12.5056	10.3949
ETR2	40.2582	38.3675	38.1984	38.0155	32.8369	27.2067	41.8023	38.6997	42.1275	39.5040	30.1407	20.3465	42.8404	42.8721	42.7672	40.0480	31.8984	17.4303	40.8451	39.8213	39.9911	35.6389	30.7397	22.3080
ETR3	61.2501	56.2172	58.8978	58.5300	48.6119	39.0510	63.3657	58.7017	65.6042	62.4582	42.0616	26.3561	64.8789	63.8052	65.7023	60.0615	44.7656	19.2607	63.0056	62.9960	61.8819	55.7100	45.3888	24.9190
ETR4	72.7424	63.5617	72.7564	71.0752	57.3212	44.3434	72.3601	71.6477	79.5748	76.7772	41.4393	17.0706	73.9090	73.2899	78.9037	72.0317	49.0654	10.2214	76.8889	77.5122	75.5332	71.7254	53.6869	12.7843
ETR5	93.6544	78.2658	94.2959	90.9004	72.3558	61.4693	92.0563	90.1923	100.2829	100.4347	55.8003	27.9065	91.9019	90.1160	95.9365	90.4515	58.2080	20.9713	96.1689	100.5214	97.9197	91.0255	65.9409	27.2043
ETR6	102.4009	81.7896	104.7664	99.6435	79.0103	67.8561	102.2554	103.2169	109.6613	112.3525	60.4611	24.1371	100.0557	98.9525	104.0736	99.8808	59.1922	14.4097	106.6381	114.4898	109.2028	104.2356	70.7358	29.1613
ETR7	113.9882	86.8943	116.6455	108.8011	84.8109	66.0721	113.0408	116.3344	121.4631	125.9621	63.1560	25.4334	109.3977	104.2010	114.8041	110.3059	61.1954	20.8776	117.2691	126.9792	118.2376	114.9060	73.6282	23.3324
ETR8	101.5366	72.2698	104.5196	100.7783	73.0378	58.1729	101.4446	113.9545	114.6792	123.1309	50.8728	-0.7079	97.2553	93.7221	102.0876	109.5142	49.7341	12.5209	112.5952	119.8263	114.7724	113.9713	66.1435	5.2912
ETR9	119.4936	81.5674	117.0617	110.7005	80.2411	68.7732	117.2942	126.3376	121.3749	136.4265	54.1605	15.5562	111.3857	106.7648	116.4729	113.0503	57.1274	16.6299	122.9070	134.3968	123.8562	122.3338	70.2867	31.0704
ETR10	105.2079	74.5126	107.2330	96.5523	74.8842	49.2570	107.0392	125.7238	105.4114	123.7579	49.2299	-0.1341	98.6616	103.0418	110.1921	105.0112	42.9386	-4.7929	118.5291	126.1373	110.6408	118.0787	58.7513	14.0800
ETR11	117.6024	85.9480	121.5105	115.4141	82.0014	74.9846	128.2497	137.3952	124.7052	142.9247	71.3693	21.7169	117.1861	111.3908	117.8042	120.0401	57.3498	25.1804	130.6804	136.9472	125.6471	122.7430	70.5099	13.9473
ETR12	123.0577	89.9072	123.9161	115.4271	82.7996	61.5568	127.8894	143.6669	121.9671	141.0508	64.6426	25.7695	118.2537	113.5487	122.4772	117.1302	57.3499	21.9671	124.7674	141.6634	121.5588	124.1739	71.3275	26.9593
ETR13	113.8896	91.2410	120.5984	111.7214	75.0345	77.7135	137.1352	151.0058	128.7061	141.3567	65.7023	21.7053	121.7449	114.4360	122.1783	114.5215	51.7284	22.8946	130.5962	139.7274	126.4895	123.8477	66.9223	26.4930
ETR14	124.9792	101.5336	130.5699	119.0946	81.8654	73.0881	148.6352	162.5130	126.0536	144.4306	57.9840	36.4915	130.8450	118.9261	123.0895	112.0872	45.4939	35.6988	133.6154	142.7808	129.2924	119.9115	68.6345	-1.2241
ETR15	106.6327	87.1241	116.6738	104.7505	67.2817	75.2445	126.6900	138.1150	117.2566	126.9223	34.3618	22.0194	110.2892	110.6437	117.9721	99.5393	44.7050	21.6356	123.4615	132.4762	113.3340	113.3117	68.4047	19.0095
