FluorCam7 Numeric Avg Export File
-----------------------------------
	Area 1	Area 2	Area 3	Area 4	Area 5	Area 6	Area 7	Area 8	Area 9	Area 10	Area 11	Area 12	Area 13	Area 14	Area 15	Area 16	Area 17	Area 18	Area 19	Area 20	Area 21	Area 22	Area 23	Area 24
Size [pixels]	3469	4299	4466	5330	3146	2672	3152	4639	3196	3749	2182	1889	3627	3319	2817	4500	2496	1152	3673	4832	5609	4557	3840	1909
Fo	1717.29	2308.42	2340.06	2087.93	2086.38	1979.56	1648.70	1511.59	2219.68	1755.02	2242.96	1867.95	1760.91	2188.66	2081.38	1937.94	2242.31	1994.42	2019.46	2324.23	2664.91	2381.90	2901.06	2041.31
Fm	4408.55	5811.47	5719.99	4762.85	3790.61	3524.23	4199.75	3664.14	5244.82	4034.29	3915.66	2428.79	4507.12	5404.85	5059.92	4277.52	3853.06	2358.62	5301.23	5822.10	6612.17	5353.06	5301.67	3019.11
Fv	2691.26	3503.05	3379.93	2674.92	1704.23	1544.66	2551.04	2152.55	3025.14	2279.27	1672.70	560.84	2746.21	3216.18	2978.55	2339.57	1610.75	364.20	3281.77	3497.87	3947.26	2971.16	2400.61	977.80
Fm_Lss1	4345.94	5685.71	5637.79	4530.10	3686.67	3492.86	4061.80	3516.50	4898.24	3762.42	3921.36	2462.30	4400.45	5203.96	4801.01	3990.53	3767.32	2371.70	5272.98	5773.85	6516.98	5185.26	5301.10	2930.41
Ft_Lss1	1843.92	2453.62	2451.81	2199.52	2363.61	2224.55	1783.57	1613.55	2312.21	1826.61	2517.59	1971.78	1878.20	2326.67	2202.26	1998.39	2490.66	2066.74	2157.63	2467.24	2809.73	2505.46	3347.30	2211.95
Fo_Lss1	1707.71	2288.32	2326.19	2041.94	2054.49	1969.63	1627.01	1485.86	2155.14	1701.54	2244.83	1887.70	1744.39	2154.98	2036.21	1876.79	2213.00	2003.76	2015.34	2316.50	2649.32	2348.09	2900.89	2000.37
Fv_Lss1	2638.24	3397.39	3311.60	2488.16	1632.17	1523.23	2434.79	2030.64	2743.10	2060.89	1676.54	574.60	2656.05	3048.98	2764.80	2113.73	1554.32	367.93	3257.63	3457.35	3867.67	2837.17	2400.21	930.04
Fq_Lss1	2502.02	3232.09	3185.97	2330.58	1323.06	1268.30	2278.23	1902.94	2586.03	1935.81	1403.78	490.52	2522.25	2877.29	2598.75	1992.14	1276.67	304.96	3115.34	3306.61	3707.25	2679.79	1953.80	718.47
QY_max	0.61	0.60	0.59	0.56	0.45	0.44	0.61	0.59	0.58	0.56	0.43	0.23	0.61	0.60	0.59	0.55	0.42	0.15	0.62	0.60	0.60	0.56	0.45	0.32
Fv/Fm_Lss1	0.61	0.60	0.59	0.55	0.44	0.44	0.60	0.58	0.56	0.55	0.43	0.23	0.60	0.59	0.58	0.53	0.41	0.16	0.62	0.60	0.59	0.55	0.45	0.32
QY_Lss1	0.58	0.57	0.57	0.51	0.36	0.36	0.56	0.54	0.53	0.51	0.36	0.20	0.57	0.55	0.54	0.50	0.34	0.13	0.59	0.57	0.57	0.52	0.37	0.25
NPQ_Lss1	0.01	0.02	0.01	0.05	0.03	0.01	0.03	0.04	0.07	0.07	-0.00	-0.01	0.02	0.04	0.05	0.07	0.02	-0.01	0.01	0.01	0.01	0.03	0.00	0.03
qN_Lss1	0.02	0.04	0.02	0.09	0.06	0.02	0.05	0.07	0.11	0.12	-0.00	-0.06	0.04	0.06	0.09	0.12	0.05	-0.04	0.01	0.01	0.02	0.06	0.00	0.09
qP_Lss1	0.95	0.95	0.96	0.94	0.81	0.83	0.94	0.94	0.94	0.94	0.84	0.85	0.95	0.94	0.94	0.94	0.82	0.83	0.96	0.96	0.96	0.94	0.81	0.77
qL_Lss1	1.02	1.02	1.01	1.01	0.93	0.94	1.03	1.02	1.01	1.01	0.94	0.89	1.02	1.02	1.02	1.00	0.92	0.85	1.02	1.02	1.02	1.01	0.94	0.85
PAR1	10.90	10.90	10.90	10.90	10.90	10.90	10.90	10.90	10.90	10.90	10.90	10.90	10.90	10.90	10.90	10.90	10.90	10.90	10.90	10.90	10.90	10.90	10.90	10.90
ETR1	2.5108	2.4792	2.4646	2.2437	1.5651	1.5836	2.4462	2.3601	2.3025	2.2439	1.5612	0.8688	2.4998	2.4113	2.3607	2.1772	1.4779	0.5608	2.5767	2.4976	2.4809	2.2539	1.6074	1.0693
