FluorCam7 Numeric Avg Export File
-----------------------------------
	Area 1	Area 2	Area 3	Area 4	Area 5	Area 6	Area 7	Area 8	Area 9	Area 10	Area 11	Area 12	Area 13	Area 14	Area 15	Area 16	Area 17	Area 18	Area 19	Area 20	Area 21	Area 22	Area 23	Area 24
Size [pixels]	4579	7082	4477	4840	4339	4091	5230	5830	5493	4807	3139	3987	4531	5518	7248	7202	5744	4868	5361	5784	6291	5302	6142	4984
Fo	1777.90	2160.50	1965.36	2264.62	1606.92	1496.88	2062.63	2505.53	2491.88	2089.61	1684.12	1742.17	1900.51	2207.31	2821.78	2309.00	2028.76	1889.96	1912.19	1968.78	2151.16	1917.95	1996.76	1800.07
Fm	6094.04	7186.98	6565.25	7369.53	4544.65	3866.79	6871.06	8234.54	7864.93	6587.41	4875.95	4921.84	5925.05	6471.54	8371.37	6870.20	5668.34	4632.28	6220.86	6212.85	6689.33	5726.88	5974.30	4721.11
Fv	4316.13	5026.48	4599.89	5104.91	2937.73	2369.91	4808.43	5729.00	5373.05	4497.80	3191.83	3179.68	4024.53	4264.23	5549.58	4561.21	3639.59	2742.31	4308.67	4244.07	4538.18	3808.93	3977.54	2921.05
Fm_Lss1	5986.73	7049.24	6409.02	7183.72	4160.33	3207.28	6800.48	8135.36	7771.88	6320.71	4355.72	4261.01	5943.30	6450.92	8352.77	6816.45	5461.69	4552.54	6125.67	6098.41	6534.46	5479.23	5583.88	4226.75
Fm_Lss2	5826.74	6820.30	6229.48	6850.12	3682.56	2678.82	6564.86	7866.45	7553.35	5840.36	3506.02	3323.30	5719.06	6127.63	8080.48	6492.36	4995.97	4319.90	5929.70	5911.16	6277.84	5142.55	4784.82	3611.10
Fm_Lss3	5747.83	6770.63	6093.94	6516.35	3474.99	2519.82	6484.01	7687.60	7387.63	5464.68	2910.50	2932.88	5661.17	5951.38	7974.08	6306.87	4690.20	4284.17	5892.60	5780.46	6154.59	5003.23	4107.03	3374.98
Fm_Lss4	5673.17	6662.02	5847.45	5948.99	3268.14	2452.19	6263.67	7327.40	6902.13	4899.48	2480.55	2704.58	5480.37	5740.01	7721.66	5924.56	4302.73	4160.79	5747.12	5711.16	5964.10	4737.88	3473.03	3231.48
Fm_Lss5	5284.38	6219.67	5335.33	5232.34	2821.03	2403.58	5730.56	6707.42	6127.98	4260.73	2111.31	2508.12	4924.74	5360.63	7150.86	5339.18	3863.96	3908.15	5328.29	5392.78	5476.41	4318.93	2956.93	3120.00
Fm_Lss6	5279.86	6149.04	5096.09	5064.93	2655.15	2539.69	5527.78	6274.14	6116.74	3925.36	1981.62	2604.46	4895.50	5314.62	6937.20	5109.86	3579.97	4071.51	5331.27	5244.80	5490.13	4346.55	2771.03	3202.89
Fm_Lss7	4702.95	5496.02	4402.77	4280.59	2201.13	2441.98	4953.99	5490.98	5434.68	3384.80	1779.82	2509.43	4320.83	4786.03	6202.38	4532.91	3155.33	3748.32	4776.74	4734.49	4864.50	3861.59	2470.93	3015.12
Fm_Lss8	4550.40	5224.62	4099.00	4030.85	2012.57	2593.12	4631.25	5053.73	5273.71	3168.01	1751.85	2673.87	4145.39	4534.74	5791.27	4288.81	2934.43	3803.64	4526.78	4457.00	4631.59	3658.66	2410.68	3091.63
Fm_Lss9	4203.64	4737.60	3666.85	3648.26	1768.69	2594.17	4231.93	4606.87	4883.43	2901.19	1709.76	2795.36	3817.11	4089.68	5260.71	3917.62	2728.12	3691.74	4133.81	4017.33	4194.15	3324.06	2277.10	3062.52
Fm_Lss10	3866.54	4264.62	3269.68	3306.36	1587.90	2564.71	3863.47	4194.17	4490.21	2677.51	1691.31	2888.50	3504.48	3703.47	4789.62	3618.20	2539.37	3531.70	3734.03	3608.81	3759.16	3003.87	2198.12	3023.89
Fm_Lss11	3534.44	3862.46	2973.09	3051.06	1471.55	2482.61	3586.01	3898.34	4213.60	2497.42	1696.30	2981.25	3251.96	3377.37	4424.61	3354.16	2387.15	3402.34	3412.17	3259.12	3387.35	2740.79	2103.26	2980.31
Fm_Lss12	3307.23	3592.84	2783.72	2890.57	1408.55	2413.35	3324.59	3685.19	3981.86	2376.85	1734.53	3078.07	3094.41	3146.67	4136.79	3181.87	2285.38	3326.11	3147.39	3025.47	3097.01	2533.10	2080.00	2933.88
Fm_Lss13	3024.00	3273.62	2582.39	2716.87	1317.56	2337.30	3106.67	3477.32	3714.81	2273.50	1748.88	3048.85	2854.34	2873.86	3873.66	2984.78	2217.44	3143.30	2879.15	2763.56	2787.78	2331.21	2019.98	2880.65
Fm_Lss14	2778.90	3039.08	2406.87	2591.96	1273.11	2244.29	2969.25	3321.65	3513.88	2198.12	1780.33	3008.45	2684.70	2696.24	3658.88	2840.54	2171.08	3038.34	2698.80	2556.06	2602.98	2214.50	2018.03	2833.52
Fm_Lss15	2649.06	2888.37	2306.49	2512.26	1251.45	2155.64	2830.48	3179.40	3366.53	2149.13	1865.87	2974.68	2569.89	2575.57	3483.46	2742.47	2141.51	2933.91	2539.59	2433.18	2446.64	2107.14	2055.17	2799.19
Ft_Lss1	2030.43	2465.32	2229.91	2629.22	1748.02	1711.46	2421.64	2959.16	2976.20	2374.36	1894.56	2070.31	2193.54	2608.14	3498.99	3010.25	2895.06	3227.23	2194.38	2237.17	2420.20	2136.72	2298.08	2079.45
Ft_Lss2	2206.92	2689.06	2434.96	2920.20	1854.28	1953.90	2639.85	3261.06	3394.64	2533.33	1927.87	2205.10	2516.10	2918.24	4042.91	3500.22	3313.09	3790.89	2338.20	2375.11	2572.31	2255.64	2445.88	2400.14
Ft_Lss3	2454.40	2982.29	2642.73	3149.14	1841.01	1939.56	2935.80	3570.30	3845.81	2576.25	1782.62	2123.49	2731.84	2962.63	4254.89	3592.30	3233.06	3915.86	2517.86	2495.57	2685.01	2324.85	2362.89	2515.84
Ft_Lss4	2799.63	3315.75	2897.30	3241.43	1850.98	2083.38	3211.45	3880.72	4041.88	2559.57	1671.91	2121.22	2960.18	3053.48	4395.09	3567.66	3031.70	3883.42	2755.81	2717.84	2824.50	2353.69	2234.46	2643.65
Ft_Lss5	2935.27	3463.91	2950.34	3195.36	1747.45	2151.93	3292.65	3889.73	4007.80	2427.09	1535.90	2105.93	2976.73	3022.35	4338.11	3423.04	2821.43	3759.33	2851.84	2811.16	2847.92	2305.56	2077.35	2710.80
Ft_Lss6	3215.43	3728.39	3048.46	3284.90	1727.34	2354.82	3360.55	3948.93	4178.16	2393.18	1552.18	2251.34	3089.59	3128.98	4401.56	3416.99	2724.31	3981.71	3040.88	2929.16	2996.65	2423.82	2073.19	2881.74
Ft_Lss7	3095.89	3602.54	2863.88	2981.25	1542.85	2362.81	3223.14	3726.47	3943.28	2205.78	1413.78	2260.59	2893.65	2960.77	4134.21	3150.60	2467.69	3682.33	2941.24	2832.32	2849.69	2265.05	1919.90	2795.78
Ft_Lss8	3178.41	3601.11	2789.96	2935.42	1483.22	2477.97	3184.04	3626.07	3981.55	2188.27	1468.82	2467.68	2905.49	2944.74	4052.21	3090.55	2373.81	3756.36	2956.47	2822.58	2867.87	2282.32	1933.16	2886.57
Ft_Lss9	3026.42	3415.70	2596.72	2742.51	1374.88	2478.54	3025.61	3439.94	3822.20	2065.11	1450.32	2588.84	2781.79	2784.26	3830.28	2926.80	2251.35	3598.84	2825.84	2680.17	2711.18	2153.92	1885.42	2879.08
Ft_Lss10	2896.79	3214.38	2456.70	2606.83	1297.37	2470.26	2898.37	3277.98	3684.17	2019.68	1475.57	2778.14	2655.48	2634.36	3639.79	2790.23	2152.26	3498.33	2684.18	2531.82	2558.23	2070.54	1849.97	2867.58
Ft_Lss11	2739.72	2991.70	2298.50	2463.10	1232.79	2413.70	2742.69	3150.01	3508.24	1946.35	1489.90	2884.77	2540.18	2511.22	3461.48	2666.00	2082.89	3356.74	2520.17	2384.81	2385.66	1955.79	1817.30	2844.85
Ft_Lss12	2608.12	2825.26	2193.80	2400.17	1204.13	2356.56	2660.90	3039.92	3396.53	1925.21	1562.00	2986.33	2447.47	2413.99	3314.06	2578.89	2041.32	3276.69	2409.11	2261.39	2260.39	1904.68	1826.61	2852.43
Ft_Lss13	2433.48	2655.75	2086.87	2299.68	1165.32	2260.92	2540.02	2912.62	3229.27	1875.89	1575.54	2965.17	2328.31	2295.54	3189.08	2475.99	1988.54	3111.74	2266.69	2135.43	2124.29	1805.81	1797.35	2805.03
Ft_Lss14	2308.90	2542.08	1996.52	2229.04	1129.25	2164.14	2457.74	2847.44	3083.83	1856.02	1643.49	2962.46	2242.37	2208.28	3071.66	2414.40	1975.44	3003.25	2172.94	2056.99	2035.91	1760.36	1813.30	2751.33
Ft_Lss15	2201.44	2401.00	1954.90	2190.30	1126.29	2085.64	2399.55	2765.91	2972.01	1853.21	1740.77	2914.56	2171.59	2121.74	2986.79	2353.91	1979.29	2896.49	2074.60	1963.86	1959.22	1722.15	1853.71	2730.60
Fo_Lss1	1768.66	2147.88	1951.13	2246.76	1556.09	1386.51	2056.23	2496.27	2482.46	2062.01	1617.40	1651.50	1902.39	2204.91	2819.67	2302.89	2001.65	1876.55	1903.10	1957.14	2134.88	1889.35	1951.16	1723.22
Fo_Lss2	1754.42	2126.14	1934.15	2213.06	1484.08	1277.56	2034.15	2470.36	2459.73	2008.13	1483.86	1488.70	1878.81	2165.85	2787.96	2264.70	1935.52	1835.80	1883.76	1937.45	2106.75	1847.64	1843.58	1611.23
Fo_Lss3	1747.20	2121.29	1920.89	2177.03	1449.19	1240.24	2026.32	2452.44	2441.89	1961.76	1365.60	1404.92	1872.52	2143.41	2775.18	2241.70	1887.84	1829.32	1880.00	1923.19	2092.68	1829.33	1733.36	1562.46
Fo_Lss4	1740.24	2110.51	1895.70	2109.81	1411.92	1223.63	2004.29	2414.58	2386.41	1883.75	1262.90	1350.32	1852.31	2115.36	2743.96	2191.44	1821.81	1806.45	1864.94	1915.46	2070.20	1792.63	1609.37	1530.98
Fo_Lss5	1701.83	2064.00	1838.49	2012.07	1321.44	1211.40	1946.35	2343.21	2286.54	1781.09	1159.65	1299.50	1784.26	2061.59	2668.27	2106.03	1738.24	1757.13	1818.55	1878.27	2008.13	1729.16	1488.95	1505.50
Fo_Lss6	1701.36	2056.16	1809.22	1986.82	1283.87	1245.03	1922.40	2288.01	2284.97	1719.67	1119.40	1324.89	1780.41	2054.75	2637.96	2069.40	1678.34	1789.41	1818.90	1859.99	2009.97	1733.57	1440.29	1524.53
Fo_Lss7	1636.67	1977.59	1713.43	1853.59	1167.43	1221.08	1847.96	2174.89	2182.64	1607.22	1052.02	1299.85	1698.27	1970.60	2524.24	1967.96	1578.74	1724.08	1749.60	1791.51	1919.59	1650.88	1354.77	1480.64
Fo_Lss8	1617.79	1941.31	1665.40	1805.16	1112.16	1257.74	1801.14	2102.83	2156.21	1556.64	1042.19	1342.62	1670.48	1926.64	2453.36	1920.50	1521.43	1735.69	1714.92	1750.28	1882.23	1612.64	1336.46	1498.86
Fo_Lss9	1571.70	1869.88	1589.30	1724.19	1033.42	1257.98	1737.38	2021.25	2087.98	1489.34	1027.15	1372.58	1614.53	1841.50	2352.84	1842.33	1464.03	1712.01	1655.30	1678.15	1805.70	1544.13	1294.36	1491.98
Fo_Lss10	1522.08	1791.46	1509.81	1643.85	968.96	1251.01	1671.92	1937.60	2012.63	1428.09	1020.46	1394.66	1555.82	1758.91	2253.70	1773.32	1407.87	1676.77	1587.26	1602.38	1720.01	1471.28	1268.45	1482.76
Fo_Lss11	1467.79	1716.39	1443.32	1578.19	924.36	1231.15	1617.76	1871.97	1955.10	1375.20	1022.27	1415.92	1503.97	1681.79	2169.48	1707.45	1359.80	1647.04	1526.07	1529.51	1637.76	1405.22	1236.28	1472.20
Fo_Lss12	1427.08	1661.00	1397.18	1534.13	899.10	1213.88	1562.33	1821.38	1903.69	1337.83	1036.03	1437.40	1469.37	1622.55	2097.91	1661.65	1326.16	1628.97	1470.73	1476.02	1566.74	1348.53	1228.20	1460.78
Fo_Lss13	1371.64	1589.35	1344.57	1483.79	861.14	1194.33	1512.48	1769.11	1840.44	1304.45	1041.14	1430.99	1412.94	1546.84	2028.05	1606.26	1302.99	1583.85	1409.37	1410.79	1483.50	1289.09	1207.03	1447.46
Fo_Lss14	1318.88	1531.95	1295.38	1445.73	841.93	1169.56	1479.15	1727.91	1789.73	1279.29	1052.20	1422.03	1370.09	1493.87	1967.58	1563.53	1286.85	1556.76	1364.73	1354.65	1429.49	1252.59	1206.33	1435.46
Fo_Lss15	1288.90	1492.69	1265.74	1420.60	832.40	1145.03	1443.89	1688.61	1750.71	1262.53	1081.51	1414.44	1339.55	1456.07	1915.70	1533.35	1276.40	1528.87	1322.79	1319.34	1381.03	1217.50	1219.50	1426.60
Fv_Lss1	4218.07	4901.35	4457.90	4936.95	2604.24	1820.77	4744.25	5639.09	5289.42	4258.69	2738.33	2609.50	4040.91	4246.02	5533.10	4513.56	3460.04	2675.98	4222.57	4141.27	4399.57	3589.88	3632.71	2503.53
Fv_Lss2	4072.32	4694.17	4295.32	4637.07	2198.49	1401.26	4530.71	5396.08	5093.62	3832.23	2022.16	1834.60	3840.25	3961.78	5292.53	4227.66	3060.45	2484.10	4045.95	3973.72	4171.10	3294.91	2941.24	1999.87
Fv_Lss3	4000.63	4649.34	4173.05	4339.32	2025.80	1279.58	4457.69	5235.16	4945.74	3502.92	1544.90	1527.96	3788.65	3807.96	5198.90	4065.17	2802.36	2454.85	4012.60	3857.27	4061.91	3173.90	2373.67	1812.53
Fv_Lss4	3932.93	4551.51	3951.75	3839.18	1856.22	1228.56	4259.38	4912.82	4515.72	3015.73	1217.65	1354.26	3628.06	3624.65	4977.70	3733.12	2480.92	2354.35	3882.18	3795.70	3893.90	2945.26	1863.66	1700.50
Fv_Lss5	3582.55	4155.67	3496.84	3220.27	1499.59	1192.18	3784.21	4364.21	3841.44	2479.65	951.67	1208.62	3140.47	3299.04	4482.58	3233.15	2125.73	2151.02	3509.74	3514.51	3468.28	2589.77	1467.99	1614.50
Fv_Lss6	3578.50	4092.87	3286.87	3078.11	1371.28	1294.66	3605.38	3986.13	3831.77	2205.69	862.22	1279.57	3115.09	3259.87	4299.24	3040.46	1901.63	2282.10	3512.37	3384.81	3480.16	2612.98	1330.74	1678.35
Fv_Lss7	3066.28	3518.43	2689.34	2427.00	1033.70	1220.90	3106.03	3316.09	3252.04	1777.58	727.80	1209.58	2622.56	2815.42	3678.14	2564.95	1576.60	2024.24	3027.14	2942.98	2944.92	2210.71	1116.16	1534.48
Fv_Lss8	2932.61	3283.31	2433.60	2225.69	900.40	1335.39	2830.11	2950.91	3117.50	1611.36	709.66	1331.25	2474.91	2608.09	3337.91	2368.31	1413.00	2067.95	2811.86	2706.73	2749.35	2046.02	1074.23	1592.77
Fv_Lss9	2631.94	2867.72	2077.55	1924.08	735.27	1336.19	2494.54	2585.62	2795.44	1411.85	682.62	1422.79	2202.58	2248.18	2907.88	2075.28	1264.09	1979.74	2478.51	2339.18	2388.45	1779.93	982.74	1570.53
Fv_Lss10	2344.46	2473.16	1759.87	1662.51	618.94	1313.70	2191.55	2256.57	2477.59	1249.41	670.85	1493.84	1948.66	1944.56	2535.93	1844.88	1131.50	1854.93	2146.78	2006.43	2039.15	1532.59	929.67	1541.13
Fv_Lss11	2066.65	2146.07	1529.76	1472.87	547.18	1251.45	1968.25	2026.37	2258.51	1122.22	674.02	1565.32	1747.98	1695.58	2255.13	1646.71	1027.35	1755.30	1886.11	1729.61	1749.59	1335.57	866.98	1508.11
Fv_Lss12	1880.15	1931.84	1386.54	1356.43	509.44	1199.47	1762.25	1863.80	2078.17	1039.02	698.50	1640.67	1625.04	1524.12	2038.88	1520.23	959.22	1697.14	1676.66	1549.45	1530.27	1184.57	851.80	1473.10
Fv_Lss13	1652.36	1684.27	1237.82	1233.08	456.42	1142.97	1594.19	1708.21	1874.37	969.04	707.74	1617.85	1441.40	1327.03	1845.61	1378.53	914.45	1559.44	1469.78	1352.78	1304.28	1042.11	812.95	1433.19
Fv_Lss14	1460.02	1507.13	1111.49	1146.22	431.18	1074.73	1490.10	1593.73	1724.14	918.84	728.13	1586.42	1314.61	1202.37	1691.30	1277.01	884.24	1481.58	1334.07	1201.41	1173.49	961.91	811.70	1398.05
Fv_Lss15	1360.17	1395.68	1040.75	1091.66	419.05	1010.62	1386.60	1490.78	1615.83	886.60	784.37	1560.24	1230.34	1119.50	1567.76	1209.12	865.11	1405.04	1216.80	1113.84	1065.61	889.64	835.67	1372.59
Fq_Lss1	3956.30	4583.92	4179.11	4554.50	2412.32	1495.81	4378.84	5176.20	4795.68	3946.35	2461.16	2190.70	3749.76	3842.78	4853.78	3806.20	2566.63	1325.31	3931.29	3861.25	4114.26	3342.51	3285.80	2147.30
Fq_Lss2	3619.82	4131.25	3794.51	3929.92	1828.29	724.92	3925.01	4605.38	4158.71	3307.03	1578.15	1118.21	3202.95	3209.39	4037.57	2992.13	1682.88	529.01	3591.50	3536.06	3705.53	2886.91	2338.94	1210.96
Fq_Lss3	3293.42	3788.34	3451.21	3367.21	1633.98	580.26	3548.21	4117.30	3541.82	2888.42	1127.88	809.39	2929.33	2988.75	3719.19	2714.57	1457.14	368.31	3374.75	3284.89	3469.58	2678.38	1744.14	859.14
Fq_Lss4	2873.54	3346.27	2950.14	2707.56	1417.16	368.81	3052.23	3446.68	2860.24	2339.91	808.64	583.37	2520.19	2686.53	3326.57	2356.90	1271.03	277.37	2991.31	2993.32	3139.61	2384.19	1238.56	587.83
Fq_Lss5	2349.11	2755.76	2384.98	2036.98	1073.58	251.66	2437.91	2817.69	2120.18	1833.64	575.42	402.19	1948.01	2338.28	2812.75	1916.14	1042.54	148.83	2476.45	2581.62	2628.48	2013.37	879.58	409.20
Fq_Lss6	2064.44	2420.65	2047.62	1780.03	927.81	184.87	2167.23	2325.21	1938.58	1532.19	429.44	353.13	1805.91	2185.64	2535.64	1692.87	855.66	89.79	2290.39	2315.64	2493.48	1922.73	697.84	321.15
Fq_Lss7	1607.06	1893.49	1538.89	1299.34	658.27	79.17	1730.84	1764.51	1491.40	1179.02	366.04	248.83	1427.18	1825.26	2068.16	1382.31	687.64	65.98	1835.50	1902.17	2014.82	1596.54	551.03	219.34
Fq_Lss8	1372.00	1623.51	1309.03	1095.42	529.35	115.15	1447.21	1427.66	1292.16	979.74	283.03	206.19	1239.90	1590.00	1739.06	1198.26	560.62	47.28	1570.31	1634.42	1763.72	1376.34	477.53	205.06
Fq_Lss9	1177.21	1321.91	1070.14	905.75	393.81	115.62	1206.32	1166.93	1061.23	836.08	259.44	206.52	1035.32	1305.42	1430.43	990.82	476.77	92.91	1307.97	1337.16	1482.97	1170.14	391.68	183.44
Fq_Lss10	969.75	1050.24	812.98	699.53	290.53	94.45	965.10	916.19	806.04	657.82	215.74	110.36	849.01	1069.11	1149.83	827.98	387.11	33.37	1049.85	1076.99	1200.93	933.33	348.15	156.30
Fq_Lss11	794.73	870.76	674.59	587.97	238.75	68.90	843.32	748.33	705.36	551.08	206.39	96.47	711.77	866.15	963.13	688.16	304.25	45.60	892.00	874.31	1001.68	785.00	285.97	135.46
Fq_Lss12	699.11	767.58	589.92	490.40	204.41	56.79	663.68	645.26	585.33	451.64	172.53	91.74	646.94	732.68	822.72	602.99	244.06	49.42	738.28	764.08	836.62	628.42	253.39	81.44
Fq_Lss13	590.52	617.86	495.52	417.19	152.24	76.38	566.65	564.70	485.54	397.61	173.34	83.67	526.03	578.32	684.58	508.79	228.90	31.55	612.46	628.13	663.49	525.40	222.63	75.62
Fq_Lss14	470.00	497.00	410.35	362.92	143.85	80.15	511.51	474.21	430.05	342.10	136.84	45.99	442.33	487.96	587.22	426.14	195.64	35.08	525.87	499.07	567.07	454.13	204.73	82.19
Fq_Lss15	447.63	487.36	351.59	321.97	125.17	70.01	430.94	413.48	394.52	295.92	125.10	60.12	398.30	453.82	496.67	388.57	162.22	37.42	464.99	469.32	487.42	384.99	201.46	68.60
QY_max	0.71	0.70	0.70	0.69	0.65	0.61	0.70	0.70	0.68	0.68	0.65	0.65	0.68	0.66	0.66	0.66	0.64	0.59	0.69	0.68	0.68	0.67	0.67	0.62
Fv/Fm_Lss1	0.70	0.70	0.70	0.69	0.63	0.57	0.70	0.69	0.68	0.67	0.63	0.61	0.68	0.66	0.66	0.66	0.63	0.59	0.69	0.68	0.67	0.66	0.65	0.59
Fv/Fm_Lss2	0.70	0.69	0.69	0.68	0.60	0.52	0.69	0.69	0.67	0.66	0.58	0.55	0.67	0.65	0.65	0.65	0.61	0.58	0.68	0.67	0.66	0.64	0.61	0.55
Fv/Fm_Lss3	0.70	0.69	0.68	0.67	0.58	0.51	0.69	0.68	0.67	0.64	0.53	0.52	0.67	0.64	0.65	0.64	0.60	0.57	0.68	0.67	0.66	0.63	0.58	0.54
Fv/Fm_Lss4	0.69	0.68	0.68	0.65	0.57	0.50	0.68	0.67	0.65	0.62	0.49	0.50	0.66	0.63	0.64	0.63	0.58	0.57	0.68	0.66	0.65	0.62	0.54	0.53
Fv/Fm_Lss5	0.68	0.67	0.66	0.62	0.53	0.50	0.66	0.65	0.63	0.58	0.45	0.48	0.64	0.62	0.63	0.61	0.55	0.55	0.66	0.65	0.63	0.60	0.50	0.52
Fv/Fm_Lss6	0.68	0.67	0.64	0.61	0.52	0.51	0.65	0.64	0.63	0.56	0.44	0.49	0.64	0.61	0.62	0.60	0.53	0.56	0.66	0.65	0.63	0.60	0.48	0.52
Fv/Fm_Lss7	0.65	0.64	0.61	0.57	0.47	0.50	0.63	0.60	0.60	0.53	0.41	0.48	0.61	0.59	0.59	0.57	0.50	0.54	0.63	0.62	0.61	0.57	0.45	0.51
Fv/Fm_Lss8	0.64	0.63	0.59	0.55	0.45	0.51	0.61	0.58	0.59	0.51	0.41	0.50	0.60	0.58	0.58	0.55	0.48	0.54	0.62	0.61	0.59	0.56	0.45	0.52
Fv/Fm_Lss9	0.63	0.61	0.57	0.53	0.42	0.52	0.59	0.56	0.57	0.49	0.40	0.51	0.58	0.55	0.55	0.53	0.46	0.54	0.60	0.58	0.57	0.54	0.43	0.51
Fv/Fm_Lss10	0.61	0.58	0.54	0.50	0.39	0.51	0.57	0.54	0.55	0.47	0.40	0.52	0.56	0.53	0.53	0.51	0.45	0.53	0.57	0.56	0.54	0.51	0.42	0.51
Fv/Fm_Lss11	0.58	0.56	0.51	0.48	0.37	0.50	0.55	0.52	0.54	0.45	0.40	0.53	0.54	0.50	0.51	0.49	0.43	0.52	0.55	0.53	0.52	0.49	0.41	0.51
Fv/Fm_Lss12	0.57	0.54	0.50	0.47	0.36	0.50	0.53	0.51	0.52	0.44	0.40	0.53	0.53	0.48	0.49	0.48	0.42	0.51	0.53	0.51	0.49	0.47	0.41	0.50
Fv/Fm_Lss13	0.55	0.51	0.48	0.45	0.35	0.49	0.51	0.49	0.50	0.43	0.40	0.53	0.50	0.46	0.48	0.46	0.41	0.50	0.51	0.49	0.47	0.45	0.40	0.50
Fv/Fm_Lss14	0.53	0.50	0.46	0.44	0.34	0.48	0.50	0.48	0.49	0.42	0.41	0.53	0.49	0.45	0.46	0.45	0.41	0.49	0.49	0.47	0.45	0.43	0.40	0.49
Fv/Fm_Lss15	0.51	0.48	0.45	0.43	0.33	0.47	0.49	0.47	0.48	0.41	0.42	0.52	0.48	0.43	0.45	0.44	0.40	0.48	0.48	0.46	0.44	0.42	0.41	0.49
QY_Lss1	0.66	0.65	0.65	0.63	0.58	0.47	0.64	0.64	0.62	0.62	0.57	0.51	0.63	0.60	0.58	0.56	0.47	0.29	0.64	0.63	0.63	0.61	0.59	0.51
QY_Lss2	0.62	0.61	0.61	0.57	0.50	0.27	0.60	0.59	0.55	0.57	0.45	0.34	0.56	0.52	0.50	0.46	0.34	0.12	0.61	0.60	0.59	0.56	0.49	0.34
QY_Lss3	0.57	0.56	0.57	0.52	0.47	0.23	0.55	0.54	0.48	0.53	0.39	0.28	0.52	0.50	0.47	0.43	0.31	0.09	0.57	0.57	0.56	0.54	0.42	0.25
QY_Lss4	0.51	0.50	0.50	0.46	0.43	0.15	0.49	0.47	0.41	0.48	0.33	0.22	0.46	0.47	0.43	0.40	0.30	0.07	0.52	0.52	0.53	0.50	0.36	0.18
QY_Lss5	0.44	0.44	0.45	0.39	0.38	0.10	0.43	0.42	0.35	0.43	0.27	0.16	0.40	0.44	0.39	0.36	0.27	0.04	0.46	0.48	0.48	0.47	0.30	0.13
QY_Lss6	0.39	0.39	0.40	0.35	0.35	0.07	0.39	0.37	0.32	0.39	0.22	0.14	0.37	0.41	0.37	0.33	0.24	0.02	0.43	0.44	0.45	0.44	0.25	0.10
QY_Lss7	0.34	0.34	0.35	0.30	0.30	0.03	0.35	0.32	0.27	0.35	0.21	0.10	0.33	0.38	0.33	0.30	0.22	0.02	0.38	0.40	0.41	0.41	0.22	0.07
QY_Lss8	0.30	0.31	0.32	0.27	0.26	0.04	0.31	0.28	0.25	0.31	0.16	0.08	0.30	0.35	0.30	0.28	0.19	0.01	0.35	0.37	0.38	0.38	0.20	0.07
QY_Lss9	0.28	0.28	0.29	0.25	0.22	0.04	0.29	0.25	0.22	0.29	0.15	0.07	0.27	0.32	0.27	0.25	0.17	0.03	0.32	0.33	0.35	0.35	0.17	0.06
QY_Lss10	0.25	0.25	0.25	0.21	0.18	0.04	0.25	0.22	0.18	0.25	0.13	0.04	0.24	0.29	0.24	0.23	0.15	0.01	0.28	0.30	0.32	0.31	0.16	0.05
QY_Lss11	0.22	0.23	0.23	0.19	0.16	0.03	0.24	0.19	0.17	0.22	0.12	0.03	0.22	0.26	0.22	0.21	0.13	0.01	0.26	0.27	0.30	0.29	0.14	0.05
QY_Lss12	0.21	0.21	0.21	0.17	0.15	0.02	0.20	0.18	0.15	0.19	0.10	0.03	0.21	0.23	0.20	0.19	0.11	0.01	0.23	0.25	0.27	0.25	0.12	0.03
QY_Lss13	0.20	0.19	0.19	0.15	0.12	0.03	0.18	0.16	0.13	0.17	0.10	0.03	0.18	0.20	0.18	0.17	0.10	0.01	0.21	0.23	0.24	0.23	0.11	0.03
QY_Lss14	0.17	0.16	0.17	0.14	0.11	0.04	0.17	0.14	0.12	0.16	0.08	0.02	0.16	0.18	0.16	0.15	0.09	0.01	0.19	0.20	0.22	0.21	0.10	0.03
QY_Lss15	0.17	0.17	0.15	0.13	0.10	0.03	0.15	0.13	0.12	0.14	0.07	0.02	0.15	0.18	0.14	0.14	0.08	0.01	0.18	0.19	0.20	0.18	0.10	0.02
NPQ_Lss1	0.02	0.02	0.02	0.03	0.09	0.21	0.01	0.01	0.01	0.04	0.12	0.16	-0.00	0.00	0.00	0.01	0.04	0.02	0.02	0.02	0.02	0.05	0.07	0.12
NPQ_Lss2	0.05	0.05	0.05	0.08	0.23	0.44	0.05	0.05	0.04	0.13	0.39	0.48	0.04	0.06	0.04	0.06	0.13	0.07	0.05	0.05	0.07	0.11	0.25	0.31
NPQ_Lss3	0.06	0.06	0.08	0.13	0.31	0.53	0.06	0.07	0.06	0.21	0.68	0.68	0.05	0.09	0.05	0.09	0.21	0.08	0.06	0.07	0.09	0.14	0.45	0.40
NPQ_Lss4	0.07	0.08	0.12	0.24	0.39	0.58	0.10	0.12	0.14	0.34	0.97	0.82	0.08	0.13	0.08	0.16	0.32	0.11	0.08	0.09	0.12	0.21	0.72	0.46
NPQ_Lss5	0.15	0.16	0.23	0.41	0.61	0.61	0.20	0.23	0.28	0.55	1.31	0.96	0.20	0.21	0.17	0.29	0.47	0.19	0.17	0.15	0.22	0.33	1.02	0.51
NPQ_Lss6	0.15	0.17	0.29	0.46	0.71	0.52	0.24	0.31	0.29	0.68	1.46	0.89	0.21	0.22	0.21	0.34	0.58	0.14	0.17	0.18	0.22	0.32	1.16	0.47
NPQ_Lss7	0.30	0.31	0.49	0.72	1.06	0.58	0.39	0.50	0.45	0.95	1.74	0.96	0.37	0.35	0.35	0.52	0.80	0.24	0.30	0.31	0.38	0.48	1.42	0.57
NPQ_Lss8	0.34	0.38	0.60	0.83	1.26	0.49	0.48	0.63	0.49	1.08	1.78	0.84	0.43	0.43	0.45	0.60	0.93	0.22	0.37	0.39	0.44	0.57	1.48	0.53
NPQ_Lss9	0.45	0.52	0.79	1.02	1.57	0.49	0.62	0.79	0.61	1.27	1.85	0.76	0.55	0.58	0.59	0.75	1.08	0.25	0.50	0.55	0.59	0.72	1.62	0.54
NPQ_Lss10	0.58	0.69	1.01	1.23	1.86	0.51	0.78	0.96	0.75	1.46	1.88	0.70	0.69	0.75	0.75	0.90	1.23	0.31	0.67	0.72	0.78	0.91	1.72	0.56
NPQ_Lss11	0.72	0.86	1.21	1.42	2.09	0.56	0.92	1.11	0.87	1.64	1.87	0.65	0.82	0.92	0.89	1.05	1.37	0.36	0.82	0.91	0.97	1.09	1.84	0.58
NPQ_Lss12	0.84	1.00	1.36	1.55	2.23	0.60	1.07	1.23	0.98	1.77	1.81	0.60	0.91	1.06	1.02	1.16	1.48	0.39	0.98	1.05	1.16	1.26	1.87	0.61
NPQ_Lss13	1.02	1.20	1.54	1.71	2.45	0.65	1.21	1.37	1.12	1.90	1.79	0.61	1.08	1.25	1.16	1.30	1.56	0.47	1.16	1.25	1.40	1.46	1.96	0.64
NPQ_Lss14	1.19	1.36	1.73	1.84	2.57	0.72	1.31	1.48	1.24	2.00	1.74	0.64	1.21	1.40	1.29	1.42	1.61	0.52	1.31	1.43	1.57	1.59	1.96	0.67
NPQ_Lss15	1.30	1.49	1.85	1.93	2.63	0.79	1.43	1.59	1.34	2.07	1.61	0.65	1.31	1.51	1.40	1.51	1.65	0.58	1.45	1.55	1.73	1.72	1.91	0.69
qN_Lss1	0.02	0.03	0.03	0.04	0.13	0.27	0.01	0.02	0.02	0.06	0.16	0.20	-0.00	0.00	0.00	0.01	0.06	0.03	0.02	0.03	0.03	0.06	0.10	0.16
qN_Lss2	0.06	0.07	0.07	0.10	0.28	0.46	0.06	0.06	0.06	0.16	0.40	0.47	0.05	0.08	0.05	0.08	0.18	0.11	0.07	0.07	0.09	0.15	0.29	0.36
qN_Lss3	0.08	0.08	0.10	0.16	0.35	0.51	0.08	0.09	0.09	0.24	0.56	0.57	0.07	0.12	0.07	0.12	0.26	0.12	0.08	0.10	0.12	0.19	0.44	0.43
qN_Lss4	0.10	0.10	0.15	0.27	0.41	0.54	0.12	0.16	0.18	0.36	0.66	0.62	0.11	0.17	0.12	0.20	0.36	0.17	0.11	0.12	0.16	0.25	0.57	0.47
qN_Lss5	0.18	0.19	0.26	0.40	0.53	0.55	0.23	0.26	0.31	0.48	0.74	0.67	0.24	0.25	0.21	0.32	0.46	0.25	0.20	0.19	0.26	0.35	0.67	0.50
qN_Lss6	0.19	0.20	0.31	0.43	0.58	0.51	0.27	0.33	0.31	0.55	0.77	0.64	0.25	0.26	0.25	0.37	0.52	0.20	0.20	0.22	0.26	0.35	0.71	0.47
qN_Lss7	0.31	0.32	0.45	0.56	0.69	0.54	0.38	0.45	0.43	0.64	0.81	0.67	0.38	0.37	0.37	0.48	0.61	0.30	0.32	0.33	0.38	0.46	0.76	0.53
qN_Lss8	0.34	0.37	0.50	0.60	0.74	0.49	0.44	0.52	0.45	0.68	0.81	0.63	0.42	0.43	0.44	0.52	0.66	0.29	0.38	0.39	0.43	0.50	0.77	0.51
qN_Lss9	0.42	0.46	0.58	0.66	0.79	0.49	0.51	0.58	0.52	0.72	0.82	0.60	0.49	0.51	0.52	0.59	0.70	0.32	0.46	0.48	0.51	0.57	0.79	0.51
qN_Lss10	0.49	0.54	0.65	0.71	0.83	0.50	0.58	0.64	0.58	0.76	0.83	0.58	0.55	0.59	0.59	0.64	0.73	0.37	0.54	0.56	0.59	0.64	0.80	0.52
qN_Lss11	0.55	0.61	0.70	0.75	0.85	0.53	0.63	0.68	0.62	0.78	0.83	0.55	0.60	0.65	0.64	0.68	0.76	0.41	0.60	0.63	0.65	0.69	0.82	0.54
qN_Lss12	0.60	0.65	0.73	0.77	0.86	0.55	0.67	0.71	0.65	0.80	0.82	0.53	0.64	0.69	0.67	0.71	0.78	0.43	0.65	0.67	0.70	0.73	0.82	0.55
qN_Lss13	0.65	0.70	0.76	0.79	0.88	0.57	0.70	0.74	0.69	0.82	0.82	0.54	0.68	0.73	0.71	0.74	0.79	0.49	0.69	0.72	0.75	0.77	0.83	0.56
qN_Lss14	0.69	0.73	0.79	0.81	0.88	0.60	0.72	0.76	0.72	0.83	0.81	0.55	0.71	0.76	0.74	0.76	0.80	0.52	0.73	0.75	0.78	0.79	0.83	0.57
qN_Lss15	0.72	0.75	0.80	0.82	0.89	0.63	0.74	0.77	0.74	0.83	0.79	0.56	0.73	0.78	0.76	0.77	0.80	0.55	0.75	0.77	0.80	0.80	0.82	0.58
qP_Lss1	0.94	0.94	0.94	0.92	0.93	0.82	0.92	0.92	0.91	0.93	0.90	0.84	0.93	0.91	0.88	0.84	0.74	0.50	0.93	0.93	0.94	0.93	0.90	0.86
qP_Lss2	0.89	0.88	0.88	0.85	0.83	0.52	0.87	0.85	0.82	0.86	0.78	0.61	0.83	0.81	0.76	0.71	0.55	0.21	0.89	0.89	0.89	0.88	0.80	0.61
qP_Lss3	0.82	0.81	0.83	0.78	0.81	0.45	0.80	0.79	0.72	0.82	0.73	0.53	0.77	0.78	0.72	0.67	0.52	0.15	0.84	0.85	0.85	0.84	0.73	0.47
qP_Lss4	0.73	0.74	0.75	0.71	0.76	0.30	0.72	0.70	0.63	0.78	0.66	0.43	0.69	0.74	0.67	0.63	0.51	0.12	0.77	0.79	0.81	0.81	0.66	0.35
qP_Lss5	0.66	0.66	0.68	0.63	0.72	0.21	0.64	0.65	0.55	0.74	0.60	0.33	0.62	0.71	0.63	0.59	0.49	0.07	0.71	0.73	0.76	0.78	0.60	0.25
qP_Lss6	0.58	0.59	0.62	0.58	0.68	0.14	0.60	0.58	0.51	0.69	0.50	0.28	0.58	0.67	0.59	0.56	0.45	0.04	0.65	0.68	0.72	0.74	0.52	0.19
qP_Lss7	0.52	0.54	0.57	0.54	0.64	0.06	0.56	0.53	0.46	0.66	0.50	0.21	0.54	0.65	0.56	0.54	0.44	0.03	0.61	0.65	0.68	0.72	0.49	0.14
qP_Lss8	0.47	0.49	0.54	0.49	0.59	0.09	0.51	0.48	0.41	0.61	0.40	0.15	0.50	0.61	0.52	0.51	0.40	0.02	0.56	0.60	0.64	0.67	0.44	0.13
qP_Lss9	0.45	0.46	0.52	0.47	0.54	0.09	0.48	0.45	0.38	0.59	0.38	0.15	0.47	0.58	0.49	0.48	0.38	0.05	0.53	0.57	0.62	0.66	0.40	0.12
qP_Lss10	0.41	0.42	0.46	0.42	0.47	0.07	0.44	0.41	0.33	0.53	0.32	0.07	0.44	0.55	0.45	0.45	0.34	0.02	0.49	0.54	0.59	0.61	0.37	0.10
qP_Lss11	0.38	0.41	0.44	0.40	0.44	0.06	0.43	0.37	0.31	0.49	0.31	0.06	0.41	0.51	0.43	0.42	0.30	0.03	0.47	0.51	0.57	0.59	0.33	0.09
qP_Lss12	0.37	0.40	0.43	0.36	0.40	0.05	0.38	0.35	0.28	0.43	0.25	0.06	0.40	0.48	0.40	0.40	0.25	0.03	0.44	0.49	0.55	0.53	0.30	0.06
qP_Lss13	0.36	0.37	0.40	0.34	0.33	0.07	0.36	0.33	0.26	0.41	0.24	0.05	0.36	0.44	0.37	0.37	0.25	0.02	0.42	0.46	0.51	0.50	0.27	0.05
qP_Lss14	0.32	0.33	0.37	0.32	0.33	0.07	0.34	0.30	0.25	0.37	0.19	0.03	0.34	0.41	0.35	0.33	0.22	0.02	0.39	0.42	0.48	0.47	0.25	0.06
qP_Lss15	0.33	0.35	0.34	0.29	0.30	0.07	0.31	0.28	0.24	0.33	0.16	0.04	0.32	0.41	0.32	0.32	0.19	0.03	0.38	0.42	0.46	0.43	0.24	0.05
qL_Lss1	1.08	1.07	1.07	1.08	1.04	1.01	1.09	1.09	1.09	1.07	1.05	1.05	1.07	1.07	1.09	1.10	1.07	0.85	1.07	1.07	1.06	1.05	1.07	1.04
qL_Lss2	1.12	1.11	1.11	1.12	1.04	0.79	1.12	1.13	1.13	1.09	1.01	0.90	1.12	1.09	1.11	1.09	0.94	0.44	1.10	1.09	1.08	1.07	1.06	0.90
qL_Lss3	1.16	1.15	1.14	1.12	1.02	0.71	1.15	1.14	1.13	1.08	0.95	0.80	1.13	1.08	1.10	1.07	0.89	0.32	1.13	1.11	1.10	1.07	1.00	0.76
qL_Lss4	1.18	1.16	1.14	1.08	1.00	0.51	1.15	1.13	1.07	1.05	0.88	0.68	1.11	1.07	1.07	1.03	0.85	0.25	1.14	1.12	1.10	1.06	0.92	0.60
qL_Lss5	1.13	1.11	1.09	1.00	0.95	0.37	1.09	1.07	0.97	1.01	0.80	0.54	1.03	1.04	1.02	0.96	0.80	0.15	1.11	1.10	1.07	1.04	0.84	0.46
qL_Lss6	1.09	1.07	1.05	0.96	0.91	0.27	1.05	1.01	0.93	0.97	0.69	0.47	1.01	1.02	0.98	0.92	0.73	0.09	1.09	1.08	1.07	1.03	0.75	0.36
qL_Lss7	0.99	0.98	0.96	0.86	0.84	0.13	0.97	0.91	0.83	0.91	0.68	0.36	0.93	0.97	0.92	0.86	0.68	0.07	1.02	1.02	1.02	0.99	0.70	0.27
qL_Lss8	0.92	0.92	0.90	0.80	0.78	0.17	0.90	0.83	0.77	0.85	0.56	0.28	0.87	0.93	0.86	0.81	0.62	0.05	0.96	0.97	0.98	0.95	0.64	0.25
qL_Lss9	0.86	0.84	0.84	0.75	0.71	0.17	0.84	0.77	0.69	0.82	0.54	0.27	0.81	0.88	0.80	0.76	0.58	0.10	0.90	0.91	0.93	0.92	0.58	0.23
qL_Lss10	0.79	0.76	0.75	0.67	0.63	0.14	0.76	0.69	0.60	0.74	0.47	0.15	0.74	0.82	0.73	0.71	0.52	0.04	0.83	0.85	0.88	0.86	0.55	0.20
qL_Lss11	0.72	0.71	0.70	0.62	0.58	0.11	0.73	0.62	0.56	0.70	0.45	0.13	0.69	0.76	0.68	0.65	0.45	0.05	0.78	0.79	0.83	0.82	0.48	0.17
qL_Lss12	0.68	0.68	0.67	0.57	0.54	0.09	0.64	0.58	0.50	0.63	0.37	0.12	0.66	0.72	0.64	0.62	0.39	0.06	0.72	0.76	0.79	0.75	0.44	0.11
qL_Lss13	0.63	0.61	0.62	0.52	0.45	0.13	0.60	0.54	0.45	0.59	0.37	0.11	0.60	0.65	0.58	0.57	0.38	0.04	0.67	0.70	0.73	0.71	0.41	0.10
qL_Lss14	0.56	0.55	0.57	0.49	0.45	0.14	0.57	0.49	0.43	0.54	0.29	0.06	0.55	0.60	0.54	0.52	0.34	0.05	0.63	0.63	0.69	0.66	0.38	0.11
qL_Lss15	0.56	0.56	0.52	0.45	0.40	0.13	0.52	0.45	0.41	0.49	0.26	0.08	0.52	0.59	0.49	0.49	0.29	0.05	0.60	0.63	0.65	0.61	0.37	0.10
PAR1	59.15	59.15	59.15	59.15	59.15	59.15	59.15	59.15	59.15	59.15	59.15	59.15	59.15	59.15	59.15	59.15	59.15	59.15	59.15	59.15	59.15	59.15	59.15	59.15
PAR2	179.76	179.76	179.76	179.76	179.76	179.76	179.76	179.76	179.76	179.76	179.76	179.76	179.76	179.76	179.76	179.76	179.76	179.76	179.76	179.76	179.76	179.76	179.76	179.76
PAR3	300.37	300.37	300.37	300.37	300.37	300.37	300.37	300.37	300.37	300.37	300.37	300.37	300.37	300.37	300.37	300.37	300.37	300.37	300.37	300.37	300.37	300.37	300.37	300.37
PAR4	420.98	420.98	420.98	420.98	420.98	420.98	420.98	420.98	420.98	420.98	420.98	420.98	420.98	420.98	420.98	420.98	420.98	420.98	420.98	420.98	420.98	420.98	420.98	420.98
PAR5	541.59	541.59	541.59	541.59	541.59	541.59	541.59	541.59	541.59	541.59	541.59	541.59	541.59	541.59	541.59	541.59	541.59	541.59	541.59	541.59	541.59	541.59	541.59	541.59
PAR6	662.20	662.20	662.20	662.20	662.20	662.20	662.20	662.20	662.20	662.20	662.20	662.20	662.20	662.20	662.20	662.20	662.20	662.20	662.20	662.20	662.20	662.20	662.20	662.20
PAR7	782.81	782.81	782.81	782.81	782.81	782.81	782.81	782.81	782.81	782.81	782.81	782.81	782.81	782.81	782.81	782.81	782.81	782.81	782.81	782.81	782.81	782.81	782.81	782.81
PAR8	903.42	903.42	903.42	903.42	903.42	903.42	903.42	903.42	903.42	903.42	903.42	903.42	903.42	903.42	903.42	903.42	903.42	903.42	903.42	903.42	903.42	903.42	903.42	903.42
PAR9	1024.03	1024.03	1024.03	1024.03	1024.03	1024.03	1024.03	1024.03	1024.03	1024.03	1024.03	1024.03	1024.03	1024.03	1024.03	1024.03	1024.03	1024.03	1024.03	1024.03	1024.03	1024.03	1024.03	1024.03
PAR10	1144.64	1144.64	1144.64	1144.64	1144.64	1144.64	1144.64	1144.64	1144.64	1144.64	1144.64	1144.64	1144.64	1144.64	1144.64	1144.64	1144.64	1144.64	1144.64	1144.64	1144.64	1144.64	1144.64	1144.64
PAR11	1265.25	1265.25	1265.25	1265.25	1265.25	1265.25	1265.25	1265.25	1265.25	1265.25	1265.25	1265.25	1265.25	1265.25	1265.25	1265.25	1265.25	1265.25	1265.25	1265.25	1265.25	1265.25	1265.25	1265.25
PAR12	1385.86	1385.86	1385.86	1385.86	1385.86	1385.86	1385.86	1385.86	1385.86	1385.86	1385.86	1385.86	1385.86	1385.86	1385.86	1385.86	1385.86	1385.86	1385.86	1385.86	1385.86	1385.86	1385.86	1385.86
PAR13	1506.47	1506.47	1506.47	1506.47	1506.47	1506.47	1506.47	1506.47	1506.47	1506.47	1506.47	1506.47	1506.47	1506.47	1506.47	1506.47	1506.47	1506.47	1506.47	1506.47	1506.47	1506.47	1506.47	1506.47
PAR14	1627.08	1627.08	1627.08	1627.08	1627.08	1627.08	1627.08	1627.08	1627.08	1627.08	1627.08	1627.08	1627.08	1627.08	1627.08	1627.08	1627.08	1627.08	1627.08	1627.08	1627.08	1627.08	1627.08	1627.08
PAR15	1747.69	1747.69	1747.69	1747.69	1747.69	1747.69	1747.69	1747.69	1747.69	1747.69	1747.69	1747.69	1747.69	1747.69	1747.69	1747.69	1747.69	1747.69	1747.69	1747.69	1747.69	1747.69	1747.69	1747.69
ETR1	15.6348	15.3846	15.4271	14.9997	13.7183	11.0340	15.2339	15.0531	14.5988	14.7714	13.3682	12.1636	14.9269	14.0934	13.7481	13.2107	11.1181	6.8874	15.1836	14.9797	14.8962	14.4326	13.9219	12.0193
ETR2	44.6691	43.5535	43.7976	41.2507	35.6977	19.4579	42.9894	42.0952	39.5881	40.7140	32.3653	24.1934	40.2691	37.6596	35.9276	33.1379	24.2202	8.8052	43.5500	43.0122	42.4411	40.3646	35.1479	24.1122
ETR3	68.8424	67.2252	68.0433	62.0837	56.4945	27.6670	65.7473	64.3478	57.6014	63.5051	46.5594	33.1569	62.1690	60.3370	56.0377	51.7129	37.3269	10.3291	68.8092	68.2764	67.7314	64.3182	51.0229	30.5848
ETR4	85.2922	84.5811	84.9563	76.6395	73.0190	25.3258	82.0552	79.2080	69.7811	80.4205	54.8940	36.3211	77.4357	78.8129	72.5444	66.9890	49.7426	11.2255	87.6454	88.2567	88.6438	84.7374	60.0521	30.6314
ETR5	96.3025	95.9847	96.8396	84.3372	82.4431	22.6817	92.1614	91.0050	74.9521	93.2305	59.0418	34.7386	85.6913	94.4951	85.2120	77.7464	58.4502	8.2498	100.6862	103.7070	103.9771	100.9892	64.4409	28.4125
ETR6	103.5681	104.2729	106.4292	93.0896	92.5587	19.2809	103.8487	98.1648	83.9480	103.3901	57.4016	35.9136	97.7115	108.9315	96.8167	87.7528	63.3097	5.8418	113.7955	116.9469	120.3012	117.1710	66.7055	26.5590
ETR7	106.9983	107.8768	109.4450	95.0460	93.6432	10.1516	109.4001	100.6212	85.9281	109.0693	64.3977	31.0491	103.4254	119.4162	104.4099	95.4869	68.2389	5.5120	120.3198	125.8031	129.6915	129.4577	69.8276	22.7783
ETR8	108.9562	112.2922	115.4042	98.2050	95.0468	16.0468	112.9225	102.0849	88.5419	111.7563	58.3818	27.8658	108.0861	126.7049	108.5148	100.9632	69.0387	4.4920	125.3559	132.5165	137.6094	135.9413	71.5823	23.9681
ETR9	114.7099	114.2913	119.5409	101.6941	91.2017	18.2568	116.7606	103.7550	89.0132	118.0444	62.1552	30.2619	111.0989	130.7468	111.3767	103.5960	71.5848	10.3083	129.6042	136.3386	144.8307	144.1920	70.4557	24.5349
ETR10	114.8327	112.7547	113.8426	96.8692	83.7716	16.8618	114.3726	100.0157	82.1901	112.4883	58.4043	17.4928	110.9216	132.1724	109.9159	104.7741	69.7974	4.3256	128.7294	136.6387	146.2694	142.2604	72.5165	23.6665
ETR11	113.7973	114.0955	114.8329	97.5299	82.1121	14.0464	119.0191	97.1519	84.7214	111.6745	61.5779	16.3773	110.7722	129.7928	110.1658	103.8344	64.5048	6.7828	132.3032	135.7687	149.6598	144.9539	68.8107	23.0026
ETR12	117.1812	118.4301	117.4744	94.0467	80.4477	13.0449	110.6630	97.0633	81.4885	105.3330	55.1386	16.5211	115.8950	129.0743	110.2478	105.0519	59.1990	8.2369	130.0308	139.9995	149.7494	137.5236	67.5320	15.3886
ETR13	117.6725	113.7325	115.6261	92.5298	69.6271	19.6928	109.9097	97.8576	78.7609	105.3856	59.7265	16.5374	111.0511	121.2608	106.4935	102.7176	62.2036	6.0489	128.1834	136.9622	143.4158	135.8096	66.4139	15.8194
ETR14	110.0769	106.4348	110.9606	91.1270	73.5408	23.2440	112.1186	92.9148	79.6527	101.2909	50.0231	9.9483	107.2299	117.7850	104.4535	97.6373	58.6476	7.5149	126.8152	127.0743	141.7868	133.4676	66.0274	18.8772
ETR15	118.1268	117.9572	106.5630	89.5920	69.9206	22.7031	106.4327	90.9152	81.9247	96.2581	46.8706	14.1288	108.3471	123.1796	99.6739	99.0480	52.9563	8.9172	127.9982	134.8407	139.2686	127.7273	68.5270	17.1317
