FluorCam7 Numeric Avg Export File
-----------------------------------
	Area 1	Area 2	Area 3	Area 4	Area 5	Area 6	Area 7	Area 8	Area 9	Area 10	Area 11	Area 12	Area 13	Area 14	Area 15	Area 16	Area 17	Area 18	Area 19	Area 20	Area 21	Area 22	Area 23	Area 24
Size [pixels]	4142	6390	3811	4203	2785	2162	4474	5194	4838	3857	2247	2815	4150	4966	7041	6574	5198	3465	4975	5140	5734	4546	5209	3735
Fo	1745.46	2117.95	1953.86	2124.78	1577.61	1671.80	2099.36	2473.92	2537.96	2117.52	1941.66	2169.64	2008.69	2344.24	2912.05	2264.42	2467.86	2381.86	1868.69	1990.95	2059.21	1828.49	2195.08	2166.88
Fm	4708.97	5550.71	4902.35	4832.13	2850.12	2216.44	5467.01	6182.09	6115.97	4664.13	3436.22	3184.94	5342.09	5846.02	7395.99	5393.62	4647.27	3218.85	4987.71	5210.89	5251.84	4377.70	4425.68	3281.58
Fv	2963.51	3432.76	2948.50	2707.35	1272.51	544.64	3367.65	3708.18	3578.00	2546.61	1494.56	1015.29	3333.40	3501.79	4483.94	3129.20	2179.41	837.00	3119.01	3219.94	3192.63	2549.21	2230.60	1114.69
Fm_Lss1	4462.91	5304.69	4547.92	4494.27	2700.72	2143.39	5192.37	5738.41	5811.29	4249.78	3340.07	3086.08	5223.06	5650.25	7226.66	5130.48	4539.59	3135.48	4786.58	5015.93	4958.05	4025.69	4270.33	3165.26
Ft_Lss1	1798.82	2206.12	1992.08	2181.78	1661.24	1662.78	2251.00	2596.59	2647.05	2187.62	2074.41	2272.99	2102.83	2401.42	3048.98	2392.71	2797.02	2430.75	1960.87	2078.79	2138.07	1868.34	2438.48	2279.64
Fo_Lss1	1710.50	2081.12	1895.00	2056.79	1530.74	1629.90	2057.57	2399.67	2483.92	2027.76	1910.59	2123.31	1991.62	2312.11	2885.43	2216.69	2437.16	2335.90	1839.73	1961.82	2012.45	1764.06	2156.18	2115.55
Fv_Lss1	2752.41	3223.57	2652.92	2437.48	1169.98	513.49	3134.81	3338.74	3327.36	2222.02	1429.49	962.77	3231.43	3338.14	4341.22	2913.80	2102.43	799.59	2946.85	3054.11	2945.60	2261.63	2114.15	1049.71
Fq_Lss1	2664.09	3098.57	2555.84	2312.49	1039.47	480.62	2941.38	3141.82	3164.24	2062.17	1265.67	813.09	3120.23	3248.83	4177.67	2737.77	1742.57	704.73	2825.71	2937.14	2819.99	2157.35	1831.85	885.62
QY_max	0.63	0.62	0.60	0.56	0.45	0.25	0.62	0.60	0.59	0.55	0.43	0.32	0.62	0.60	0.61	0.58	0.47	0.26	0.63	0.62	0.61	0.58	0.50	0.34
Fv/Fm_Lss1	0.62	0.61	0.58	0.54	0.43	0.24	0.60	0.58	0.57	0.52	0.43	0.31	0.62	0.59	0.60	0.57	0.46	0.26	0.62	0.61	0.59	0.56	0.50	0.33
QY_Lss1	0.60	0.58	0.56	0.51	0.38	0.22	0.57	0.55	0.54	0.49	0.38	0.26	0.60	0.57	0.58	0.53	0.38	0.22	0.59	0.59	0.57	0.54	0.43	0.28
NPQ_Lss1	0.06	0.05	0.08	0.08	0.06	0.03	0.05	0.08	0.05	0.10	0.03	0.03	0.02	0.03	0.02	0.05	0.02	0.03	0.04	0.04	0.06	0.09	0.04	0.04
qN_Lss1	0.08	0.07	0.12	0.12	0.11	0.12	0.08	0.12	0.08	0.16	0.06	0.09	0.04	0.06	0.04	0.08	0.05	0.09	0.06	0.06	0.09	0.13	0.07	0.10
qP_Lss1	0.97	0.96	0.96	0.95	0.89	0.94	0.94	0.94	0.95	0.93	0.89	0.84	0.97	0.97	0.96	0.94	0.83	0.88	0.96	0.96	0.96	0.95	0.87	0.84
qL_Lss1	1.02	1.02	1.01	1.01	0.96	0.95	1.03	1.02	1.01	1.00	0.96	0.90	1.02	1.01	1.02	1.01	0.95	0.92	1.02	1.02	1.02	1.01	0.98	0.91
PAR1	10.90	10.90	10.90	10.90	10.90	10.90	10.90	10.90	10.90	10.90	10.90	10.90	10.90	10.90	10.90	10.90	10.90	10.90	10.90	10.90	10.90	10.90	10.90	10.90
ETR1	2.6034	2.5475	2.4509	2.2440	1.6786	0.9779	2.4705	2.3878	2.3747	2.1162	1.6526	1.1490	2.6054	2.5076	2.5212	2.3273	1.6741	0.9802	2.5746	2.5538	2.4805	2.3371	1.8708	1.2202
