FluorCam7 Numeric Avg Export File
-----------------------------------
	Area 1	Area 2	Area 3	Area 4	Area 5	Area 6	Area 7	Area 8	Area 9	Area 10	Area 11	Area 12	Area 13	Area 14	Area 15	Area 16	Area 17	Area 18	Area 19	Area 20	Area 21	Area 22	Area 23	Area 24
Size [pixels]	4971	3379	5648	4745	3778	4840	5838	4126	5144	6023	4450	4758	5839	4020	6204	5131	3804	4515	2699	4755	4497	4512	3321	3656
Fo	2016.23	2158.29	2310.86	2458.89	1978.10	2284.88	2108.91	2311.16	2594.71	2424.29	2525.36	2194.31	3326.59	2528.40	3234.03	3037.34	2427.18	2247.70	1562.44	2432.26	2395.77	2219.85	2005.03	1618.93
Fm	6087.42	6619.77	6717.40	6904.05	5298.82	5500.14	6245.48	6686.53	7996.95	6698.99	6605.38	5338.87	9053.50	6856.03	9131.98	7338.78	6066.47	5498.03	5062.52	7750.82	7443.94	6509.35	5337.74	4182.88
Fv	4071.19	4461.48	4406.54	4445.16	3320.72	3215.26	4136.57	4375.36	5402.24	4274.69	4080.02	3144.57	5726.91	4327.63	5897.95	4301.44	3639.29	3250.33	3500.08	5318.57	5048.17	4289.50	3332.70	2563.95
Fm_Lss1	6073.46	6499.23	6635.59	6715.85	5190.22	5326.78	6223.35	6661.27	7985.73	6648.52	6379.37	5345.53	9015.08	6798.13	8991.00	7110.64	5695.93	5447.76	4920.49	7546.73	7155.00	6168.10	4794.78	4043.98
Fm_Lss2	5914.46	6402.94	6428.92	6521.97	4988.71	5199.19	6098.27	6475.03	7658.67	6409.45	5771.55	5297.10	8973.40	6570.42	8701.96	6818.47	5215.84	5451.88	4431.32	7375.58	6843.88	5814.84	4016.13	3827.64
Fm_Lss3	5733.28	6220.63	6189.70	6241.19	4705.13	5105.99	5839.00	6219.87	7368.44	6091.17	5160.12	5144.91	8841.23	6420.30	8460.11	6541.24	4663.26	5317.40	4400.52	7002.25	6577.37	5547.64	3413.30	3686.78
Fm_Lss4	5737.28	6254.23	6093.89	6252.40	4607.19	5192.94	5731.26	6123.16	7152.92	5914.53	4745.63	5177.95	8567.83	6256.34	8133.44	6317.46	4250.39	5434.85	4173.06	6590.09	6259.96	5242.07	3033.63	3796.57
Fm_Lss5	5457.50	5912.36	5728.87	5953.99	4271.35	5177.26	5402.45	5813.29	6586.07	5553.77	4284.12	5014.54	7988.98	5849.28	7360.04	5941.87	3736.24	5352.31	3855.05	5836.67	5639.96	4761.64	2706.87	3805.76
Fm_Lss6	5133.29	5395.97	5326.93	5641.66	3899.54	5192.81	5033.95	5464.32	6015.63	5218.08	3910.96	4844.85	7381.79	5315.40	6568.14	5602.71	3310.37	5241.55	3457.84	5221.15	5070.20	4294.96	2565.78	3784.55
Fm_Lss7	4639.55	4706.70	4716.76	5090.97	3440.23	5059.11	4534.00	4887.50	5305.25	4728.64	3542.83	4497.46	6649.09	4715.86	5721.43	5136.99	2883.38	4931.77	3160.65	4645.32	4483.94	3862.97	2386.99	3620.07
Fm_Lss8	4295.69	4344.30	4331.21	4696.32	3128.74	5058.83	4246.38	4548.55	4807.03	4374.73	3363.21	4396.55	6076.80	4307.26	5160.23	4802.23	2749.10	4898.23	2582.45	4243.81	4127.63	3547.96	2316.92	3591.78
Fm_Lss9	3864.92	3853.89	3860.64	4142.35	2727.71	4935.02	3820.31	4018.31	4293.77	3939.17	3169.67	4070.86	5467.91	3877.14	4612.58	4373.83	2495.94	4614.11	2621.14	3842.63	3679.99	3210.54	2231.00	3340.98
Fm_Lss10	3565.23	3521.47	3543.96	3802.53	2555.10	4893.30	3520.69	3697.34	3945.60	3636.42	3135.54	3936.61	5008.13	3538.15	4221.96	4068.17	2407.56	4492.38	2405.97	3614.65	3447.94	2976.93	2263.05	3292.97
Fm_Lss11	3233.15	3185.53	3250.94	3439.27	2298.21	4776.77	3218.74	3356.97	3597.90	3388.56	3065.82	3736.21	4592.34	3224.75	3864.90	3758.92	2308.77	4283.73	2003.91	3380.44	3196.93	2759.28	2234.55	3180.13
Fm_Lss12	2947.88	2921.41	2986.73	3090.37	2112.37	4599.13	2930.16	3015.09	3333.87	3082.80	2979.24	3448.51	4221.52	2986.90	3571.13	3458.46	2185.08	4030.31	2061.64	3160.79	2937.47	2593.81	2248.74	2973.70
Fm_Lss13	2749.17	2738.74	2816.09	2883.95	2043.85	4503.83	2759.50	2847.94	3165.35	2929.25	2981.40	3336.44	3937.20	2768.69	3358.34	3258.37	2152.24	3880.20	1699.75	3008.85	2837.80	2491.93	2315.71	2886.57
Fm_Lss14	2514.97	2554.32	2654.90	2724.72	1919.08	4373.83	2583.47	2638.12	2980.42	2774.30	2949.06	3187.45	3697.26	2639.96	3188.86	3064.87	2109.48	3694.64	1874.08	2883.09	2711.97	2394.08	2404.87	2720.20
Fm_Lss15	2343.75	2404.27	2488.81	2548.76	1850.75	4176.90	2414.65	2441.82	2841.94	2601.80	2904.63	2985.14	3479.13	2469.01	3030.49	2870.69	2087.41	3496.08	1667.78	2769.54	2585.25	2317.43	2420.93	2565.54
Ft_Lss1	2393.04	2523.05	2872.92	3215.88	2674.43	3846.73	2542.97	2847.85	3260.28	3230.29	3689.81	4049.74	3717.56	2832.85	3635.33	3541.89	2935.36	3283.30	1807.99	2807.98	2745.23	2507.96	2431.41	1996.69
Ft_Lss2	2834.43	2941.38	3432.24	3891.51	3252.55	4586.75	2961.38	3343.64	3796.03	3829.97	4217.22	4905.80	4348.68	3105.40	4009.67	3897.83	3238.64	4547.15	1897.48	3077.66	2961.29	2720.41	2573.78	2802.78
Ft_Lss3	3058.30	3210.15	3607.30	3959.46	3274.90	4800.52	3172.36	3502.86	3979.21	3898.85	4065.00	5041.55	5012.78	3338.11	4281.70	3987.50	3218.01	4980.92	1842.19	3413.26	3155.08	2821.68	2456.04	3159.59
Ft_Lss4	3177.67	3350.64	3604.68	3860.71	3142.76	4902.90	3254.49	3509.34	3987.41	3785.19	3756.44	4974.05	5386.84	3487.74	4424.63	3938.17	3042.63	5075.27	2231.93	3473.02	3166.55	2805.81	2290.49	3333.97
Ft_Lss5	3251.56	3438.39	3598.30	3789.99	3009.47	4992.75	3262.40	3502.60	3925.27	3673.57	3506.04	4873.81	5491.39	3534.00	4380.26	3860.92	2839.84	5128.82	2197.52	3369.73	3112.45	2747.51	2171.31	3516.13
Ft_Lss6	3231.17	3378.33	3470.62	3686.89	2863.48	5035.69	3178.40	3422.51	3769.25	3524.21	3288.33	4745.56	5387.27	3433.50	4168.56	3768.46	2610.32	5067.64	2155.97	3201.25	2958.29	2658.62	2078.64	3529.94
Ft_Lss7	3133.71	3228.81	3329.00	3541.61	2677.57	5057.24	3083.10	3281.78	3587.58	3364.56	3155.04	4589.05	5150.72	3284.43	3934.91	3624.51	2448.60	4981.71	1835.14	3042.83	2840.90	2527.60	2051.35	3513.90
Ft_Lss8	2999.64	3058.70	3112.48	3339.45	2474.60	5059.97	2934.60	3121.64	3378.00	3182.28	3020.95	4386.27	4818.22	3103.79	3694.49	3477.82	2301.83	4849.03	1827.06	2900.10	2725.58	2429.49	2023.85	3457.24
Ft_Lss9	2816.05	2859.97	2917.90	3106.95	2278.20	4992.78	2771.51	2942.10	3169.61	2986.28	2913.09	4160.48	4532.02	2902.31	3466.32	3299.31	2194.47	4663.65	1655.80	2794.14	2598.62	2311.37	2002.95	3345.75
Ft_Lss10	2632.35	2642.68	2703.04	2862.75	2118.53	4860.90	2597.31	2739.37	2957.44	2803.44	2820.37	3873.10	4219.75	2749.26	3244.62	3112.19	2091.27	4427.35	1751.29	2675.01	2463.15	2219.72	1987.13	3175.46
Ft_Lss11	2475.42	2509.46	2571.06	2703.97	1994.81	4792.08	2469.95	2557.48	2827.32	2673.48	2799.63	3720.88	3963.83	2610.57	3101.02	2947.60	2044.64	4270.68	1677.74	2584.98	2393.00	2145.70	2006.49	3109.30
Ft_Lss12	2319.43	2352.62	2420.21	2506.99	1884.57	4658.19	2331.67	2412.33	2674.25	2532.84	2757.82	3492.45	3717.36	2455.60	2940.46	2816.58	1982.46	4048.24	1593.58	2495.50	2305.20	2077.37	2055.16	2954.05
Ft_Lss13	2191.58	2246.07	2320.87	2406.93	1793.02	4538.31	2227.15	2283.03	2590.80	2417.29	2746.41	3321.80	3504.90	2344.66	2819.02	2682.95	1959.50	3868.64	1541.95	2445.50	2271.76	2037.19	2186.09	2809.09
Ft_Lss14	2072.31	2159.76	2229.12	2284.82	1735.20	4383.37	2127.10	2167.65	2514.36	2342.09	2758.53	3174.63	3334.17	2254.69	2712.27	2570.97	1943.29	3695.53	1513.99	2398.16	2227.58	1987.94	2245.75	2680.40
Ft_Lss15	1971.38	2057.52	2128.70	2189.88	1672.56	4251.90	2035.14	2077.09	2437.03	2250.31	2803.46	3024.81	3172.45	2156.35	2623.97	2461.27	1971.10	3529.67	1299.45	2364.27	2197.80	1984.49	2345.34	2550.63
Fo_Lss1	2014.69	2145.31	2301.10	2434.59	1962.77	2254.40	2106.38	2308.14	2593.53	2417.65	2491.61	2195.43	3321.39	2520.48	3216.17	2997.53	2365.61	2239.26	1548.65	2411.79	2365.03	2178.74	1923.23	1597.69
Fo_Lss2	1996.89	2134.72	2275.73	2408.63	1933.24	2231.23	2091.86	2285.36	2558.05	2385.30	2393.17	2187.22	3315.71	2488.50	3178.41	2944.35	2278.50	2239.95	1496.65	2394.03	2330.02	2132.97	1784.46	1562.79
Fo_Lss3	1975.81	2114.06	2245.02	2369.27	1889.11	2213.89	2060.48	2252.74	2524.84	2339.80	2281.10	2160.82	3297.50	2466.66	3145.56	2891.43	2166.36	2216.91	1493.12	2353.31	2298.31	2095.94	1654.61	1538.79
Fo_Lss4	1976.28	2117.93	2232.29	2370.88	1873.13	2230.08	2046.90	2239.93	2499.04	2313.26	2196.30	2166.63	3258.72	2442.07	3099.28	2846.85	2072.83	2237.07	1466.00	2304.86	2258.30	2050.77	1559.97	1557.59
Fo_Lss5	1941.99	2077.25	2181.37	2326.66	1815.10	2227.18	2003.35	2197.09	2426.08	2255.95	2092.00	2137.48	3171.32	2377.49	2979.96	2768.01	1942.47	2222.96	1424.72	2205.30	2172.16	1972.90	1468.80	1559.13
Fo_Lss6	1899.30	2009.68	2120.45	2277.39	1744.42	2230.05	1950.41	2145.31	2344.20	2198.49	1998.87	2106.04	3071.04	2284.24	2841.26	2692.09	1820.69	2203.62	1366.70	2111.26	2082.05	1887.91	1426.24	1555.56
Fo_Lss7	1827.35	1905.74	2016.61	2182.11	1646.11	2205.03	1870.49	2050.31	2227.95	2106.63	1898.07	2037.62	2936.42	2165.90	2670.31	2579.71	1683.57	2146.93	1317.72	2010.48	1975.96	1799.45	1369.23	1527.04
Fo_Lss8	1771.50	1843.47	1942.67	2106.25	1571.26	2204.97	1819.65	1988.16	2135.02	2033.34	1845.27	2016.66	2819.17	2075.48	2541.32	2492.46	1636.89	2140.54	1205.22	1931.40	1903.55	1727.99	1345.88	1521.98
Fo_Lss9	1693.65	1749.03	1841.97	1987.07	1463.22	2181.12	1736.65	1879.74	2027.38	1933.95	1785.45	1945.27	2680.69	1970.16	2400.93	2371.88	1543.66	2084.46	1213.58	1843.79	1802.44	1643.84	1316.43	1475.06
Fo_Lss10	1633.48	1677.17	1766.65	1905.38	1412.05	2172.93	1671.97	1806.38	1946.29	1858.01	1774.57	1914.08	2565.23	1878.70	2290.62	2279.03	1509.39	2059.25	1165.33	1789.63	1744.92	1580.35	1327.53	1465.63
Fo_Lss11	1560.07	1596.97	1690.69	1809.61	1329.90	2149.65	1600.66	1721.12	1857.73	1791.07	1752.03	1865.43	2451.54	1786.51	2181.28	2178.61	1469.96	2014.27	1062.11	1730.28	1678.23	1516.83	1317.67	1442.84
Fo_Lss12	1490.47	1527.72	1616.33	1708.14	1265.47	2112.92	1525.92	1626.56	1784.75	1701.85	1723.40	1790.83	2341.73	1711.02	2084.51	2074.17	1418.82	1956.43	1078.12	1670.85	1603.86	1465.44	1322.59	1398.79
Fo_Lss13	1437.92	1476.23	1565.01	1643.14	1240.56	2092.58	1478.31	1576.64	1735.29	1653.99	1724.12	1760.13	2251.54	1637.11	2010.16	2000.50	1404.90	1920.36	970.10	1627.40	1573.69	1432.35	1345.48	1379.21
Fo_Lss14	1371.14	1420.94	1513.93	1590.19	1193.46	2064.07	1426.25	1510.15	1678.20	1603.42	1713.26	1717.77	2170.97	1591.23	1948.19	1925.85	1386.55	1873.79	1024.50	1589.89	1534.21	1399.48	1375.10	1340.05
Fo_Lss15	1318.62	1373.26	1458.42	1528.60	1166.68	2019.15	1373.25	1443.71	1633.39	1544.25	1698.17	1657.24	2093.88	1527.49	1887.91	1847.33	1376.99	1821.33	959.61	1554.74	1492.82	1372.93	1380.33	1301.40
Fv_Lss1	4058.77	4353.91	4334.49	4281.26	3227.45	3072.38	4116.97	4353.13	5392.19	4230.87	3887.76	3150.10	5693.70	4277.65	5774.83	4113.11	3330.32	3208.51	3371.84	5134.94	4789.97	3989.36	2871.55	2446.29
Fv_Lss2	3917.58	4268.22	4153.19	4113.34	3055.48	2967.96	4006.41	4189.67	5100.62	4024.15	3378.38	3109.89	5657.69	4081.92	5523.56	3874.12	2937.33	3211.93	2934.67	4981.54	4513.86	3681.87	2231.68	2264.85
Fv_Lss3	3757.47	4106.57	3944.69	3871.92	2816.02	2892.10	3778.53	3967.12	4843.60	3751.37	2879.03	2984.09	5543.73	3953.64	5314.55	3649.81	2496.90	3100.48	2907.40	4648.94	4279.05	3451.70	1758.69	2147.99
Fv_Lss4	3761.00	4136.30	3861.60	3881.52	2734.07	2962.86	3684.36	3883.23	4653.89	3601.27	2549.33	3011.32	5309.12	3814.27	5034.16	3470.60	2177.57	3197.78	2707.05	4285.23	4001.66	3191.29	1473.66	2238.98
Fv_Lss5	3515.52	3835.11	3547.50	3627.33	2456.24	2950.08	3399.10	3616.20	4159.99	3297.83	2192.12	2877.06	4817.66	3471.79	4380.09	3173.86	1793.78	3129.35	2430.33	3631.37	3467.80	2788.74	1238.08	2246.63
Fv_Lss6	3233.99	3386.29	3206.48	3364.26	2155.12	2962.76	3083.54	3319.01	3671.43	3019.58	1912.10	2738.81	4310.75	3031.17	3726.88	2910.62	1489.68	3037.93	2091.14	3109.89	2988.15	2407.06	1139.54	2228.99
Fv_Lss7	2812.20	2800.96	2700.15	2908.86	1794.12	2854.08	2663.51	2837.19	3077.31	2622.02	1644.76	2459.83	3712.66	2549.96	3051.12	2557.28	1199.81	2784.85	1842.92	2634.84	2507.98	2063.52	1017.76	2093.03
Fv_Lss8	2524.19	2500.82	2388.54	2590.07	1557.48	2853.86	2426.73	2560.39	2672.01	2341.39	1517.94	2379.90	3257.63	2231.78	2618.91	2309.77	1112.22	2757.69	1377.23	2312.41	2224.09	1819.98	971.04	2069.79
Fv_Lss9	2171.27	2104.86	2018.67	2155.29	1264.49	2753.90	2083.66	2138.57	2266.38	2005.22	1384.22	2125.59	2787.22	1906.98	2211.65	2001.94	952.28	2529.66	1407.56	1998.84	1877.56	1566.69	914.57	1865.92
Fv_Lss10	1931.75	1844.29	1777.31	1897.15	1143.05	2720.37	1848.72	1890.96	1999.31	1778.41	1360.97	2022.54	2442.90	1659.46	1931.34	1789.15	898.17	2433.13	1240.64	1825.02	1703.02	1396.58	935.52	1827.34
Fv_Lss11	1673.08	1588.57	1560.25	1629.66	968.31	2627.12	1618.08	1635.84	1740.17	1597.49	1313.80	1870.79	2140.81	1438.25	1683.61	1580.30	838.81	2269.46	941.79	1650.16	1518.70	1242.45	916.88	1737.29
Fv_Lss12	1457.41	1393.69	1370.40	1382.23	846.89	2486.21	1404.24	1388.52	1549.12	1380.95	1255.84	1657.68	1879.79	1275.88	1486.63	1384.28	766.26	2073.88	983.53	1489.94	1333.60	1128.37	926.15	1574.91
Fv_Lss13	1311.25	1262.50	1251.08	1240.81	803.29	2411.25	1281.19	1271.30	1430.06	1275.27	1257.27	1576.31	1685.67	1131.58	1348.18	1257.87	747.34	1959.83	729.64	1381.44	1264.11	1059.58	970.24	1507.36
Fv_Lss14	1143.83	1133.39	1140.98	1134.53	725.62	2309.75	1157.22	1127.97	1302.21	1170.88	1235.80	1469.68	1526.29	1048.73	1240.68	1139.02	722.92	1820.85	849.58	1293.19	1177.76	994.60	1029.78	1380.16
Fv_Lss15	1025.13	1031.01	1030.38	1020.16	684.07	2157.75	1041.40	998.11	1208.55	1057.55	1206.46	1327.90	1385.25	941.53	1142.58	1023.36	710.42	1674.75	708.18	1214.79	1092.43	944.50	1040.60	1264.14
Fq_Lss1	3680.43	3976.18	3762.68	3499.97	2515.79	1480.05	3680.39	3813.42	4725.44	3418.23	2689.57	1295.79	5297.52	3965.28	5355.67	3568.75	2760.57	2164.47	3112.50	4738.75	4409.77	3660.14	2363.36	2047.29
Fq_Lss2	3080.04	3461.56	2996.68	2630.46	1736.16	612.44	3136.90	3131.38	3862.64	2579.48	1554.33	391.30	4624.72	3465.02	4692.29	2920.64	1977.20	904.74	2533.84	4297.92	3882.59	3094.43	1442.35	1024.86
Fq_Lss3	2674.97	3010.47	2582.40	2281.73	1430.23	305.46	2666.65	2717.01	3389.23	2192.32	1095.12	103.36	3828.45	3082.19	4178.41	2553.74	1445.26	336.48	2558.32	3588.99	3422.29	2725.96	957.26	527.18
Fq_Lss4	2559.62	2903.58	2489.21	2391.69	1464.43	290.04	2476.77	2613.82	3165.51	2129.34	989.20	203.91	3180.99	2768.60	3708.81	2379.29	1207.77	359.57	1941.13	3117.07	3093.41	2436.26	743.14	462.60
Fq_Lss5	2205.95	2473.97	2130.56	2164.00	1261.88	184.51	2140.05	2310.68	2660.80	1880.21	778.08	140.73	2497.59	2315.28	2979.78	2080.96	896.41	223.49	1657.53	2466.94	2527.50	2014.14	535.56	289.64
Fq_Lss6	1902.13	2017.63	1856.31	1954.76	1036.06	157.12	1855.55	2041.81	2246.38	1693.86	622.63	99.29	1994.52	1881.90	2399.58	1834.25	700.05	173.91	1301.87	2019.90	2111.91	1636.34	487.14	254.60
Fq_Lss7	1505.84	1477.89	1387.76	1549.36	762.66	1.87	1450.91	1605.72	1717.67	1364.08	387.79	-91.60	1498.36	1431.43	1786.52	1512.48	434.78	-49.94	1325.50	1602.49	1643.03	1335.37	335.64	106.16
Fq_Lss8	1296.05	1285.59	1218.73	1356.87	654.15	-1.14	1311.78	1426.91	1429.04	1192.46	342.26	10.29	1258.58	1203.47	1465.75	1324.41	447.28	49.20	755.39	1343.71	1402.06	1118.47	293.06	134.54
Fq_Lss9	1048.88	993.92	942.74	1035.40	449.51	-57.76	1048.80	1076.21	1124.16	952.89	256.58	-89.61	935.89	974.83	1146.26	1074.52	301.47	-49.54	965.34	1048.48	1081.37	899.16	228.05	-4.77
Fq_Lss10	932.88	878.79	840.92	939.78	436.57	32.40	923.38	957.97	988.17	832.98	315.17	63.51	788.38	788.89	977.34	955.98	316.29	65.03	654.68	939.65	984.78	757.20	275.92	117.51
Fq_Lss11	757.72	676.07	679.88	735.30	303.41	-15.31	748.79	799.49	770.59	715.08	266.20	15.33	628.51	614.19	763.87	811.31	264.12	13.06	326.17	795.47	803.93	613.59	228.05	70.83
Fq_Lss12	628.45	568.79	566.52	583.38	227.80	-59.06	598.49	602.76	659.63	549.96	221.42	-43.94	504.16	531.30	630.67	641.88	202.62	-17.93	468.06	665.28	632.27	516.44	193.58	19.65
Fq_Lss13	557.59	492.66	495.22	477.02	250.83	-34.48	532.35	564.91	574.56	511.96	234.99	14.63	432.30	424.03	539.32	575.42	192.73	11.55	157.79	563.34	566.04	454.74	129.63	77.48
Fq_Lss14	442.66	394.56	425.78	439.91	183.88	-9.54	456.37	470.46	466.05	432.21	190.53	12.82	363.09	385.27	476.59	493.90	166.19	-0.89	360.09	484.93	484.39	406.14	159.12	39.80
Fq_Lss15	372.36	346.76	360.11	358.88	178.19	-75.00	379.51	364.73	404.91	351.48	101.17	-39.67	306.68	312.67	406.52	409.43	116.31	-33.59	368.34	405.27	387.45	332.94	75.59	14.91
QY_max	0.67	0.67	0.66	0.64	0.63	0.58	0.66	0.65	0.68	0.64	0.62	0.59	0.63	0.63	0.65	0.59	0.60	0.59	0.69	0.69	0.68	0.66	0.62	0.61
Fv/Fm_Lss1	0.67	0.67	0.65	0.64	0.62	0.58	0.66	0.65	0.68	0.64	0.61	0.59	0.63	0.63	0.64	0.58	0.58	0.59	0.69	0.68	0.67	0.65	0.60	0.60
Fv/Fm_Lss2	0.66	0.67	0.65	0.63	0.61	0.57	0.66	0.65	0.67	0.63	0.59	0.59	0.63	0.62	0.63	0.57	0.56	0.59	0.66	0.68	0.66	0.63	0.56	0.59
Fv/Fm_Lss3	0.66	0.66	0.64	0.62	0.60	0.57	0.65	0.64	0.66	0.62	0.56	0.58	0.63	0.62	0.63	0.56	0.54	0.58	0.66	0.66	0.65	0.62	0.52	0.58
Fv/Fm_Lss4	0.66	0.66	0.63	0.62	0.59	0.57	0.64	0.63	0.65	0.61	0.54	0.58	0.62	0.61	0.62	0.55	0.51	0.59	0.65	0.65	0.64	0.61	0.49	0.59
Fv/Fm_Lss5	0.64	0.65	0.62	0.61	0.58	0.57	0.63	0.62	0.63	0.59	0.51	0.57	0.60	0.59	0.60	0.53	0.48	0.58	0.63	0.62	0.61	0.59	0.46	0.59
Fv/Fm_Lss6	0.63	0.63	0.60	0.60	0.55	0.57	0.61	0.61	0.61	0.58	0.49	0.57	0.58	0.57	0.57	0.52	0.45	0.58	0.60	0.60	0.59	0.56	0.44	0.59
Fv/Fm_Lss7	0.61	0.60	0.57	0.57	0.52	0.56	0.59	0.58	0.58	0.55	0.46	0.55	0.56	0.54	0.53	0.50	0.42	0.56	0.58	0.57	0.56	0.53	0.43	0.58
Fv/Fm_Lss8	0.59	0.58	0.55	0.55	0.50	0.56	0.57	0.56	0.56	0.54	0.45	0.54	0.54	0.52	0.51	0.48	0.40	0.56	0.53	0.54	0.54	0.51	0.42	0.58
Fv/Fm_Lss9	0.56	0.55	0.52	0.52	0.46	0.56	0.55	0.53	0.53	0.51	0.44	0.52	0.51	0.49	0.48	0.46	0.38	0.55	0.54	0.52	0.51	0.49	0.41	0.56
Fv/Fm_Lss10	0.54	0.52	0.50	0.50	0.45	0.56	0.53	0.51	0.51	0.49	0.43	0.51	0.49	0.47	0.46	0.44	0.37	0.54	0.52	0.50	0.49	0.47	0.41	0.55
Fv/Fm_Lss11	0.52	0.50	0.48	0.47	0.42	0.55	0.50	0.49	0.48	0.47	0.43	0.50	0.47	0.45	0.44	0.42	0.36	0.53	0.47	0.49	0.48	0.45	0.41	0.55
Fv/Fm_Lss12	0.49	0.48	0.46	0.45	0.40	0.54	0.48	0.46	0.46	0.45	0.42	0.48	0.45	0.43	0.42	0.40	0.35	0.51	0.48	0.47	0.45	0.44	0.41	0.53
Fv/Fm_Lss13	0.48	0.46	0.44	0.43	0.39	0.54	0.46	0.45	0.45	0.44	0.42	0.47	0.43	0.41	0.40	0.39	0.35	0.51	0.43	0.46	0.45	0.43	0.42	0.52
Fv/Fm_Lss14	0.45	0.44	0.43	0.42	0.38	0.53	0.45	0.43	0.44	0.42	0.42	0.46	0.41	0.40	0.39	0.37	0.34	0.49	0.45	0.45	0.43	0.42	0.43	0.51
Fv/Fm_Lss15	0.44	0.43	0.41	0.40	0.37	0.52	0.43	0.41	0.43	0.41	0.42	0.44	0.40	0.38	0.38	0.36	0.34	0.48	0.42	0.44	0.42	0.41	0.43	0.49
QY_Lss1	0.61	0.61	0.57	0.52	0.48	0.28	0.59	0.57	0.59	0.51	0.42	0.24	0.59	0.58	0.60	0.50	0.48	0.40	0.63	0.63	0.62	0.59	0.49	0.51
QY_Lss2	0.52	0.54	0.47	0.40	0.35	0.12	0.51	0.48	0.50	0.40	0.27	0.07	0.52	0.53	0.54	0.43	0.38	0.17	0.57	0.58	0.57	0.53	0.36	0.27
QY_Lss3	0.47	0.48	0.42	0.37	0.30	0.06	0.46	0.44	0.46	0.36	0.21	0.02	0.43	0.48	0.49	0.39	0.31	0.06	0.58	0.51	0.52	0.49	0.28	0.14
QY_Lss4	0.45	0.46	0.41	0.38	0.32	0.06	0.43	0.43	0.44	0.36	0.21	0.04	0.37	0.44	0.46	0.38	0.28	0.07	0.47	0.47	0.49	0.46	0.24	0.12
QY_Lss5	0.40	0.42	0.37	0.36	0.30	0.04	0.40	0.40	0.40	0.34	0.18	0.03	0.31	0.40	0.40	0.35	0.24	0.04	0.43	0.42	0.45	0.42	0.20	0.08
QY_Lss6	0.37	0.37	0.35	0.35	0.27	0.03	0.37	0.37	0.37	0.32	0.16	0.02	0.27	0.35	0.37	0.33	0.21	0.03	0.38	0.39	0.42	0.38	0.19	0.07
QY_Lss7	0.32	0.31	0.29	0.30	0.22	0.00	0.32	0.33	0.32	0.29	0.11	-0.02	0.23	0.30	0.31	0.29	0.15	-0.01	0.42	0.34	0.37	0.35	0.14	0.03
QY_Lss8	0.30	0.30	0.28	0.29	0.21	-0.00	0.31	0.31	0.30	0.27	0.10	0.00	0.21	0.28	0.28	0.28	0.16	0.01	0.29	0.32	0.34	0.32	0.13	0.04
QY_Lss9	0.27	0.26	0.24	0.25	0.16	-0.01	0.27	0.27	0.26	0.24	0.08	-0.02	0.17	0.25	0.25	0.25	0.12	-0.01	0.37	0.27	0.29	0.28	0.10	-0.00
QY_Lss10	0.26	0.25	0.24	0.25	0.17	0.01	0.26	0.26	0.25	0.23	0.10	0.02	0.16	0.22	0.23	0.23	0.13	0.01	0.27	0.26	0.29	0.25	0.12	0.04
QY_Lss11	0.23	0.21	0.21	0.21	0.13	-0.00	0.23	0.24	0.21	0.21	0.09	0.00	0.14	0.19	0.20	0.22	0.11	0.00	0.16	0.24	0.25	0.22	0.10	0.02
QY_Lss12	0.21	0.19	0.19	0.19	0.11	-0.01	0.20	0.20	0.20	0.18	0.07	-0.01	0.12	0.18	0.18	0.19	0.09	-0.00	0.23	0.21	0.22	0.20	0.09	0.01
QY_Lss13	0.20	0.18	0.18	0.17	0.12	-0.01	0.19	0.20	0.18	0.17	0.08	0.00	0.11	0.15	0.16	0.18	0.09	0.00	0.09	0.19	0.20	0.18	0.06	0.03
QY_Lss14	0.18	0.15	0.16	0.16	0.10	-0.00	0.18	0.18	0.16	0.16	0.06	0.00	0.10	0.15	0.15	0.16	0.08	-0.00	0.19	0.17	0.18	0.17	0.07	0.01
QY_Lss15	0.16	0.14	0.14	0.14	0.10	-0.02	0.16	0.15	0.14	0.14	0.03	-0.01	0.09	0.13	0.13	0.14	0.06	-0.01	0.22	0.15	0.15	0.14	0.03	0.01
NPQ_Lss1	0.00	0.02	0.01	0.03	0.02	0.03	0.00	0.00	0.00	0.01	0.04	-0.00	0.00	0.01	0.02	0.03	0.07	0.01	0.03	0.03	0.04	0.06	0.11	0.03
NPQ_Lss2	0.03	0.03	0.04	0.06	0.06	0.06	0.02	0.03	0.04	0.05	0.14	0.01	0.01	0.04	0.05	0.08	0.16	0.01	0.14	0.05	0.09	0.12	0.33	0.09
NPQ_Lss3	0.06	0.06	0.09	0.11	0.13	0.08	0.07	0.08	0.09	0.10	0.28	0.04	0.02	0.07	0.08	0.12	0.30	0.03	0.15	0.11	0.13	0.17	0.56	0.13
NPQ_Lss4	0.06	0.06	0.10	0.10	0.15	0.06	0.09	0.09	0.12	0.13	0.39	0.03	0.06	0.10	0.12	0.16	0.43	0.01	0.21	0.18	0.19	0.24	0.76	0.10
NPQ_Lss5	0.12	0.12	0.17	0.16	0.24	0.06	0.16	0.15	0.21	0.21	0.54	0.06	0.13	0.17	0.24	0.24	0.62	0.03	0.31	0.33	0.32	0.37	0.97	0.10
NPQ_Lss6	0.19	0.23	0.26	0.22	0.36	0.06	0.24	0.22	0.33	0.28	0.69	0.10	0.23	0.29	0.39	0.31	0.83	0.05	0.46	0.48	0.47	0.52	1.08	0.11
NPQ_Lss7	0.31	0.41	0.42	0.36	0.54	0.09	0.38	0.37	0.51	0.42	0.86	0.19	0.36	0.45	0.60	0.43	1.10	0.11	0.60	0.67	0.66	0.69	1.24	0.16
NPQ_Lss8	0.42	0.52	0.55	0.47	0.69	0.09	0.47	0.47	0.66	0.53	0.96	0.21	0.49	0.59	0.77	0.53	1.21	0.12	0.96	0.83	0.80	0.83	1.30	0.16
NPQ_Lss9	0.58	0.72	0.74	0.67	0.94	0.11	0.63	0.66	0.86	0.70	1.08	0.31	0.66	0.77	0.98	0.68	1.43	0.19	0.93	1.02	1.02	1.03	1.39	0.25
NPQ_Lss10	0.71	0.88	0.90	0.82	1.07	0.12	0.77	0.81	1.03	0.84	1.11	0.36	0.81	0.94	1.16	0.80	1.52	0.22	1.10	1.14	1.16	1.19	1.36	0.27
NPQ_Lss11	0.88	1.08	1.07	1.01	1.31	0.15	0.94	0.99	1.22	0.98	1.15	0.43	0.97	1.13	1.36	0.95	1.63	0.28	1.53	1.29	1.33	1.36	1.39	0.32
NPQ_Lss12	1.07	1.27	1.25	1.23	1.51	0.20	1.13	1.22	1.40	1.17	1.22	0.55	1.14	1.30	1.56	1.12	1.78	0.36	1.46	1.45	1.53	1.51	1.37	0.41
NPQ_Lss13	1.21	1.42	1.39	1.39	1.59	0.22	1.26	1.35	1.53	1.29	1.22	0.60	1.30	1.48	1.72	1.25	1.82	0.42	1.98	1.58	1.62	1.61	1.31	0.45
NPQ_Lss14	1.42	1.59	1.53	1.53	1.76	0.26	1.42	1.53	1.68	1.41	1.24	0.67	1.45	1.60	1.86	1.39	1.88	0.49	1.70	1.69	1.74	1.72	1.22	0.54
NPQ_Lss15	1.60	1.75	1.70	1.71	1.86	0.32	1.59	1.74	1.81	1.57	1.27	0.79	1.60	1.78	2.01	1.56	1.91	0.57	2.04	1.80	1.88	1.81	1.20	0.63
qN_Lss1	0.00	0.03	0.02	0.04	0.03	0.05	0.01	0.01	0.00	0.01	0.05	-0.00	0.01	0.01	0.02	0.05	0.10	0.02	0.04	0.04	0.06	0.08	0.16	0.05
qN_Lss2	0.04	0.05	0.06	0.08	0.09	0.09	0.04	0.05	0.06	0.07	0.20	0.01	0.01	0.07	0.07	0.12	0.22	0.01	0.18	0.07	0.12	0.16	0.37	0.14
qN_Lss3	0.09	0.09	0.12	0.15	0.17	0.12	0.10	0.11	0.11	0.14	0.33	0.06	0.04	0.10	0.11	0.18	0.36	0.06	0.19	0.14	0.17	0.22	0.52	0.19
qN_Lss4	0.09	0.08	0.14	0.14	0.20	0.09	0.12	0.13	0.15	0.18	0.42	0.05	0.08	0.14	0.17	0.23	0.45	0.02	0.25	0.21	0.23	0.28	0.61	0.15
qN_Lss5	0.15	0.16	0.22	0.21	0.29	0.10	0.20	0.19	0.25	0.26	0.51	0.10	0.18	0.22	0.29	0.31	0.57	0.04	0.33	0.35	0.34	0.39	0.68	0.14
qN_Lss6	0.23	0.27	0.30	0.27	0.39	0.09	0.28	0.27	0.35	0.33	0.58	0.15	0.28	0.34	0.41	0.37	0.65	0.08	0.43	0.45	0.44	0.48	0.71	0.15
qN_Lss7	0.34	0.41	0.43	0.38	0.51	0.13	0.39	0.39	0.47	0.43	0.65	0.25	0.39	0.46	0.53	0.46	0.73	0.17	0.51	0.54	0.54	0.56	0.74	0.21
qN_Lss8	0.42	0.48	0.50	0.46	0.58	0.13	0.45	0.46	0.54	0.50	0.68	0.28	0.48	0.53	0.60	0.52	0.75	0.18	0.64	0.60	0.60	0.62	0.76	0.22
qN_Lss9	0.51	0.57	0.59	0.56	0.67	0.17	0.54	0.56	0.62	0.58	0.71	0.37	0.56	0.61	0.67	0.60	0.79	0.26	0.63	0.66	0.67	0.68	0.77	0.31
qN_Lss10	0.57	0.63	0.64	0.62	0.71	0.18	0.60	0.61	0.67	0.63	0.72	0.41	0.62	0.67	0.72	0.65	0.80	0.29	0.68	0.69	0.70	0.72	0.77	0.33
qN_Lss11	0.63	0.68	0.69	0.68	0.76	0.22	0.65	0.67	0.72	0.67	0.73	0.46	0.68	0.72	0.76	0.69	0.82	0.35	0.76	0.73	0.74	0.75	0.77	0.37
qN_Lss12	0.68	0.73	0.73	0.73	0.79	0.27	0.70	0.73	0.75	0.72	0.74	0.53	0.72	0.75	0.79	0.74	0.84	0.41	0.75	0.75	0.77	0.78	0.77	0.43
qN_Lss13	0.72	0.75	0.76	0.76	0.80	0.29	0.73	0.75	0.77	0.75	0.74	0.56	0.75	0.78	0.81	0.76	0.84	0.45	0.82	0.77	0.78	0.79	0.76	0.46
qN_Lss14	0.76	0.78	0.78	0.79	0.82	0.33	0.76	0.78	0.79	0.77	0.75	0.59	0.78	0.80	0.83	0.79	0.85	0.50	0.79	0.79	0.80	0.81	0.74	0.51
qN_Lss15	0.79	0.80	0.80	0.81	0.83	0.38	0.79	0.81	0.81	0.79	0.75	0.64	0.80	0.82	0.84	0.81	0.85	0.54	0.83	0.80	0.82	0.82	0.74	0.56
qP_Lss1	0.91	0.91	0.87	0.82	0.78	0.48	0.89	0.88	0.88	0.81	0.69	0.41	0.93	0.93	0.93	0.87	0.83	0.67	0.92	0.92	0.92	0.92	0.82	0.84
qP_Lss2	0.79	0.81	0.72	0.64	0.57	0.21	0.78	0.75	0.76	0.64	0.46	0.13	0.82	0.85	0.85	0.75	0.67	0.28	0.86	0.86	0.86	0.84	0.65	0.45
qP_Lss3	0.71	0.73	0.65	0.59	0.51	0.11	0.71	0.68	0.70	0.58	0.38	0.03	0.69	0.78	0.79	0.70	0.58	0.11	0.88	0.77	0.80	0.79	0.54	0.25
qP_Lss4	0.68	0.70	0.64	0.62	0.54	0.10	0.67	0.67	0.68	0.59	0.39	0.07	0.60	0.73	0.74	0.69	0.55	0.11	0.72	0.73	0.77	0.76	0.50	0.21
qP_Lss5	0.63	0.65	0.60	0.60	0.51	0.06	0.63	0.64	0.64	0.57	0.35	0.05	0.52	0.67	0.68	0.66	0.50	0.07	0.68	0.68	0.73	0.72	0.43	0.13
qP_Lss6	0.59	0.60	0.58	0.58	0.48	0.05	0.60	0.62	0.61	0.56	0.33	0.04	0.46	0.62	0.64	0.63	0.47	0.06	0.62	0.65	0.71	0.68	0.43	0.11
qP_Lss7	0.54	0.53	0.51	0.53	0.43	0.00	0.54	0.57	0.56	0.52	0.24	-0.04	0.40	0.56	0.59	0.59	0.36	-0.02	0.72	0.61	0.66	0.65	0.33	0.05
qP_Lss8	0.51	0.51	0.51	0.52	0.42	-0.00	0.54	0.56	0.53	0.51	0.23	0.00	0.39	0.54	0.56	0.57	0.40	0.02	0.55	0.58	0.63	0.61	0.30	0.07
qP_Lss9	0.48	0.47	0.47	0.48	0.36	-0.02	0.50	0.50	0.50	0.48	0.19	-0.04	0.34	0.51	0.52	0.54	0.32	-0.02	0.69	0.52	0.58	0.57	0.25	-0.00
qP_Lss10	0.48	0.48	0.47	0.50	0.38	0.01	0.50	0.51	0.49	0.47	0.23	0.03	0.32	0.48	0.51	0.53	0.35	0.03	0.53	0.51	0.58	0.54	0.29	0.06
qP_Lss11	0.45	0.43	0.44	0.45	0.31	-0.01	0.46	0.49	0.44	0.45	0.20	0.01	0.29	0.43	0.45	0.51	0.31	0.01	0.35	0.48	0.53	0.49	0.25	0.04
qP_Lss12	0.43	0.41	0.41	0.42	0.27	-0.02	0.43	0.43	0.43	0.40	0.18	-0.03	0.27	0.42	0.42	0.46	0.26	-0.01	0.48	0.45	0.47	0.46	0.21	0.01
qP_Lss13	0.43	0.39	0.40	0.38	0.31	-0.01	0.42	0.44	0.40	0.40	0.19	0.01	0.26	0.37	0.40	0.46	0.26	0.01	0.22	0.41	0.45	0.43	0.13	0.05
qP_Lss14	0.39	0.35	0.37	0.39	0.25	-0.00	0.39	0.42	0.36	0.37	0.15	0.01	0.24	0.37	0.38	0.43	0.23	-0.00	0.42	0.37	0.41	0.41	0.15	0.03
qP_Lss15	0.36	0.34	0.35	0.35	0.26	-0.03	0.36	0.37	0.34	0.33	0.08	-0.03	0.22	0.33	0.36	0.40	0.16	-0.02	0.52	0.33	0.35	0.35	0.07	0.01
qL_Lss1	1.08	1.07	1.08	1.08	1.06	0.82	1.08	1.08	1.10	1.08	1.02	0.76	1.04	1.04	1.05	1.03	1.03	0.99	1.08	1.07	1.07	1.06	1.04	1.05
qL_Lss2	1.12	1.12	1.09	1.03	0.96	0.42	1.11	1.09	1.12	1.03	0.81	0.28	1.07	1.06	1.07	1.00	0.96	0.57	1.09	1.11	1.09	1.07	0.93	0.81
qL_Lss3	1.10	1.11	1.05	0.98	0.88	0.23	1.09	1.06	1.10	0.97	0.68	0.08	1.05	1.06	1.07	0.96	0.86	0.24	1.09	1.12	1.10	1.06	0.81	0.50
qL_Lss4	1.09	1.11	1.04	1.00	0.90	0.22	1.07	1.05	1.09	0.97	0.66	0.16	0.99	1.04	1.05	0.95	0.81	0.26	1.09	1.10	1.08	1.04	0.74	0.44
qL_Lss5	1.05	1.07	0.99	0.97	0.85	0.14	1.03	1.02	1.03	0.93	0.59	0.11	0.90	0.99	1.00	0.91	0.73	0.16	1.05	1.04	1.04	1.01	0.64	0.29
qL_Lss6	1.00	1.00	0.95	0.94	0.79	0.12	0.98	0.98	0.98	0.90	0.54	0.08	0.81	0.93	0.94	0.88	0.67	0.13	0.98	0.98	1.00	0.96	0.62	0.26
qL_Lss7	0.92	0.89	0.85	0.86	0.69	0.00	0.90	0.91	0.90	0.83	0.39	-0.08	0.71	0.85	0.86	0.83	0.53	-0.04	1.00	0.92	0.94	0.91	0.49	0.12
qL_Lss8	0.87	0.85	0.82	0.83	0.66	-0.00	0.87	0.88	0.85	0.80	0.37	0.01	0.66	0.81	0.81	0.80	0.57	0.04	0.83	0.87	0.90	0.86	0.45	0.15
qL_Lss9	0.80	0.77	0.74	0.75	0.55	-0.05	0.80	0.79	0.78	0.73	0.30	-0.09	0.57	0.75	0.75	0.75	0.45	-0.04	0.94	0.79	0.83	0.81	0.38	-0.01
qL_Lss10	0.78	0.75	0.72	0.74	0.57	0.03	0.78	0.77	0.75	0.71	0.37	0.06	0.53	0.70	0.72	0.73	0.49	0.06	0.79	0.77	0.82	0.76	0.44	0.14
qL_Lss11	0.72	0.67	0.66	0.67	0.47	-0.01	0.71	0.73	0.67	0.67	0.32	0.02	0.47	0.62	0.65	0.69	0.44	0.01	0.55	0.72	0.75	0.70	0.38	0.09
qL_Lss12	0.67	0.63	0.62	0.62	0.40	-0.05	0.65	0.64	0.64	0.59	0.28	-0.05	0.43	0.60	0.60	0.63	0.37	-0.02	0.70	0.67	0.68	0.65	0.32	0.03
qL_Lss13	0.65	0.59	0.59	0.56	0.45	-0.03	0.63	0.64	0.60	0.59	0.30	0.02	0.40	0.54	0.56	0.61	0.36	0.01	0.34	0.61	0.65	0.61	0.22	0.10
qL_Lss14	0.58	0.53	0.55	0.56	0.37	-0.01	0.59	0.60	0.54	0.54	0.25	0.02	0.37	0.52	0.53	0.58	0.32	-0.00	0.63	0.57	0.60	0.58	0.25	0.06
qL_Lss15	0.54	0.50	0.51	0.50	0.37	-0.07	0.54	0.53	0.50	0.48	0.14	-0.05	0.34	0.47	0.49	0.53	0.23	-0.04	0.70	0.51	0.52	0.51	0.12	0.02
PAR1	59.15	59.15	59.15	59.15	59.15	59.15	59.15	59.15	59.15	59.15	59.15	59.15	59.15	59.15	59.15	59.15	59.15	59.15	59.15	59.15	59.15	59.15	59.15	59.15
PAR2	179.76	179.76	179.76	179.76	179.76	179.76	179.76	179.76	179.76	179.76	179.76	179.76	179.76	179.76	179.76	179.76	179.76	179.76	179.76	179.76	179.76	179.76	179.76	179.76
PAR3	300.37	300.37	300.37	300.37	300.37	300.37	300.37	300.37	300.37	300.37	300.37	300.37	300.37	300.37	300.37	300.37	300.37	300.37	300.37	300.37	300.37	300.37	300.37	300.37
PAR4	420.98	420.98	420.98	420.98	420.98	420.98	420.98	420.98	420.98	420.98	420.98	420.98	420.98	420.98	420.98	420.98	420.98	420.98	420.98	420.98	420.98	420.98	420.98	420.98
PAR5	541.59	541.59	541.59	541.59	541.59	541.59	541.59	541.59	541.59	541.59	541.59	541.59	541.59	541.59	541.59	541.59	541.59	541.59	541.59	541.59	541.59	541.59	541.59	541.59
PAR6	662.20	662.20	662.20	662.20	662.20	662.20	662.20	662.20	662.20	662.20	662.20	662.20	662.20	662.20	662.20	662.20	662.20	662.20	662.20	662.20	662.20	662.20	662.20	662.20
PAR7	782.81	782.81	782.81	782.81	782.81	782.81	782.81	782.81	782.81	782.81	782.81	782.81	782.81	782.81	782.81	782.81	782.81	782.81	782.81	782.81	782.81	782.81	782.81	782.81
PAR8	903.42	903.42	903.42	903.42	903.42	903.42	903.42	903.42	903.42	903.42	903.42	903.42	903.42	903.42	903.42	903.42	903.42	903.42	903.42	903.42	903.42	903.42	903.42	903.42
PAR9	1024.03	1024.03	1024.03	1024.03	1024.03	1024.03	1024.03	1024.03	1024.03	1024.03	1024.03	1024.03	1024.03	1024.03	1024.03	1024.03	1024.03	1024.03	1024.03	1024.03	1024.03	1024.03	1024.03	1024.03
PAR10	1144.64	1144.64	1144.64	1144.64	1144.64	1144.64	1144.64	1144.64	1144.64	1144.64	1144.64	1144.64	1144.64	1144.64	1144.64	1144.64	1144.64	1144.64	1144.64	1144.64	1144.64	1144.64	1144.64	1144.64
PAR11	1265.25	1265.25	1265.25	1265.25	1265.25	1265.25	1265.25	1265.25	1265.25	1265.25	1265.25	1265.25	1265.25	1265.25	1265.25	1265.25	1265.25	1265.25	1265.25	1265.25	1265.25	1265.25	1265.25	1265.25
PAR12	1385.86	1385.86	1385.86	1385.86	1385.86	1385.86	1385.86	1385.86	1385.86	1385.86	1385.86	1385.86	1385.86	1385.86	1385.86	1385.86	1385.86	1385.86	1385.86	1385.86	1385.86	1385.86	1385.86	1385.86
PAR13	1506.47	1506.47	1506.47	1506.47	1506.47	1506.47	1506.47	1506.47	1506.47	1506.47	1506.47	1506.47	1506.47	1506.47	1506.47	1506.47	1506.47	1506.47	1506.47	1506.47	1506.47	1506.47	1506.47	1506.47
PAR14	1627.08	1627.08	1627.08	1627.08	1627.08	1627.08	1627.08	1627.08	1627.08	1627.08	1627.08	1627.08	1627.08	1627.08	1627.08	1627.08	1627.08	1627.08	1627.08	1627.08	1627.08	1627.08	1627.08	1627.08
PAR15	1747.69	1747.69	1747.69	1747.69	1747.69	1747.69	1747.69	1747.69	1747.69	1747.69	1747.69	1747.69	1747.69	1747.69	1747.69	1747.69	1747.69	1747.69	1747.69	1747.69	1747.69	1747.69	1747.69	1747.69
ETR1	14.3369	14.4743	13.4156	12.3298	11.4678	6.5736	13.9914	13.5441	13.9998	12.1638	9.9746	5.7350	13.9026	13.7999	14.0928	11.8741	11.4664	9.3999	14.9656	14.8559	14.5814	14.0391	11.6615	11.9774
ETR2	37.4444	38.8721	33.5157	29.0001	25.0234	8.4698	36.9862	34.7729	36.2641	28.9372	19.3641	5.3115	37.0574	37.9191	38.7716	30.7990	27.2566	11.9323	41.1142	41.8994	40.7910	38.2639	25.8231	19.2521
ETR3	56.0568	58.1451	50.1263	43.9247	36.5213	7.1877	54.8705	52.4835	55.2634	43.2430	25.4985	2.4137	52.0263	57.6788	59.3400	46.9060	37.2363	7.6027	69.8496	61.5811	62.5140	59.0369	33.6952	17.1801
ETR4	75.1255	78.1771	68.7836	64.4134	53.5244	9.4050	72.7704	71.8818	74.5210	60.6237	35.1000	6.6311	62.5188	74.5175	76.7855	63.4195	47.8489	11.1408	78.3283	79.6477	83.2118	78.2598	41.2504	20.5178
ETR5	87.5647	90.6488	80.5664	78.7366	64.0002	7.7205	85.8146	86.1087	87.5213	73.3408	39.3452	6.0797	67.7265	85.7489	87.7065	75.8696	51.9754	9.0457	93.1452	91.5633	97.0832	91.6349	42.8618	16.4869
ETR6	98.1500	99.0421	92.3041	91.7772	70.3750	8.0145	97.6364	98.9752	98.9121	85.9836	42.1693	5.4281	71.5688	93.7796	96.7700	86.7179	56.0145	8.7887	99.7263	102.4732	110.3310	100.9162	50.2901	17.8197
ETR7	101.6289	98.3196	92.1266	95.2942	69.4157	0.1154	100.2010	102.8722	101.3792	90.3272	34.2735	-6.3773	70.5619	95.0437	97.7728	92.1926	47.2151	-3.1710	131.3164	108.0174	114.7365	108.2417	44.0284	9.1827
ETR8	109.0277	106.9380	101.6825	104.4068	75.5534	-0.0814	111.6322	113.3629	107.4272	98.5008	36.7744	0.8454	74.8435	100.9679	102.6449	99.6612	58.7940	3.6298	105.7036	114.4188	122.7475	113.9188	45.7087	13.5362
ETR9	111.1616	105.6390	100.0241	102.3844	67.5019	-4.7937	112.4518	109.7047	107.2409	99.0855	33.1573	-9.0170	70.1088	102.9882	101.7916	100.6290	49.4747	-4.3975	150.8557	111.7647	120.3648	114.7181	41.8696	-0.5846
ETR10	119.8022	114.2586	108.6409	113.1569	78.2308	3.0317	120.0824	118.6284	114.6688	104.8795	46.0212	7.3865	72.0756	102.0868	105.9889	107.5909	60.1504	6.6279	124.5851	119.0216	130.7705	116.4589	55.8228	16.3384
ETR11	118.6097	107.4097	105.8419	108.2013	66.8142	-1.6223	117.7362	120.5320	108.3944	106.8006	43.9434	2.0769	69.2648	96.3917	100.0276	109.2346	57.8977	1.5426	82.3766	119.0922	127.2681	112.5419	51.6515	11.2720
ETR12	118.1779	107.9286	105.1472	104.6450	59.7808	-7.1182	113.2252	110.8206	109.6799	98.8925	41.1996	-7.0633	66.2036	98.6044	97.8984	102.8841	51.4033	-2.4657	125.8535	116.6782	119.3187	110.3716	47.7201	3.6638
ETR13	122.2178	108.3975	105.9666	99.6710	73.9518	-4.6127	116.2491	119.5278	109.3780	105.3173	47.4958	2.6428	66.1636	92.2879	96.7705	106.4147	53.9622	1.7943	55.9407	112.8216	120.1955	109.9621	33.7310	16.1750
ETR14	114.5517	100.5332	104.3771	105.0767	62.3621	-1.4194	114.9704	116.0650	101.7714	101.3927	42.0491	2.6171	63.9154	94.9811	97.2699	104.8803	51.2731	-0.1569	125.0522	109.4675	116.2462	110.4082	43.0627	9.5224
ETR15	111.0661	100.8240	101.1497	98.4343	67.3075	-12.5530	109.8729	104.4181	99.6011	94.4400	24.3490	-9.2903	61.6216	88.5283	93.7766	99.7038	38.9523	-6.7167	154.3944	102.2954	104.7698	100.4342	21.8277	4.0614
