FluorCam7 Numeric Avg Export File
-----------------------------------
	Area 1	Area 2	Area 3	Area 4	Area 5	Area 6	Area 7	Area 8	Area 9	Area 10	Area 11	Area 12	Area 13	Area 14	Area 15	Area 16	Area 17	Area 18	Area 19	Area 20	Area 21	Area 22	Area 23	Area 24
Size [pixels]	3870	4211	2864	5654	5037	4793	6574	2789	5485	2204	5196	4326	3073	5166	1178	5325	4531	4896	3034	3480	5582	3494	4391	4202
Fo	2550.61	2925.49	2093.66	3466.91	2934.80	2270.27	2209.41	2447.27	2871.05	2192.54	2973.29	2302.42	1690.52	2773.57	1427.82	2687.26	2362.06	2221.52	2101.72	2461.04	3314.34	1993.26	2500.98	2789.28
Fm	7228.63	7683.08	5786.57	9652.88	8078.52	6386.84	5905.83	6518.08	8063.12	5433.86	8572.04	6455.83	3983.44	6938.27	3400.84	7421.35	5886.57	5877.33	5098.44	6339.27	8630.65	5005.80	6496.37	7798.38
Fv	4678.02	4757.59	3692.91	6185.96	5143.71	4116.56	3696.42	4070.82	5192.08	3241.32	5598.76	4153.40	2292.93	4164.70	1973.02	4734.09	3524.51	3655.81	2996.73	3878.23	5316.31	3012.53	3995.39	5009.10
Fm_Lss1	7424.53	7961.66	5897.12	9533.72	8064.44	6495.56	6139.33	6880.07	8126.02	5441.34	8549.28	6404.11	4134.87	6886.18	3627.65	7403.83	5769.13	5725.36	5138.44	6509.21	8687.50	4956.00	6458.81	7788.89
Ft_Lss1	2671.11	3051.05	2179.07	3668.22	3072.75	2380.86	2335.83	2544.14	3046.15	2315.20	3194.84	2468.27	1839.15	3070.10	1553.39	2946.48	2607.73	2419.20	2284.54	2687.58	3600.47	2254.30	2779.43	3010.36
Fo_Lss1	2574.58	2964.99	2107.96	3451.42	2932.94	2283.86	2241.30	2496.59	2878.98	2193.75	2970.54	2295.81	1717.21	2765.20	1466.31	2684.95	2342.92	2199.45	2108.48	2486.24	3322.69	1985.32	2495.39	2788.07
Fv_Lss1	4849.95	4996.67	3789.16	6082.30	5131.49	4211.70	3898.03	4383.48	5247.04	3247.58	5578.74	4108.30	2417.66	4120.98	2161.34	4718.87	3426.21	3525.91	3029.96	4022.97	5364.81	2970.68	3963.42	5000.82
Fq_Lss1	4753.42	4910.61	3718.05	5865.50	4991.69	4114.70	3803.50	4335.93	5079.86	3126.14	5354.44	3935.84	2295.73	3816.08	2074.25	4457.35	3161.40	3306.16	2853.90	3821.62	5087.03	2701.70	3679.38	4778.52
QY_max	0.65	0.62	0.64	0.64	0.64	0.64	0.63	0.62	0.64	0.60	0.65	0.64	0.58	0.60	0.58	0.64	0.60	0.62	0.59	0.61	0.62	0.60	0.62	0.64
Fv/Fm_Lss1	0.65	0.63	0.64	0.64	0.64	0.65	0.63	0.64	0.65	0.60	0.65	0.64	0.58	0.60	0.60	0.64	0.59	0.62	0.59	0.62	0.62	0.60	0.61	0.64
QY_Lss1	0.64	0.62	0.63	0.62	0.62	0.63	0.62	0.63	0.63	0.57	0.63	0.61	0.56	0.55	0.57	0.60	0.55	0.58	0.56	0.59	0.59	0.55	0.57	0.61
NPQ_Lss1	-0.03	-0.03	-0.02	0.01	0.00	-0.02	-0.04	-0.05	-0.01	-0.00	0.00	0.01	-0.04	0.01	-0.06	0.00	0.02	0.03	-0.01	-0.03	-0.01	0.01	0.01	0.00
qN_Lss1	-0.04	-0.06	-0.03	0.02	0.00	-0.03	-0.06	-0.09	-0.01	-0.00	0.00	0.01	-0.07	0.01	-0.12	0.00	0.03	0.04	-0.01	-0.04	-0.01	0.02	0.01	0.00
qP_Lss1	0.98	0.98	0.98	0.96	0.97	0.98	0.98	0.99	0.97	0.96	0.96	0.96	0.95	0.93	0.96	0.94	0.92	0.94	0.94	0.95	0.95	0.91	0.93	0.96
qL_Lss1	1.02	1.01	1.01	1.02	1.02	1.02	1.02	1.01	1.02	1.02	1.03	1.03	1.02	1.03	1.02	1.04	1.03	1.03	1.02	1.03	1.03	1.03	1.03	1.03
PAR1	10.90	10.90	10.90	10.90	10.90	10.90	10.90	10.90	10.90	10.90	10.90	10.90	10.90	10.90	10.90	10.90	10.90	10.90	10.90	10.90	10.90	10.90	10.90	10.90
ETR1	2.7922	2.6899	2.7497	2.6832	2.6995	2.7627	2.7019	2.7485	2.7263	2.5056	2.7314	2.6803	2.4214	2.4168	2.4937	2.6256	2.3899	2.5184	2.4222	2.5605	2.5537	2.3775	2.4844	2.6756
