FluorCam7 Numeric Avg Export File
-----------------------------------
	Area 1	Area 2	Area 3	Area 4	Area 5	Area 6	Area 7	Area 8	Area 9	Area 10	Area 11	Area 12	Area 13	Area 14	Area 15	Area 16	Area 17	Area 18	Area 19	Area 20	Area 21	Area 22	Area 23	Area 24
Size [pixels]	6486	3887	4635	5490	6684	3737	4002	5636	4940	3794	5908	4024	4332	4799	6771	5006	4666	3599	4442	4822	5043	4424	3289	5167
Fo	2874.86	3519.75	3711.11	3033.68	3017.90	2267.01	2951.69	3248.98	3562.65	3154.38	3494.36	2449.56	2572.86	3729.66	3374.32	2870.71	2575.13	1941.56	2476.68	2899.43	3711.61	2433.77	2538.95	2578.67
Fm	8101.71	9683.77	10460.62	8890.64	8871.12	6685.66	8546.33	9001.36	9738.69	8890.27	9279.85	7072.92	7337.48	10618.36	9696.68	8265.82	7085.91	5195.42	7101.57	8575.24	11242.33	6799.09	7735.93	7259.89
Fv	5226.85	6164.02	6749.51	5856.95	5853.23	4418.66	5594.64	5752.38	6176.04	5735.89	5785.49	4623.36	4764.62	6888.70	6322.36	5395.12	4510.78	3253.86	4624.89	5675.81	7530.72	4365.31	5196.98	4681.22
Fm_Lss1	7841.12	9379.09	10196.37	8703.97	8645.55	6518.47	8316.19	8857.82	9533.10	8711.73	9131.75	6946.03	7110.61	10396.32	9542.98	8127.10	6962.05	5084.36	6903.09	8305.41	11032.08	6583.60	7578.22	7063.68
Ft_Lss1	2743.02	3333.51	3616.24	2892.95	3028.05	2142.33	2614.60	3121.76	3442.04	3080.00	3364.16	2254.43	2318.77	3616.59	3305.81	2817.20	2491.97	1874.85	2358.78	2773.67	3597.00	2326.43	2456.13	2471.27
Fo_Lss1	2841.35	3478.68	3677.30	3011.65	2991.35	2247.46	2923.74	3230.09	3534.77	3131.61	3473.15	2434.16	2544.39	3701.89	3355.51	2853.79	2558.58	1925.84	2452.09	2867.93	3688.41	2405.59	2521.73	2553.48
Fv_Lss1	4999.77	5900.42	6519.07	5692.33	5654.21	4271.01	5392.45	5627.73	5998.33	5580.12	5658.60	4511.87	4566.21	6694.43	6187.47	5273.31	4403.46	3158.52	4451.00	5437.48	7343.67	4178.01	5056.50	4510.20
Fq_Lss1	5098.10	6045.59	6580.13	5811.02	5617.50	4376.14	5701.60	5736.06	6091.06	5631.73	5767.59	4691.60	4791.84	6779.73	6237.17	5309.90	4470.08	3209.51	4544.32	5531.74	7435.08	4257.16	5122.10	4592.41
QY_max	0.65	0.64	0.65	0.66	0.66	0.66	0.65	0.64	0.63	0.65	0.62	0.65	0.65	0.65	0.65	0.65	0.64	0.63	0.65	0.66	0.67	0.64	0.67	0.64
Fv/Fm_Lss1	0.64	0.63	0.64	0.65	0.65	0.66	0.65	0.64	0.63	0.64	0.62	0.65	0.64	0.64	0.65	0.65	0.63	0.62	0.64	0.65	0.67	0.63	0.67	0.64
QY_Lss1	0.65	0.64	0.65	0.67	0.65	0.67	0.69	0.65	0.64	0.65	0.63	0.68	0.67	0.65	0.65	0.65	0.64	0.63	0.66	0.67	0.67	0.65	0.68	0.65
NPQ_Lss1	0.03	0.03	0.03	0.02	0.03	0.03	0.03	0.02	0.02	0.02	0.02	0.02	0.03	0.02	0.02	0.02	0.02	0.02	0.03	0.03	0.02	0.03	0.02	0.03
qN_Lss1	0.05	0.05	0.04	0.03	0.04	0.04	0.04	0.02	0.03	0.03	0.03	0.03	0.05	0.03	0.02	0.03	0.03	0.03	0.04	0.05	0.03	0.05	0.03	0.04
qP_Lss1	1.02	1.02	1.01	1.02	0.99	1.02	1.06	1.02	1.02	1.01	1.02	1.04	1.05	1.01	1.01	1.01	1.02	1.02	1.02	1.02	1.01	1.02	1.01	1.02
qL_Lss1	0.98	0.98	0.99	0.98	1.01	0.98	0.95	0.99	0.99	0.99	0.99	0.96	0.96	0.99	0.99	0.99	0.99	0.99	0.98	0.98	0.99	0.99	0.99	0.99
PAR1	10.90	10.90	10.90	10.90	10.90	10.90	10.90	10.90	10.90	10.90	10.90	10.90	10.90	10.90	10.90	10.90	10.90	10.90	10.90	10.90	10.90	10.90	10.90	10.90
ETR1	2.8355	2.8111	2.8145	2.9117	2.8337	2.9279	2.9900	2.8242	2.7865	2.8193	2.7545	2.9457	2.9390	2.8441	2.8504	2.8494	2.8002	2.7530	2.8710	2.9047	2.9392	2.8201	2.9477	2.8354
