FluorCam7 Numeric Avg Export File
-----------------------------------
	Area 1	Area 2	Area 3	Area 4	Area 5	Area 6	Area 7	Area 8	Area 9	Area 10	Area 11	Area 12	Area 13	Area 14	Area 15	Area 16	Area 17	Area 18	Area 19	Area 20	Area 21	Area 22	Area 23	Area 24
Size [pixels]	4333	5814	4712	6125	3340	4953	4715	4291	4706	4955	4836	3805	3567	5197	3487	3001	4645	2806	5387	4527	5277	3816	4915	3187
Fo	1964.46	2364.55	2256.15	2287.03	2150.72	2098.61	1821.73	1830.94	2361.55	2083.56	2321.11	1911.54	1797.53	2247.79	3137.11	2308.48	2340.00	1982.63	1621.15	2235.59	2254.71	1959.07	2288.81	1768.28
Fm	6006.98	6750.72	6364.95	5799.46	5492.64	4792.80	5742.01	5608.71	7269.62	5975.42	6244.43	4908.83	5035.42	6062.34	8165.66	5839.76	5493.50	4428.73	4988.44	6802.90	7111.66	5852.14	6385.25	4166.49
Fv	4042.53	4386.17	4108.81	3512.43	3341.93	2694.19	3920.27	3777.77	4908.07	3891.86	3923.32	2997.29	3237.88	3814.55	5028.55	3531.28	3153.50	2446.10	3367.29	4567.30	4856.94	3893.07	4096.43	2398.21
Fm_Lss1	5832.30	6510.30	5994.18	5341.42	5017.06	4167.40	5595.05	5382.91	6958.69	5562.39	5239.18	4758.87	4865.57	5771.15	7851.90	5351.41	4955.67	4196.44	4801.72	6558.36	6848.11	5400.70	5799.56	3815.37
Fm_Lss2	5603.41	6088.94	5416.96	4949.15	4536.98	3705.71	5290.66	5052.37	6555.20	5122.13	4272.23	4758.43	4617.60	5459.85	7434.02	4963.54	4347.26	4043.35	4596.68	6234.61	6456.22	4969.92	4936.14	3384.39
Fm_Lss3	5297.17	5701.62	4915.75	4676.70	4154.60	3390.11	5109.59	4820.83	6216.54	4821.12	3676.89	4624.12	4300.56	5185.85	7095.68	4688.81	3916.71	3858.97	4355.92	5951.66	6131.53	4625.68	4320.70	3199.09
Fm_Lss4	4993.25	5432.74	4606.61	4443.41	3823.11	3279.87	4902.91	4633.69	5929.77	4549.63	3276.04	4627.31	4072.50	5025.34	6811.18	4511.79	3536.62	3867.02	3917.54	5735.15	5796.79	4387.74	3883.53	3097.26
Fm_Lss5	4627.66	5169.74	4328.38	4195.72	3437.25	3229.36	4678.99	4421.45	5602.15	4305.88	3051.84	4625.85	3776.07	4868.39	6347.96	4306.31	3219.22	3872.34	3762.57	5426.78	5414.85	4093.96	3528.63	3093.69
Fm_Lss6	4041.53	4589.01	3783.83	3803.48	2930.77	3077.16	4202.94	3988.47	4910.14	3944.12	2771.96	4241.56	3267.58	4463.70	5349.07	3931.76	2720.92	3586.06	3240.52	4774.58	4678.09	3485.80	3078.09	2837.80
Fm_Lss7	3824.27	4318.38	3657.10	3692.38	2742.89	3173.63	4042.26	3924.75	4659.94	3746.33	2728.85	4377.37	3231.43	4451.65	4973.33	3849.94	2553.42	3705.63	3215.87	4523.86	4530.43	3413.27	2913.85	3039.88
Fm_Lss8	3495.11	3951.11	3371.56	3473.90	2493.40	3185.18	3779.99	3693.45	4291.39	3501.09	2671.98	4295.48	3007.84	4183.29	4439.75	3643.01	2357.87	3689.64	3046.61	4174.47	4136.36	3201.50	2695.86	3045.75
Fm_Lss9	3194.31	3620.08	3158.42	3274.00	2306.45	3181.16	3490.28	3378.04	3954.38	3257.53	2645.67	4205.97	2795.97	3878.40	4064.99	3444.42	2232.76	3662.30	2776.36	3778.82	3775.90	2961.31	2562.83	3048.73
Fm_Lss10	2733.53	3117.03	2723.24	2900.27	2002.09	3057.75	3060.62	2934.67	3406.68	2906.84	2466.43	3789.02	2376.93	3343.98	3407.03	3114.23	1943.24	3318.35	2346.11	3335.48	3205.30	2478.52	2335.16	2789.82
Fm_Lss11	2668.55	3014.02	2696.69	2833.99	2031.17	3243.49	2915.47	2862.33	3358.96	2778.06	2601.59	3921.30	2342.84	3181.03	3392.63	3016.29	1995.91	3514.45	2313.06	3261.29	3227.89	2528.00	2345.80	2988.36
Fm_Lss12	2454.68	2730.14	2526.97	2591.07	1878.35	3199.88	2649.92	2627.96	3080.59	2533.73	2541.94	3712.53	2113.32	2891.56	3084.88	2753.43	1881.55	3338.72	2083.92	2983.72	2956.24	2305.66	2248.52	2849.92
Fm_Lss13	2334.42	2584.35	2394.36	2441.64	1842.55	3250.34	2468.76	2481.09	2943.64	2434.34	2619.27	3560.88	2005.38	2689.94	2982.02	2646.79	1865.21	3324.42	1976.24	2868.87	2810.51	2221.87	2234.42	2815.88
Fm_Lss14	2214.82	2445.25	2308.77	2278.37	1783.83	3270.43	2335.48	2340.39	2814.06	2336.58	2720.72	3495.79	1912.05	2537.65	2854.44	2448.37	1837.19	3269.02	1890.80	2731.11	2711.84	2150.34	2221.35	2771.73
Fm_Lss15	2075.55	2272.17	2156.46	2141.90	1720.32	3239.27	2162.68	2201.24	2662.72	2210.61	2739.03	3146.99	1754.38	2311.39	2664.02	2282.74	1787.95	3103.60	1725.09	2570.48	2535.13	2011.79	2191.25	2668.03
Ft_Lss1	2260.88	2746.05	2681.18	2774.28	2572.83	2489.75	2149.22	2159.26	2846.72	2584.88	2878.14	2737.95	2116.32	2682.35	3620.85	2794.05	2826.04	2585.57	1945.57	2703.60	2750.36	2430.63	2943.96	2272.96
Ft_Lss2	2463.13	2939.66	2775.45	2943.34	2760.01	2775.50	2311.38	2359.64	3016.25	2825.36	2975.35	3698.70	2271.39	2901.97	3838.28	2990.00	2940.78	3158.42	2137.55	2976.88	3060.15	2652.62	3179.52	2566.52
Ft_Lss3	2650.89	3027.24	2808.18	2957.26	2768.64	2823.58	2450.56	2441.85	3111.22	2865.42	2841.30	4067.92	2350.25	2956.54	3982.73	3014.39	2862.69	3428.34	2268.94	3133.20	3196.67	2696.60	3104.66	2719.86
Ft_Lss4	2722.70	3018.53	2729.15	2842.37	2667.96	2830.20	2527.78	2478.12	3115.13	2793.24	2657.78	4231.20	2339.97	2940.66	3974.45	2938.31	2690.86	3524.06	2118.07	3184.55	3193.16	2602.69	2898.39	2765.73
Ft_Lss5	2699.32	2983.53	2673.37	2734.54	2502.01	2869.22	2530.81	2464.29	3069.28	2703.55	2524.06	4258.96	2286.34	2907.90	3893.48	2857.74	2498.59	3555.55	2112.51	3151.12	3114.47	2502.40	2719.28	2803.60
Ft_Lss6	2630.34	2914.44	2597.01	2642.88	2334.19	2895.26	2521.97	2457.55	3023.10	2610.58	2438.39	4260.77	2237.07	2894.41	3697.74	2788.55	2318.32	3587.86	2103.63	3100.78	3060.22	2434.03	2556.36	2803.36
Ft_Lss7	2588.37	2872.64	2549.61	2597.17	2216.08	2969.66	2495.02	2438.19	2938.64	2546.98	2410.70	4295.63	2203.57	2880.84	3517.75	2757.94	2201.94	3655.01	2104.58	3004.43	2938.10	2385.67	2452.57	2928.54
Ft_Lss8	2433.95	2687.46	2401.41	2467.04	2039.27	2994.47	2410.31	2370.27	2802.95	2450.07	2368.43	4177.83	2103.25	2772.38	3237.50	2653.62	2049.36	3612.15	2006.64	2842.36	2783.10	2253.85	2306.45	2895.37
Ft_Lss9	2309.01	2528.60	2288.78	2361.71	1916.59	3071.97	2314.71	2262.86	2669.78	2348.46	2347.84	4064.29	2011.83	2637.98	3025.16	2552.32	1944.90	3535.39	1903.50	2717.11	2640.23	2154.18	2215.35	2926.32
Ft_Lss10	2208.15	2410.67	2230.22	2270.66	1836.02	3095.59	2224.25	2163.45	2561.35	2268.47	2361.92	3982.72	1907.50	2525.86	2867.75	2460.30	1884.47	3530.78	1847.10	2594.81	2525.75	2077.09	2180.34	2923.42
Ft_Lss11	2064.12	2258.80	2093.24	2158.76	1743.91	3115.71	2096.68	2076.48	2459.25	2138.83	2347.61	3811.22	1807.76	2345.43	2708.02	2350.74	1796.97	3427.93	1734.35	2465.98	2397.09	1958.41	2092.38	2852.90
Ft_Lss12	2018.45	2170.04	2053.21	2070.09	1732.00	3189.30	2010.37	2006.49	2392.48	2080.30	2424.40	3726.15	1758.27	2254.76	2618.74	2250.23	1783.84	3415.11	1677.88	2401.82	2342.49	1930.92	2097.77	2861.91
Ft_Lss13	1936.13	2077.01	1978.92	1988.63	1679.42	3213.15	1920.92	1918.13	2316.68	2004.24	2481.80	3571.37	1672.65	2128.11	2514.82	2165.13	1762.64	3305.22	1609.44	2327.34	2269.79	1882.47	2068.98	2785.67
Ft_Lss14	1860.88	1989.46	1918.48	1889.18	1633.81	3262.43	1830.23	1856.20	2259.35	1949.67	2594.28	3380.10	1601.60	2022.27	2416.42	2063.79	1734.80	3216.28	1550.66	2249.25	2235.15	1830.29	2074.65	2738.00
Ft_Lss15	1770.19	1916.13	1840.14	1815.42	1606.62	3172.04	1768.04	1793.50	2196.50	1872.04	2678.88	3224.92	1524.13	1931.58	2302.74	1957.09	1715.61	3064.57	1475.70	2181.38	2158.46	1795.02	2062.01	2658.31
Fo_Lss1	1945.40	2334.35	2207.74	2212.22	2073.75	1969.22	1806.68	1806.21	2327.76	2030.98	2166.59	1888.36	1775.41	2206.51	3089.68	2228.10	2236.60	1934.69	1600.92	2208.53	2227.53	1905.74	2208.85	1701.81
Fo_Lss2	1919.25	2277.83	2124.37	2141.91	1986.85	1859.73	1773.73	1767.41	2280.80	1969.18	1981.16	1888.30	1741.29	2159.43	3022.82	2157.89	2103.73	1901.49	1577.46	2170.58	2184.41	1849.18	2070.89	1610.34
Fo_Lss3	1881.98	2221.38	2042.69	2089.23	1909.87	1776.72	1752.90	1738.20	2238.37	1923.02	1842.79	1866.78	1694.19	2115.23	2965.32	2104.29	1997.47	1859.71	1548.09	2135.23	2145.96	1799.36	1954.12	1567.15
Fo_Lss4	1842.15	2179.36	1987.27	2041.35	1836.66	1745.97	1727.91	1713.26	2200.06	1878.31	1736.31	1867.30	1657.62	2088.03	2914.45	2067.88	1893.68	1861.57	1488.88	2106.70	2103.45	1762.18	1859.45	1542.31
Fo_Lss5	1789.98	2135.77	1933.65	1987.45	1742.68	1731.55	1699.25	1683.38	2153.34	1835.42	1671.24	1867.06	1606.30	2060.43	2826.20	2023.62	1798.72	1862.81	1465.94	2063.63	2050.95	1712.82	1774.02	1541.43
Fo_Lss6	1694.90	2029.66	1816.84	1894.89	1602.29	1686.82	1632.12	1616.57	2042.69	1766.36	1583.68	1801.19	1506.57	1984.29	2609.27	1936.91	1631.75	1793.91	1379.36	1961.73	1935.50	1596.30	1652.42	1475.15
Fo_Lss7	1655.46	1974.92	1787.10	1866.90	1544.45	1715.40	1607.31	1606.00	1998.05	1725.56	1569.51	1825.24	1498.83	1981.91	2516.53	1916.85	1569.98	1823.34	1374.87	1918.05	1909.74	1580.92	1603.89	1527.95
Fo_Lss8	1590.61	1894.39	1716.08	1809.37	1462.08	1718.77	1564.15	1565.87	1927.09	1671.62	1550.53	1810.85	1448.88	1926.87	2372.26	1864.13	1493.81	1819.47	1342.97	1852.32	1836.01	1533.92	1535.54	1529.43
Fo_Lss9	1525.25	1814.82	1659.10	1753.60	1395.74	1717.59	1512.21	1506.25	1856.06	1614.01	1541.64	1794.75	1397.85	1859.54	2260.89	1810.71	1442.60	1812.79	1287.72	1770.08	1761.37	1476.54	1491.45	1530.18
Fo_Lss10	1411.63	1678.98	1530.61	1640.38	1278.16	1680.96	1425.51	1411.18	1725.83	1522.97	1479.01	1714.25	1284.63	1727.19	2041.60	1715.11	1315.93	1724.32	1186.77	1666.33	1626.32	1345.83	1411.37	1462.08
Fo_Lss11	1394.10	1648.63	1522.19	1618.97	1289.94	1735.60	1393.20	1394.24	1713.49	1486.86	1526.56	1740.82	1274.60	1682.67	2036.42	1684.98	1339.87	1775.81	1178.26	1647.61	1632.12	1360.29	1415.25	1514.82
Fo_Lss12	1333.41	1559.91	1466.59	1536.67	1226.57	1723.04	1329.54	1336.19	1637.99	1413.89	1505.83	1698.42	1203.50	1598.05	1921.37	1599.67	1287.34	1729.81	1115.76	1573.65	1559.65	1293.18	1379.25	1478.42
Fo_Lss13	1297.11	1511.20	1420.91	1482.85	1211.20	1737.56	1282.32	1297.15	1598.45	1382.39	1532.63	1665.96	1167.70	1534.48	1880.96	1563.08	1279.67	1725.96	1084.13	1541.11	1518.12	1266.40	1373.93	1469.21
Fo_Lss14	1259.32	1462.55	1390.33	1421.00	1185.55	1743.29	1245.41	1257.62	1559.45	1350.31	1566.82	1651.57	1135.43	1483.69	1829.38	1491.69	1266.42	1710.91	1057.91	1500.46	1488.86	1242.84	1368.98	1457.10
Fo_Lss15	1213.04	1398.82	1333.61	1366.69	1157.16	1734.40	1194.51	1216.30	1511.83	1307.26	1572.87	1569.39	1077.90	1403.37	1749.25	1428.54	1242.83	1664.48	1003.95	1450.65	1433.98	1195.26	1357.49	1427.92
Fv_Lss1	3886.90	4175.95	3786.44	3129.20	2943.32	2198.19	3788.37	3576.70	4630.93	3531.42	3072.59	2870.50	3090.17	3564.64	4762.22	3123.31	2719.06	2261.76	3200.81	4349.83	4620.57	3494.96	3590.71	2113.56
Fv_Lss2	3684.16	3811.11	3292.59	2807.24	2550.14	1845.98	3516.93	3284.96	4274.40	3152.95	2291.08	2870.13	2876.31	3300.41	4411.21	2805.64	2243.54	2141.85	3019.22	4064.04	4271.81	3120.74	2865.25	1774.04
Fv_Lss3	3415.19	3480.24	2873.07	2587.47	2244.73	1613.39	3356.69	3082.62	3978.16	2898.11	1834.09	2757.34	2606.37	3070.62	4130.36	2584.52	1919.24	1999.26	2807.83	3816.42	3985.57	2826.33	2366.59	1631.94
Fv_Lss4	3151.11	3253.38	2619.34	2402.05	1986.45	1533.90	3175.00	2920.43	3729.70	2671.32	1539.72	2760.01	2414.88	2937.31	3896.73	2443.92	1642.94	2005.45	2428.66	3628.45	3693.34	2625.55	2024.08	1554.94
Fv_Lss5	2837.68	3033.96	2394.73	2208.27	1694.57	1497.81	2979.74	2738.07	3448.81	2470.47	1380.60	2758.79	2169.77	2807.96	3521.76	2282.69	1420.50	2009.53	2296.64	3363.15	3363.90	2381.13	1754.62	1552.26
Fv_Lss6	2346.63	2559.35	1966.99	1908.60	1328.48	1390.35	2570.82	2371.91	2867.46	2177.77	1188.28	2440.37	1761.02	2479.41	2739.80	1994.84	1089.17	1792.14	1861.16	2812.86	2742.59	1889.50	1425.67	1362.65
Fv_Lss7	2168.81	2343.46	1869.99	1825.48	1198.43	1458.23	2434.95	2318.75	2661.88	2020.78	1159.34	2552.12	1732.59	2469.75	2456.80	1933.10	983.43	1882.28	1840.99	2605.81	2620.69	1832.36	1309.96	1511.93
Fv_Lss8	1904.50	2056.72	1655.47	1664.53	1031.32	1466.41	2215.83	2127.58	2364.30	1829.46	1121.45	2484.63	1558.96	2256.42	2067.49	1778.88	864.06	1870.18	1703.64	2322.15	2300.35	1667.58	1160.32	1516.32
Fv_Lss9	1669.06	1805.26	1499.33	1520.40	910.71	1463.56	1978.07	1871.80	2098.32	1643.52	1104.04	2411.23	1398.12	2018.86	1804.10	1633.72	790.16	1849.51	1488.64	2008.74	2014.52	1484.77	1071.39	1518.54
Fv_Lss10	1321.90	1438.05	1192.63	1259.89	723.94	1376.78	1635.11	1523.49	1680.86	1383.87	987.43	2074.77	1092.30	1616.78	1365.43	1399.12	627.32	1594.02	1159.34	1669.14	1578.98	1132.69	923.79	1327.74
Fv_Lss11	1274.45	1365.39	1174.50	1215.02	741.22	1507.89	1522.27	1468.09	1645.47	1291.20	1075.02	2180.48	1068.23	1498.36	1356.21	1331.31	656.04	1738.63	1134.80	1613.68	1595.77	1167.72	930.55	1473.54
Fv_Lss12	1121.27	1170.23	1060.38	1054.41	651.78	1476.84	1320.39	1291.77	1442.60	1119.84	1036.11	2014.11	909.83	1293.51	1163.51	1153.76	594.21	1608.91	968.16	1410.07	1396.59	1012.48	869.27	1371.50
Fv_Lss13	1037.31	1073.15	973.44	958.80	631.35	1512.77	1186.43	1183.94	1345.19	1051.95	1086.64	1894.92	837.68	1155.45	1101.06	1083.71	585.54	1598.46	892.10	1327.76	1292.38	955.47	860.49	1346.67
Fv_Lss14	955.50	982.70	918.44	857.37	598.28	1527.14	1090.08	1082.77	1254.60	986.27	1153.90	1844.21	776.62	1053.96	1025.05	956.68	570.77	1558.11	832.89	1230.65	1222.98	907.51	852.37	1314.63
Fv_Lss15	862.51	873.35	822.85	775.21	563.17	1504.88	968.17	984.94	1150.88	903.35	1166.15	1577.59	676.48	908.02	914.77	854.20	545.12	1439.12	721.13	1119.83	1101.14	816.54	833.77	1240.11
Fq_Lss1	3571.41	3764.24	3313.00	2567.14	2444.24	1677.65	3445.83	3223.65	4111.97	2977.51	2361.04	2020.91	2749.25	3088.80	4231.04	2557.36	2129.63	1610.87	2856.16	3854.76	4097.75	2970.08	2855.61	1542.41
Fq_Lss2	3140.28	3149.29	2641.51	2005.81	1776.97	930.22	2979.28	2692.73	3538.95	2296.76	1296.88	1059.72	2346.21	2557.88	3595.75	1973.54	1406.48	884.93	2459.13	3257.73	3396.07	2317.29	1756.63	817.87
Fq_Lss3	2646.28	2674.39	2107.57	1719.44	1385.95	566.53	2659.03	2378.97	3105.31	1955.70	835.58	556.20	1950.31	2229.32	3112.95	1674.42	1054.03	430.63	2086.98	2818.46	2934.85	1929.08	1216.04	479.23
Fq_Lss4	2270.56	2414.21	1877.45	1601.04	1155.15	449.67	2375.14	2155.57	2814.64	1756.40	618.25	396.11	1732.53	2084.68	2836.73	1573.48	845.76	342.96	1799.48	2550.60	2603.62	1785.05	985.14	331.52
Fq_Lss5	1928.34	2186.20	1655.01	1461.18	935.24	360.14	2148.18	1957.16	2532.87	1602.33	527.78	366.89	1489.73	1960.48	2454.49	1448.56	720.63	316.79	1650.06	2275.66	2300.39	1591.56	809.36	290.09
Fq_Lss6	1411.19	1674.56	1186.83	1160.60	596.57	181.90	1680.96	1530.92	1887.04	1333.54	333.56	-19.21	1030.52	1569.29	1651.34	1143.21	402.60	-1.80	1136.89	1673.81	1617.87	1051.77	521.73	34.44
Fq_Lss7	1235.90	1445.74	1107.49	1095.21	526.81	203.97	1547.23	1486.56	1721.29	1199.35	318.15	81.74	1027.86	1570.81	1455.58	1092.00	351.48	50.61	1111.29	1519.43	1592.34	1027.61	461.29	111.34
Fq_Lss8	1061.16	1263.66	970.15	1006.86	454.13	190.71	1369.67	1323.19	1488.44	1051.02	303.55	117.65	904.58	1410.91	1202.25	989.39	308.51	77.49	1039.97	1332.12	1353.25	947.64	389.41	150.38
Fq_Lss9	885.30	1091.48	869.65	912.29	389.86	109.19	1175.57	1115.19	1284.60	909.07	297.84	141.68	784.14	1240.42	1039.84	892.10	287.86	126.91	872.86	1061.71	1135.67	807.13	347.48	122.41
Fq_Lss10	525.38	706.36	493.02	629.61	166.07	-37.84	836.37	771.22	845.33	638.37	104.51	-193.70	469.42	818.11	539.28	653.93	58.78	-212.44	499.01	740.67	679.56	401.43	154.82	-133.60
Fq_Lss11	604.44	755.22	603.45	675.23	287.25	127.79	818.79	785.85	899.72	639.24	253.98	110.08	535.08	835.60	684.61	665.55	198.94	86.51	578.72	795.31	830.80	569.59	253.42	135.46
Fq_Lss12	436.23	560.10	473.75	520.98	146.34	10.58	639.55	621.47	688.11	453.43	117.54	-13.62	355.06	636.79	466.15	503.20	97.71	-76.40	406.04	581.90	613.75	374.75	150.75	-11.99
Fq_Lss13	398.29	507.34	415.44	453.01	163.14	37.18	547.84	562.96	626.96	430.10	137.47	-10.50	332.74	561.83	467.20	481.65	102.57	19.20	366.79	541.53	540.71	339.40	165.44	30.21
Fq_Lss14	353.94	455.78	390.28	389.19	150.01	8.00	505.26	484.19	554.71	386.90	126.44	115.69	310.45	515.38	438.02	384.58	102.39	52.74	340.13	481.85	476.69	320.05	146.70	33.73
Fq_Lss15	305.36	356.04	316.31	326.48	113.71	67.23	394.64	407.74	466.22	338.57	60.15	-77.93	230.25	379.82	361.28	325.65	72.34	39.03	249.39	389.10	376.67	216.78	129.25	9.72
QY_max	0.67	0.65	0.65	0.61	0.61	0.56	0.68	0.67	0.68	0.65	0.63	0.61	0.64	0.63	0.62	0.60	0.57	0.55	0.68	0.67	0.68	0.67	0.64	0.58
Fv/Fm_Lss1	0.67	0.64	0.63	0.59	0.59	0.53	0.68	0.66	0.67	0.63	0.59	0.60	0.64	0.62	0.61	0.58	0.55	0.54	0.67	0.66	0.67	0.65	0.62	0.55
Fv/Fm_Lss2	0.66	0.63	0.61	0.57	0.56	0.50	0.66	0.65	0.65	0.62	0.54	0.60	0.62	0.60	0.59	0.57	0.52	0.53	0.66	0.65	0.66	0.63	0.58	0.52
Fv/Fm_Lss3	0.64	0.61	0.58	0.55	0.54	0.48	0.66	0.64	0.64	0.60	0.50	0.60	0.61	0.59	0.58	0.55	0.49	0.52	0.64	0.64	0.65	0.61	0.55	0.51
Fv/Fm_Lss4	0.63	0.60	0.57	0.54	0.52	0.47	0.65	0.63	0.63	0.59	0.47	0.60	0.59	0.58	0.57	0.54	0.46	0.52	0.62	0.63	0.64	0.60	0.52	0.50
Fv/Fm_Lss5	0.61	0.59	0.55	0.53	0.49	0.46	0.64	0.62	0.62	0.57	0.45	0.60	0.57	0.58	0.55	0.53	0.44	0.52	0.61	0.62	0.62	0.58	0.50	0.50
Fv/Fm_Lss6	0.58	0.56	0.52	0.50	0.45	0.45	0.61	0.59	0.58	0.55	0.43	0.58	0.54	0.56	0.51	0.51	0.40	0.50	0.57	0.59	0.59	0.54	0.46	0.48
Fv/Fm_Lss7	0.57	0.54	0.51	0.49	0.44	0.46	0.60	0.59	0.57	0.54	0.42	0.58	0.54	0.55	0.49	0.50	0.39	0.51	0.57	0.58	0.58	0.54	0.45	0.50
Fv/Fm_Lss8	0.54	0.52	0.49	0.48	0.41	0.46	0.59	0.58	0.55	0.52	0.42	0.58	0.52	0.54	0.47	0.49	0.37	0.51	0.56	0.56	0.56	0.52	0.43	0.50
Fv/Fm_Lss9	0.52	0.50	0.47	0.46	0.39	0.46	0.57	0.55	0.53	0.50	0.42	0.57	0.50	0.52	0.44	0.47	0.35	0.51	0.54	0.53	0.53	0.50	0.42	0.50
Fv/Fm_Lss10	0.48	0.46	0.44	0.43	0.36	0.45	0.53	0.52	0.49	0.48	0.40	0.55	0.46	0.48	0.40	0.45	0.32	0.48	0.49	0.50	0.49	0.46	0.40	0.48
Fv/Fm_Lss11	0.48	0.45	0.44	0.43	0.36	0.46	0.52	0.51	0.49	0.46	0.41	0.56	0.46	0.47	0.40	0.44	0.33	0.49	0.49	0.49	0.49	0.46	0.40	0.49
Fv/Fm_Lss12	0.46	0.43	0.42	0.41	0.35	0.46	0.50	0.49	0.47	0.44	0.41	0.54	0.43	0.45	0.38	0.42	0.32	0.48	0.46	0.47	0.47	0.44	0.39	0.48
Fv/Fm_Lss13	0.44	0.42	0.41	0.39	0.34	0.47	0.48	0.48	0.46	0.43	0.41	0.53	0.42	0.43	0.37	0.41	0.31	0.48	0.45	0.46	0.46	0.43	0.39	0.48
Fv/Fm_Lss14	0.43	0.40	0.40	0.38	0.34	0.47	0.47	0.46	0.45	0.42	0.42	0.53	0.41	0.42	0.36	0.39	0.31	0.48	0.44	0.45	0.45	0.42	0.38	0.47
Fv/Fm_Lss15	0.42	0.38	0.38	0.36	0.33	0.46	0.45	0.45	0.43	0.41	0.43	0.50	0.39	0.39	0.34	0.37	0.30	0.46	0.42	0.44	0.43	0.41	0.38	0.46
QY_Lss1	0.61	0.58	0.55	0.48	0.49	0.40	0.62	0.60	0.59	0.54	0.45	0.42	0.57	0.54	0.54	0.48	0.43	0.38	0.59	0.59	0.60	0.55	0.49	0.40
QY_Lss2	0.56	0.52	0.49	0.41	0.39	0.25	0.56	0.53	0.54	0.45	0.30	0.22	0.51	0.47	0.48	0.40	0.32	0.22	0.53	0.52	0.53	0.47	0.36	0.24
QY_Lss3	0.50	0.47	0.43	0.37	0.33	0.17	0.52	0.49	0.50	0.41	0.23	0.12	0.45	0.43	0.44	0.36	0.27	0.11	0.48	0.47	0.48	0.42	0.28	0.15
QY_Lss4	0.45	0.44	0.41	0.36	0.30	0.14	0.48	0.47	0.47	0.39	0.19	0.09	0.43	0.41	0.42	0.35	0.24	0.09	0.46	0.44	0.45	0.41	0.25	0.11
QY_Lss5	0.42	0.42	0.38	0.35	0.27	0.11	0.46	0.44	0.45	0.37	0.17	0.08	0.39	0.40	0.39	0.34	0.22	0.08	0.44	0.42	0.42	0.39	0.23	0.09
QY_Lss6	0.35	0.36	0.31	0.31	0.20	0.06	0.40	0.38	0.38	0.34	0.12	-0.00	0.32	0.35	0.31	0.29	0.15	-0.00	0.35	0.35	0.35	0.30	0.17	0.01
QY_Lss7	0.32	0.33	0.30	0.30	0.19	0.06	0.38	0.38	0.37	0.32	0.12	0.02	0.32	0.35	0.29	0.28	0.14	0.01	0.35	0.34	0.35	0.30	0.16	0.04
QY_Lss8	0.30	0.32	0.29	0.29	0.18	0.06	0.36	0.36	0.35	0.30	0.11	0.03	0.30	0.34	0.27	0.27	0.13	0.02	0.34	0.32	0.33	0.30	0.14	0.05
QY_Lss9	0.28	0.30	0.28	0.28	0.17	0.03	0.34	0.33	0.32	0.28	0.11	0.03	0.28	0.32	0.26	0.26	0.13	0.03	0.31	0.28	0.30	0.27	0.14	0.04
QY_Lss10	0.19	0.23	0.18	0.22	0.08	-0.01	0.27	0.26	0.25	0.22	0.04	-0.05	0.20	0.24	0.16	0.21	0.03	-0.06	0.21	0.22	0.21	0.16	0.07	-0.05
QY_Lss11	0.23	0.25	0.22	0.24	0.14	0.04	0.28	0.27	0.27	0.23	0.10	0.03	0.23	0.26	0.20	0.22	0.10	0.02	0.25	0.24	0.26	0.23	0.11	0.05
QY_Lss12	0.18	0.21	0.19	0.20	0.08	0.00	0.24	0.24	0.22	0.18	0.05	-0.00	0.17	0.22	0.15	0.18	0.05	-0.02	0.19	0.20	0.21	0.16	0.07	-0.00
QY_Lss13	0.17	0.20	0.17	0.19	0.09	0.01	0.22	0.23	0.21	0.18	0.05	-0.00	0.17	0.21	0.16	0.18	0.05	0.01	0.19	0.19	0.19	0.15	0.07	0.01
QY_Lss14	0.16	0.19	0.17	0.17	0.08	0.00	0.22	0.21	0.20	0.17	0.05	0.03	0.16	0.20	0.15	0.16	0.06	0.02	0.18	0.18	0.18	0.15	0.07	0.01
QY_Lss15	0.15	0.16	0.15	0.15	0.07	0.02	0.18	0.19	0.18	0.15	0.02	-0.02	0.13	0.16	0.14	0.14	0.04	0.01	0.14	0.15	0.15	0.11	0.06	0.00
NPQ_Lss1	0.03	0.04	0.06	0.09	0.09	0.15	0.03	0.04	0.04	0.07	0.19	0.03	0.03	0.05	0.04	0.09	0.11	0.06	0.04	0.04	0.04	0.08	0.10	0.09
NPQ_Lss2	0.07	0.11	0.18	0.17	0.21	0.29	0.09	0.11	0.11	0.17	0.46	0.03	0.09	0.11	0.10	0.18	0.26	0.10	0.09	0.09	0.10	0.18	0.29	0.23
NPQ_Lss3	0.13	0.18	0.29	0.24	0.32	0.41	0.12	0.16	0.17	0.24	0.70	0.06	0.17	0.17	0.15	0.25	0.40	0.15	0.15	0.14	0.16	0.27	0.48	0.30
NPQ_Lss4	0.20	0.24	0.38	0.31	0.44	0.46	0.17	0.21	0.23	0.31	0.91	0.06	0.24	0.21	0.20	0.29	0.55	0.15	0.27	0.19	0.23	0.33	0.64	0.35
NPQ_Lss5	0.30	0.31	0.47	0.38	0.60	0.48	0.23	0.27	0.30	0.39	1.05	0.06	0.33	0.25	0.29	0.36	0.71	0.14	0.33	0.25	0.31	0.43	0.81	0.35
NPQ_Lss6	0.49	0.47	0.68	0.52	0.87	0.56	0.37	0.41	0.48	0.52	1.25	0.16	0.54	0.36	0.53	0.49	1.02	0.23	0.54	0.42	0.52	0.68	1.07	0.47
NPQ_Lss7	0.57	0.56	0.74	0.57	1.00	0.51	0.42	0.43	0.56	0.60	1.29	0.12	0.56	0.36	0.64	0.52	1.15	0.20	0.55	0.50	0.57	0.71	1.19	0.37
NPQ_Lss8	0.72	0.71	0.89	0.67	1.20	0.50	0.52	0.52	0.69	0.71	1.34	0.14	0.67	0.45	0.84	0.60	1.33	0.20	0.64	0.63	0.72	0.83	1.37	0.37
NPQ_Lss9	0.88	0.86	1.02	0.77	1.38	0.51	0.65	0.66	0.84	0.83	1.36	0.17	0.80	0.56	1.01	0.70	1.46	0.21	0.80	0.80	0.88	0.98	1.49	0.37
NPQ_Lss10	1.20	1.17	1.34	1.00	1.74	0.57	0.88	0.91	1.13	1.06	1.53	0.30	1.12	0.81	1.40	0.88	1.83	0.33	1.13	1.04	1.22	1.36	1.73	0.49
NPQ_Lss11	1.25	1.24	1.36	1.05	1.70	0.48	0.97	0.96	1.16	1.15	1.40	0.25	1.15	0.91	1.41	0.94	1.75	0.26	1.16	1.09	1.20	1.31	1.72	0.39
NPQ_Lss12	1.45	1.47	1.52	1.24	1.92	0.50	1.17	1.13	1.36	1.36	1.46	0.32	1.38	1.10	1.65	1.12	1.92	0.33	1.39	1.28	1.41	1.54	1.84	0.46
NPQ_Lss13	1.57	1.61	1.66	1.38	1.98	0.47	1.33	1.26	1.47	1.45	1.38	0.38	1.51	1.25	1.74	1.21	1.95	0.33	1.52	1.37	1.53	1.63	1.86	0.48
NPQ_Lss14	1.71	1.76	1.76	1.55	2.08	0.47	1.46	1.40	1.58	1.56	1.30	0.40	1.63	1.39	1.86	1.39	1.99	0.35	1.64	1.49	1.62	1.72	1.87	0.50
NPQ_Lss15	1.89	1.97	1.95	1.71	2.19	0.48	1.66	1.55	1.73	1.70	1.28	0.56	1.87	1.62	2.07	1.56	2.07	0.43	1.89	1.65	1.81	1.91	1.91	0.56
qN_Lss1	0.04	0.05	0.09	0.13	0.14	0.22	0.04	0.06	0.06	0.10	0.25	0.05	0.05	0.08	0.06	0.14	0.17	0.09	0.06	0.05	0.05	0.11	0.14	0.14
qN_Lss2	0.10	0.15	0.22	0.23	0.27	0.37	0.11	0.14	0.14	0.21	0.46	0.05	0.13	0.15	0.14	0.24	0.34	0.15	0.11	0.12	0.13	0.22	0.34	0.31
qN_Lss3	0.17	0.23	0.34	0.30	0.37	0.47	0.16	0.20	0.21	0.28	0.58	0.09	0.22	0.22	0.21	0.31	0.45	0.22	0.18	0.18	0.20	0.30	0.47	0.37
qN_Lss4	0.24	0.29	0.40	0.36	0.46	0.50	0.21	0.25	0.26	0.35	0.66	0.09	0.29	0.26	0.26	0.35	0.54	0.22	0.31	0.23	0.26	0.36	0.55	0.41
qN_Lss5	0.33	0.34	0.46	0.42	0.55	0.51	0.26	0.30	0.33	0.40	0.70	0.09	0.37	0.30	0.34	0.40	0.62	0.22	0.35	0.29	0.34	0.42	0.62	0.41
qN_Lss6	0.46	0.46	0.57	0.51	0.66	0.55	0.37	0.41	0.45	0.48	0.75	0.21	0.50	0.39	0.51	0.49	0.72	0.32	0.48	0.42	0.47	0.56	0.70	0.49
qN_Lss7	0.50	0.51	0.59	0.54	0.70	0.53	0.41	0.42	0.50	0.52	0.75	0.17	0.51	0.39	0.57	0.51	0.75	0.28	0.49	0.47	0.50	0.57	0.73	0.43
qN_Lss8	0.57	0.58	0.64	0.58	0.74	0.52	0.47	0.47	0.56	0.57	0.76	0.20	0.57	0.45	0.64	0.55	0.78	0.28	0.53	0.53	0.56	0.61	0.76	0.42
qN_Lss9	0.63	0.63	0.68	0.62	0.78	0.52	0.53	0.54	0.61	0.62	0.77	0.23	0.62	0.52	0.69	0.59	0.80	0.29	0.60	0.60	0.62	0.66	0.78	0.42
qN_Lss10	0.71	0.72	0.75	0.70	0.83	0.56	0.62	0.64	0.70	0.69	0.79	0.35	0.71	0.63	0.78	0.66	0.85	0.41	0.70	0.68	0.71	0.75	0.81	0.51
qN_Lss11	0.72	0.73	0.76	0.71	0.82	0.51	0.65	0.65	0.70	0.71	0.77	0.31	0.72	0.66	0.78	0.68	0.84	0.34	0.70	0.69	0.71	0.74	0.81	0.44
qN_Lss12	0.76	0.77	0.78	0.75	0.85	0.52	0.70	0.70	0.74	0.75	0.78	0.37	0.76	0.71	0.81	0.73	0.86	0.40	0.75	0.73	0.75	0.78	0.83	0.49
qN_Lss13	0.78	0.80	0.80	0.78	0.85	0.50	0.73	0.73	0.76	0.77	0.77	0.42	0.78	0.74	0.82	0.75	0.86	0.41	0.77	0.75	0.77	0.79	0.83	0.50
qN_Lss14	0.80	0.81	0.82	0.80	0.86	0.50	0.76	0.75	0.78	0.79	0.75	0.43	0.80	0.77	0.84	0.78	0.86	0.43	0.79	0.77	0.78	0.80	0.83	0.51
qN_Lss15	0.82	0.84	0.84	0.83	0.87	0.51	0.79	0.78	0.80	0.81	0.75	0.53	0.83	0.81	0.86	0.81	0.87	0.48	0.82	0.79	0.81	0.82	0.83	0.55
qP_Lss1	0.92	0.90	0.87	0.82	0.83	0.76	0.91	0.90	0.89	0.84	0.77	0.70	0.89	0.87	0.89	0.82	0.78	0.71	0.89	0.89	0.89	0.85	0.80	0.73
qP_Lss2	0.85	0.83	0.80	0.71	0.70	0.50	0.85	0.82	0.83	0.73	0.57	0.37	0.82	0.78	0.82	0.70	0.63	0.41	0.81	0.80	0.79	0.74	0.61	0.46
qP_Lss3	0.77	0.77	0.73	0.66	0.62	0.35	0.79	0.77	0.78	0.67	0.46	0.20	0.75	0.73	0.75	0.65	0.55	0.22	0.74	0.74	0.74	0.68	0.51	0.29
qP_Lss4	0.72	0.74	0.72	0.67	0.58	0.29	0.75	0.74	0.75	0.66	0.40	0.14	0.72	0.71	0.73	0.64	0.51	0.17	0.74	0.70	0.70	0.68	0.49	0.21
qP_Lss5	0.68	0.72	0.69	0.66	0.55	0.24	0.72	0.71	0.73	0.65	0.38	0.13	0.69	0.70	0.70	0.63	0.51	0.16	0.72	0.68	0.68	0.67	0.46	0.19
qP_Lss6	0.60	0.65	0.60	0.61	0.45	0.13	0.65	0.65	0.66	0.61	0.28	-0.01	0.59	0.63	0.60	0.57	0.37	-0.00	0.61	0.60	0.59	0.56	0.37	0.03
qP_Lss7	0.57	0.62	0.59	0.60	0.44	0.14	0.64	0.64	0.65	0.59	0.27	0.03	0.59	0.64	0.59	0.56	0.36	0.03	0.60	0.58	0.61	0.56	0.35	0.07
qP_Lss8	0.56	0.61	0.59	0.60	0.44	0.13	0.62	0.62	0.63	0.57	0.27	0.05	0.58	0.63	0.58	0.56	0.36	0.04	0.61	0.57	0.59	0.57	0.34	0.10
qP_Lss9	0.53	0.60	0.58	0.60	0.43	0.07	0.59	0.60	0.61	0.55	0.27	0.06	0.56	0.61	0.58	0.55	0.36	0.07	0.59	0.53	0.56	0.54	0.32	0.08
qP_Lss10	0.40	0.49	0.41	0.50	0.23	-0.03	0.51	0.51	0.50	0.46	0.11	-0.09	0.43	0.51	0.39	0.47	0.09	-0.13	0.43	0.44	0.43	0.35	0.17	-0.10
qP_Lss11	0.47	0.55	0.51	0.56	0.39	0.08	0.54	0.54	0.55	0.50	0.24	0.05	0.50	0.56	0.50	0.50	0.30	0.05	0.51	0.49	0.52	0.49	0.27	0.09
qP_Lss12	0.39	0.48	0.45	0.49	0.22	0.01	0.48	0.48	0.48	0.40	0.11	-0.01	0.39	0.49	0.40	0.44	0.16	-0.05	0.42	0.41	0.44	0.37	0.17	-0.01
qP_Lss13	0.38	0.47	0.43	0.47	0.26	0.02	0.46	0.48	0.47	0.41	0.13	-0.01	0.40	0.49	0.42	0.44	0.18	0.01	0.41	0.41	0.42	0.36	0.19	0.02
qP_Lss14	0.37	0.46	0.42	0.45	0.25	0.01	0.46	0.45	0.44	0.39	0.11	0.06	0.40	0.49	0.43	0.40	0.18	0.03	0.41	0.39	0.39	0.35	0.17	0.03
qP_Lss15	0.35	0.41	0.38	0.42	0.20	0.04	0.41	0.41	0.41	0.37	0.05	-0.05	0.34	0.42	0.39	0.38	0.13	0.03	0.35	0.35	0.34	0.27	0.16	0.01
qL_Lss1	1.07	1.06	1.06	1.03	1.03	0.96	1.08	1.08	1.09	1.07	1.02	1.02	1.06	1.05	1.04	1.03	0.99	0.95	1.08	1.08	1.10	1.08	1.06	0.97
qL_Lss2	1.09	1.07	1.05	0.98	0.97	0.75	1.10	1.09	1.09	1.05	0.85	0.72	1.06	1.04	1.04	0.97	0.88	0.69	1.10	1.10	1.11	1.07	0.94	0.73
qL_Lss3	1.09	1.05	1.01	0.94	0.90	0.56	1.11	1.08	1.08	1.01	0.70	0.44	1.04	1.01	1.01	0.93	0.79	0.40	1.09	1.08	1.10	1.02	0.82	0.51
qL_Lss4	1.06	1.03	0.98	0.93	0.84	0.48	1.09	1.07	1.07	0.98	0.61	0.33	1.01	1.00	0.99	0.91	0.73	0.32	1.05	1.06	1.07	1.00	0.76	0.38
qL_Lss5	1.02	1.01	0.96	0.91	0.79	0.40	1.07	1.05	1.05	0.96	0.58	0.30	0.98	0.99	0.96	0.90	0.70	0.30	1.04	1.03	1.04	0.98	0.71	0.34
qL_Lss6	0.93	0.94	0.86	0.85	0.65	0.22	1.01	0.98	0.97	0.91	0.43	-0.02	0.87	0.92	0.85	0.83	0.53	-0.00	0.93	0.94	0.93	0.85	0.57	0.05
qL_Lss7	0.89	0.90	0.84	0.83	0.63	0.24	0.99	0.97	0.95	0.88	0.42	0.08	0.87	0.92	0.83	0.81	0.50	0.05	0.92	0.91	0.93	0.85	0.54	0.14
qL_Lss8	0.85	0.87	0.82	0.82	0.61	0.23	0.95	0.94	0.92	0.84	0.41	0.11	0.84	0.90	0.79	0.79	0.49	0.08	0.91	0.88	0.89	0.83	0.50	0.19
qL_Lss9	0.80	0.84	0.80	0.81	0.59	0.13	0.91	0.90	0.88	0.80	0.41	0.13	0.81	0.87	0.77	0.77	0.49	0.13	0.87	0.81	0.85	0.79	0.48	0.15
qL_Lss10	0.62	0.71	0.60	0.69	0.33	-0.05	0.80	0.78	0.75	0.69	0.17	-0.22	0.64	0.74	0.55	0.67	0.13	-0.27	0.67	0.69	0.67	0.55	0.26	-0.20
qL_Lss11	0.70	0.76	0.71	0.74	0.52	0.15	0.81	0.80	0.78	0.71	0.36	0.11	0.71	0.78	0.67	0.70	0.41	0.10	0.75	0.74	0.76	0.70	0.40	0.17
qL_Lss12	0.59	0.67	0.63	0.67	0.32	0.01	0.73	0.72	0.70	0.60	0.18	-0.01	0.57	0.69	0.55	0.61	0.23	-0.09	0.63	0.63	0.66	0.55	0.26	-0.02
qL_Lss13	0.57	0.65	0.59	0.63	0.36	0.05	0.69	0.70	0.68	0.59	0.20	-0.01	0.57	0.67	0.57	0.62	0.24	0.02	0.61	0.62	0.63	0.53	0.29	0.04
qL_Lss14	0.55	0.63	0.59	0.60	0.35	0.01	0.68	0.66	0.64	0.57	0.18	0.13	0.56	0.67	0.56	0.56	0.25	0.06	0.60	0.59	0.59	0.52	0.26	0.05
qL_Lss15	0.52	0.56	0.53	0.56	0.28	0.08	0.60	0.61	0.59	0.54	0.09	-0.10	0.48	0.58	0.52	0.52	0.18	0.05	0.51	0.52	0.51	0.40	0.24	0.01
PAR1	59.15	59.15	59.15	59.15	59.15	59.15	59.15	59.15	59.15	59.15	59.15	59.15	59.15	59.15	59.15	59.15	59.15	59.15	59.15	59.15	59.15	59.15	59.15	59.15
PAR2	179.76	179.76	179.76	179.76	179.76	179.76	179.76	179.76	179.76	179.76	179.76	179.76	179.76	179.76	179.76	179.76	179.76	179.76	179.76	179.76	179.76	179.76	179.76	179.76
PAR3	300.37	300.37	300.37	300.37	300.37	300.37	300.37	300.37	300.37	300.37	300.37	300.37	300.37	300.37	300.37	300.37	300.37	300.37	300.37	300.37	300.37	300.37	300.37	300.37
PAR4	420.98	420.98	420.98	420.98	420.98	420.98	420.98	420.98	420.98	420.98	420.98	420.98	420.98	420.98	420.98	420.98	420.98	420.98	420.98	420.98	420.98	420.98	420.98	420.98
PAR5	541.59	541.59	541.59	541.59	541.59	541.59	541.59	541.59	541.59	541.59	541.59	541.59	541.59	541.59	541.59	541.59	541.59	541.59	541.59	541.59	541.59	541.59	541.59	541.59
PAR6	662.20	662.20	662.20	662.20	662.20	662.20	662.20	662.20	662.20	662.20	662.20	662.20	662.20	662.20	662.20	662.20	662.20	662.20	662.20	662.20	662.20	662.20	662.20	662.20
PAR7	782.81	782.81	782.81	782.81	782.81	782.81	782.81	782.81	782.81	782.81	782.81	782.81	782.81	782.81	782.81	782.81	782.81	782.81	782.81	782.81	782.81	782.81	782.81	782.81
PAR8	903.42	903.42	903.42	903.42	903.42	903.42	903.42	903.42	903.42	903.42	903.42	903.42	903.42	903.42	903.42	903.42	903.42	903.42	903.42	903.42	903.42	903.42	903.42	903.42
PAR9	1024.03	1024.03	1024.03	1024.03	1024.03	1024.03	1024.03	1024.03	1024.03	1024.03	1024.03	1024.03	1024.03	1024.03	1024.03	1024.03	1024.03	1024.03	1024.03	1024.03	1024.03	1024.03	1024.03	1024.03
PAR10	1144.64	1144.64	1144.64	1144.64	1144.64	1144.64	1144.64	1144.64	1144.64	1144.64	1144.64	1144.64	1144.64	1144.64	1144.64	1144.64	1144.64	1144.64	1144.64	1144.64	1144.64	1144.64	1144.64	1144.64
PAR11	1265.25	1265.25	1265.25	1265.25	1265.25	1265.25	1265.25	1265.25	1265.25	1265.25	1265.25	1265.25	1265.25	1265.25	1265.25	1265.25	1265.25	1265.25	1265.25	1265.25	1265.25	1265.25	1265.25	1265.25
PAR12	1385.86	1385.86	1385.86	1385.86	1385.86	1385.86	1385.86	1385.86	1385.86	1385.86	1385.86	1385.86	1385.86	1385.86	1385.86	1385.86	1385.86	1385.86	1385.86	1385.86	1385.86	1385.86	1385.86	1385.86
PAR13	1506.47	1506.47	1506.47	1506.47	1506.47	1506.47	1506.47	1506.47	1506.47	1506.47	1506.47	1506.47	1506.47	1506.47	1506.47	1506.47	1506.47	1506.47	1506.47	1506.47	1506.47	1506.47	1506.47	1506.47
PAR14	1627.08	1627.08	1627.08	1627.08	1627.08	1627.08	1627.08	1627.08	1627.08	1627.08	1627.08	1627.08	1627.08	1627.08	1627.08	1627.08	1627.08	1627.08	1627.08	1627.08	1627.08	1627.08	1627.08	1627.08
PAR15	1747.69	1747.69	1747.69	1747.69	1747.69	1747.69	1747.69	1747.69	1747.69	1747.69	1747.69	1747.69	1747.69	1747.69	1747.69	1747.69	1747.69	1747.69	1747.69	1747.69	1747.69	1747.69	1747.69	1747.69
ETR1	14.4875	13.6795	13.0763	11.3707	11.5262	9.5242	14.5708	14.1685	13.9803	12.6644	10.6618	10.0470	13.3682	12.6625	12.7487	11.3062	10.1670	9.0818	14.0727	13.9058	14.1569	13.0110	11.6492	9.5643
ETR2	40.2960	37.1891	35.0624	29.1410	28.1618	18.0492	40.4899	38.3216	38.8181	32.2412	21.8269	16.0131	36.5340	33.6857	34.7785	28.5891	23.2629	15.7367	38.4666	37.5709	37.8219	33.5257	25.5881	17.3760
ETR3	60.0212	56.3557	51.5115	44.1734	40.0804	20.0779	62.5243	59.2899	60.0163	48.7379	27.3038	14.4515	54.4868	51.6492	52.7097	42.9056	32.3327	13.4073	57.5640	56.8966	57.5083	50.1057	33.8147	17.9981
ETR4	76.5715	74.8296	68.6288	60.6742	50.8792	23.0864	81.5742	78.3346	79.9289	65.0077	31.7788	14.4147	71.6371	69.8542	70.1316	58.7261	40.2695	14.9343	77.3483	74.8887	75.6326	68.5058	42.7161	18.0241
ETR5	90.2715	91.6115	82.8331	75.4442	58.9443	24.1595	99.4596	95.8938	97.9459	80.6155	37.4644	17.1818	85.4664	87.2382	83.7634	72.8720	48.4940	17.7223	95.0043	90.8433	92.0327	84.2185	49.6892	20.3137
ETR6	92.4882	96.6563	83.0811	80.8258	53.9174	15.6577	105.9382	101.6699	101.7971	89.5579	31.8743	-1.1993	83.5364	93.1224	81.7719	77.0170	39.1925	-0.1331	92.9288	92.8574	91.6057	79.9217	44.8964	3.2150
ETR7	101.1930	104.8295	94.8240	92.8767	60.1394	20.1244	119.8524	118.6004	115.6617	100.2429	36.5063	5.8470	99.5985	110.4887	91.6438	88.8142	43.1012	4.2768	108.2042	105.1688	110.0551	94.2692	49.5699	11.4683
ETR8	109.7157	115.5735	103.9817	104.7372	65.8165	21.6361	130.9409	129.4603	125.3380	108.4816	41.0531	9.8974	108.6782	121.8789	97.8552	98.1422	47.2824	7.5898	123.3532	115.3160	118.2251	106.9646	52.1985	17.8422
ETR9	113.5232	123.5006	112.7830	114.1364	69.2364	14.0592	137.9622	135.2240	133.0638	114.3093	46.1119	13.7983	114.8772	131.0052	104.7795	106.0888	52.8085	14.1941	128.7783	115.0859	123.1976	111.6424	55.5372	16.4459
ETR10	87.9992	103.7561	82.8908	99.3937	37.9784	-5.6666	125.1171	120.3225	113.6117	100.5489	19.4008	-23.4065	90.4224	112.0152	72.4716	96.1406	13.8484	-29.3113	97.3839	101.6700	97.0701	74.1562	30.3556	-21.9262
ETR11	114.6330	126.8119	113.2527	120.5842	71.5737	19.9394	142.1345	138.9489	135.5612	116.4539	49.4078	14.2073	115.5871	132.9437	102.1269	111.6718	50.4449	12.4585	126.6233	123.4193	130.2607	114.0303	54.6749	22.9413
ETR12	98.5148	113.7266	103.9274	111.4608	43.1897	1.8325	133.7892	131.0940	123.8236	99.2035	25.6337	-2.0343	93.1341	122.0806	83.7648	101.3075	28.7886	-12.6846	108.0114	108.1112	115.0886	90.0988	37.1649	-2.3320
ETR13	102.8110	118.2962	104.5536	111.8007	53.3516	6.8933	133.7188	136.7274	128.3440	106.4657	31.6257	-1.7766	99.9820	125.8577	94.4089	109.6561	33.1356	3.4804	111.8415	113.7450	115.9313	92.0477	44.6165	6.4659
ETR14	104.0053	121.3118	110.0193	111.1737	54.7319	1.5912	140.7999	134.6476	128.2920	107.7682	30.2469	21.5386	105.6737	132.1804	99.8710	102.2300	36.2728	10.4997	117.0776	114.8272	114.4031	96.8679	42.9825	7.9197
ETR15	102.8489	109.5419	102.5415	106.5554	46.2056	14.5099	127.5655	129.4917	122.4025	107.0673	15.3510	-17.3124	91.7482	114.8747	94.8049	99.7273	28.2837	8.7908	101.0625	105.8211	103.8688	75.3282	41.2331	2.5470
