FluorCam7 Numeric Avg Export File
-----------------------------------
	Area 1	Area 2	Area 3	Area 4	Area 5	Area 6	Area 7	Area 8	Area 9	Area 10	Area 11	Area 12	Area 13	Area 14	Area 15	Area 16	Area 17	Area 18	Area 19	Area 20	Area 21	Area 22	Area 23	Area 24
Size [pixels]	2091	2702	2657	2362	1983	2118	2433	3258	3951	2845	3164	2419	2604	3239	3707	3600	3841	2699	1852	3105	4009	3784	2960	3212
Fo	3183.85	3358.36	3496.10	3261.60	3637.60	4097.78	3486.11	3157.25	3112.32	3295.03	3512.22	3741.33	3204.27	3236.85	3226.87	3501.06	3997.21	4720.85	3327.50	3662.23	4025.98	4113.29	4513.91	5513.40
Fm	8670.20	8990.74	9334.79	8660.57	8340.45	8973.12	9320.71	8862.15	8863.71	8828.22	8479.98	8567.07	9122.19	8781.86	9014.25	8961.62	9294.94	9419.59	9143.30	10275.80	10409.83	10084.80	9491.93	10383.85
Fv	5486.35	5632.38	5838.69	5398.97	4702.85	4875.34	5834.60	5704.90	5751.39	5533.19	4967.76	4825.73	5917.92	5545.01	5787.37	5460.56	5297.72	4698.74	5815.80	6613.57	6383.85	5971.51	4978.02	4870.45
Fm_Lss1	8619.16	8788.89	9119.27	8440.04	8064.18	8885.91	9257.68	8826.23	8761.29	8782.61	8389.92	8620.24	9060.93	8760.51	8896.22	8829.52	8997.07	9241.79	8999.28	10141.13	10365.71	10046.70	9559.56	10273.42
Fm_Lss2	8539.07	8599.51	9002.32	8148.62	6851.34	7776.95	9164.66	8675.66	8612.56	8591.70	8025.23	8515.40	8881.15	8597.80	8623.43	8420.66	8554.80	9274.88	8938.00	9964.59	10312.41	9840.80	9423.47	10336.09
Fm_Lss3	8224.74	8366.31	8590.98	7728.66	5949.64	6974.81	8938.14	8304.27	8225.34	8230.64	7565.60	8374.34	8618.40	8477.27	8206.83	7879.99	8281.90	9121.09	8725.79	9754.86	10047.41	9623.77	9078.59	10228.47
Fm_Lss4	8342.29	8366.21	8638.93	7530.26	5441.90	6425.65	8891.55	8291.25	8219.26	8167.96	7092.31	8495.30	8613.59	8249.80	8048.10	7283.86	8350.47	9409.44	8698.02	9775.99	9995.95	9464.21	9047.90	10420.85
Fm_Lss5	8351.80	8145.58	8359.37	7034.24	5124.03	6130.79	8796.32	8147.53	7963.78	7815.06	6597.63	8502.21	8379.91	7880.28	7616.54	6662.78	8317.08	9470.82	8419.52	9688.79	9615.86	8963.09	8992.11	10479.73
Fm_Lss6	8226.48	7972.55	8170.42	6569.80	4803.62	5959.88	8681.76	7855.44	7564.03	7502.88	6202.00	8435.09	7978.71	7411.68	7101.90	6159.03	8351.59	9430.32	8102.59	9270.76	9131.17	8300.22	8943.40	10586.47
Fm_Lss7	8091.87	7660.56	7846.44	6035.69	4603.73	5828.66	8494.77	7553.07	7104.94	7114.92	5842.94	8215.23	7417.93	6949.66	6640.21	5610.98	8232.87	9285.62	7618.94	8778.50	8545.43	7657.72	8990.38	10509.57
Fm_Lss8	7787.84	7405.51	7286.44	5521.48	4458.93	5709.94	7995.29	7139.07	6748.53	6514.98	5643.14	7996.24	6897.57	6552.65	6244.10	5246.22	7820.09	8831.27	7050.63	8084.04	7974.65	7039.65	8786.31	10216.57
Fm_Lss9	7392.74	6965.70	6992.32	5236.17	4460.14	5697.56	7609.40	6777.22	6265.08	6212.07	5407.50	7899.69	6543.82	6106.82	5763.02	4934.94	7637.26	8687.79	6677.16	7524.27	7302.53	6358.90	8825.09	9956.43
Fm_Lss10	6970.30	6614.14	6643.75	4888.25	4351.93	5837.24	7152.80	6324.19	5832.03	5806.86	5345.09	7652.21	6105.24	5794.06	5396.77	4568.22	7359.42	8236.33	6143.28	6901.70	6716.48	5768.50	8612.37	9599.21
Fm_Lss11	6516.85	6266.86	6267.34	4540.51	4317.71	5910.49	6753.89	5995.76	5515.46	5438.44	5290.10	7386.02	5793.79	5396.26	5126.42	4338.96	7069.61	7751.36	5737.50	6381.04	6305.22	5363.06	8511.96	9193.20
Fm_Lss12	6036.34	6076.12	5883.61	4275.48	4337.23	6013.68	6301.97	5554.32	5175.63	5132.85	5229.82	7210.21	5445.18	5189.66	4841.65	4119.35	6758.98	7283.04	5348.71	5940.40	5847.76	4983.14	8375.57	8732.03
Fm_Lss13	5673.02	5675.36	5574.98	4065.45	4376.05	6169.97	5910.20	5271.37	4855.94	4883.84	5255.50	6895.57	5261.49	4944.31	4596.23	4004.71	6521.61	6986.95	5140.44	5642.43	5542.43	4590.23	8135.98	8334.81
Fm_Lss14	5284.66	5431.92	5162.06	3828.28	4471.63	6322.67	5486.26	4923.96	4664.19	4625.14	5295.55	6634.31	5023.71	4754.54	4415.44	3856.18	6229.20	6659.09	4832.24	5368.47	5338.31	4411.86	7969.67	7971.49
Fm_Lss15	4942.04	5133.25	4864.45	3777.57	4542.90	6283.25	5156.81	4680.03	4415.40	4419.70	5374.41	6344.24	4755.11	4569.70	4235.55	3747.43	6007.41	6331.57	4601.36	5125.00	4993.68	4155.93	7746.23	7636.52
Ft_Lss1	3671.14	3814.32	4034.97	3678.62	4469.49	4744.45	4045.24	3740.57	3745.42	4149.12	4855.21	6173.62	3749.96	3806.21	3809.25	4110.94	5089.83	7401.98	3841.39	4227.72	4736.03	5141.20	5833.93	8750.88
Ft_Lss2	3968.04	4126.77	4360.79	4018.45	4641.47	5024.98	4515.72	4267.18	4286.49	4944.16	5843.06	7712.31	4277.93	4325.75	4236.13	4602.36	6673.59	9877.28	4323.84	4684.63	5438.99	6090.91	7581.17	11151.70
Ft_Lss3	4412.88	4510.09	4566.66	4247.82	4495.69	5070.16	4884.43	4632.21	4589.66	5177.76	5921.29	8154.34	4773.20	4770.01	4545.70	4795.31	7333.17	10376.29	4802.44	5062.66	5896.56	6476.56	8249.49	11837.17
Ft_Lss4	4613.10	4656.78	4698.89	4250.72	4323.43	5097.80	5062.18	4847.99	4732.00	5184.30	5764.92	8365.57	4997.55	4921.30	4629.85	4711.10	7724.45	10490.38	5198.26	5385.06	6093.35	6475.96	8509.80	11876.97
Ft_Lss5	4792.46	4777.49	4770.94	4189.46	4201.33	5070.34	5197.86	4961.06	4759.03	5173.69	5555.47	8414.09	5041.23	4871.73	4628.66	4609.10	7923.66	10272.33	5405.82	5587.62	6084.55	6314.17	8768.19	11690.46
Ft_Lss6	4909.66	4789.46	4807.34	4089.88	4121.97	5071.65	5273.64	4963.76	4717.32	5066.76	5375.66	8414.23	5059.41	4817.59	4535.96	4403.86	8057.49	9980.64	5432.17	5614.15	5959.60	6053.73	8853.00	11430.04
Ft_Lss7	4884.99	4780.73	4757.82	3974.84	4046.56	5130.88	5263.24	4877.67	4659.81	4912.23	5194.05	8261.87	4919.06	4650.13	4386.99	4169.40	7914.50	9594.46	5307.85	5481.89	5732.92	5715.21	8826.85	10984.47
Ft_Lss8	5174.96	5128.10	4672.26	3904.00	4003.39	5026.74	5298.47	5038.47	4735.66	4805.12	5185.42	7949.46	4817.87	4667.98	4536.48	4123.33	7926.98	8946.44	5119.18	5525.33	5782.61	5481.66	9126.44	10562.17
Ft_Lss9	4735.75	4637.98	4585.51	3712.68	4035.77	5317.62	5045.93	4670.68	4346.62	4575.18	4914.96	7851.20	4608.16	4312.63	4053.40	3883.79	7502.01	8633.66	4899.85	5049.66	5237.90	5001.05	8694.86	10098.12
Ft_Lss10	4661.86	4610.11	4518.33	3641.74	4077.62	5443.13	4933.48	4530.79	4251.17	4433.33	4920.73	7616.77	4492.16	4214.55	3952.92	3745.25	7266.21	8178.11	4756.36	4860.58	5075.16	4691.94	8570.22	9655.54
Ft_Lss11	4520.64	4463.57	4394.51	3511.78	4024.93	5621.34	4787.44	4381.43	4094.44	4263.23	4898.14	7344.70	4320.37	4053.38	3844.93	3657.63	6940.49	7718.45	4565.74	4650.85	4843.16	4446.23	8412.42	9164.09
Ft_Lss12	4344.16	4376.12	4244.40	3360.60	4079.31	5807.93	4597.81	4237.08	3988.65	4098.23	4935.38	7106.52	4227.07	3963.75	3724.75	3551.45	6649.57	7346.20	4328.53	4520.66	4644.96	4193.59	8243.72	8747.31
Ft_Lss13	4180.69	4289.18	4183.04	3296.02	4147.21	5938.79	4422.48	4116.04	3867.50	4027.22	5027.03	6869.67	4136.50	3881.25	3680.21	3452.69	6412.02	6989.00	4238.65	4382.67	4501.43	4028.33	8063.10	8361.40
Ft_Lss14	4026.69	4178.49	3958.22	3162.98	4291.00	6104.44	4252.85	3961.96	3754.16	3940.13	5138.14	6566.17	4007.91	3783.10	3536.61	3388.69	6105.09	6611.59	4070.03	4244.12	4366.39	3855.94	7840.12	7980.64
Ft_Lss15	3933.08	4028.57	3873.97	3119.03	4347.79	6187.48	4135.05	3823.81	3717.49	3834.67	5189.71	6316.55	3962.00	3733.03	3486.93	3312.31	5931.31	6395.28	3975.96	4123.42	4267.34	3735.12	7690.69	7633.13
Fo_Lss1	3176.94	3329.79	3465.42	3229.82	3584.04	4079.50	3477.25	3152.67	3099.60	3288.65	3496.67	3751.44	3196.68	3233.94	3211.62	3480.72	3941.10	4675.77	3308.24	3644.98	4019.36	4106.94	4529.14	5482.11
Fo_Lss2	3166.00	3302.24	3448.40	3186.21	3322.63	3828.84	3464.05	3133.25	3080.77	3261.52	3431.68	3731.45	3174.01	3211.51	3175.36	3415.35	3853.83	4684.23	3299.92	3621.91	4011.32	4072.11	4498.36	5499.91
Fo_Lss3	3121.76	3267.27	3386.29	3119.92	3095.15	3623.67	3431.18	3083.45	3029.75	3208.09	3344.78	3704.11	3139.80	3194.54	3117.09	3322.87	3797.46	4644.67	3270.55	3593.83	3970.59	4034.46	4418.24	5469.29
Fo_Lss4	3138.55	3267.25	3393.72	3087.09	2951.87	3469.61	3424.29	3081.65	3028.93	3198.53	3248.93	3727.58	3139.16	3161.69	3093.91	3212.02	3811.81	4718.30	3266.64	3596.69	3962.53	4006.15	4410.96	5523.81
Fo_Lss5	3139.90	3233.05	3349.71	3000.35	2855.77	3381.79	3410.07	3061.58	2993.54	3142.95	3141.04	3728.91	3107.58	3105.88	3027.96	3085.20	3804.84	4733.69	3226.56	3584.82	3901.40	3913.53	4397.66	5540.31
Fo_Lss6	3122.01	3205.44	3318.95	2912.53	2753.41	3329.13	3392.72	3019.39	2935.23	3091.22	3048.46	3715.94	3050.70	3030.36	2943.17	2972.62	3812.04	4723.55	3178.91	3526.00	3819.15	3781.66	4385.98	5570.00
Fo_Lss7	3102.43	3153.80	3264.20	2802.58	2686.55	3287.78	3363.78	2973.63	2863.43	3023.30	2959.08	3672.64	2964.99	2950.17	2860.74	2838.79	3787.12	4686.96	3101.66	3452.36	3712.71	3642.43	4397.25	5548.64
Fo_Lss8	3056.68	3109.71	3163.07	2686.42	2636.59	3249.67	3282.58	2907.26	2803.75	2909.46	2906.96	3628.22	2878.20	2876.20	2784.64	2742.32	3697.34	4568.33	3003.12	3339.54	3600.73	3496.41	4347.86	5465.88
Fo_Lss9	2993.88	3029.39	3106.35	2617.04	2637.01	3245.66	3215.63	2845.39	2716.66	2847.45	2843.14	3608.21	2814.71	2786.89	2684.69	2654.79	3655.96	4529.63	2933.24	3239.97	3457.07	3319.89	4357.33	5390.53
Fo_Lss10	2922.16	2960.94	3035.60	2527.14	2598.80	3290.51	3131.16	2762.31	2631.92	2759.20	2825.79	3555.69	2730.34	2719.89	2602.42	2544.89	3591.06	4403.78	2825.37	3118.82	3319.93	3151.49	4304.83	5284.07
Fo_Lss11	2839.33	2889.27	2954.52	2430.89	2586.56	3313.66	3052.25	2697.77	2565.47	2673.15	2810.35	3497.12	2666.25	2628.92	2537.88	2472.12	3520.64	4261.23	2736.37	3007.92	3216.24	3026.49	4279.60	5158.66
Fo_Lss12	2744.16	2848.05	2866.39	2352.81	2593.55	3345.85	2956.43	2604.63	2489.44	2597.15	2793.24	3457.21	2589.94	2578.90	2466.07	2399.25	3441.87	4115.74	2644.68	2906.29	3092.82	2901.65	4244.85	5010.18
Fo_Lss13	2666.52	2756.80	2791.11	2287.77	2607.39	3393.68	2867.27	2540.67	2413.03	2531.83	2800.55	3383.19	2547.64	2516.84	2400.78	2359.90	3379.23	4019.48	2592.74	2833.10	3005.26	2763.89	4182.42	4876.82
Fo_Lss14	2577.49	2698.06	2683.64	2210.70	2641.02	3439.36	2763.66	2457.12	2364.72	2460.49	2811.88	3319.06	2490.56	2466.72	2350.51	2307.52	3298.99	3908.77	2511.94	2762.32	2944.22	2698.20	4138.03	4750.14
Fo_Lss15	2493.19	2622.28	2600.91	2193.69	2665.72	3427.66	2677.49	2394.83	2299.04	2401.11	2833.96	3244.84	2422.71	2416.02	2298.54	2268.14	3235.72	3793.58	2448.08	2696.41	2836.26	2600.27	4076.97	4629.15
Fv_Lss1	5442.21	5459.09	5653.84	5210.23	4480.14	4806.41	5780.43	5673.55	5661.70	5493.95	4893.25	4868.80	5864.25	5526.56	5684.60	5348.80	5055.97	4566.02	5691.04	6496.15	6346.35	5939.76	5030.42	4791.30
Fv_Lss2	5373.07	5297.27	5553.92	4962.41	3528.71	3948.11	5700.61	5542.41	5531.78	5330.19	4593.56	4783.95	5707.13	5386.29	5448.07	5005.32	4700.98	4590.66	5638.08	6342.68	6301.08	5768.69	4925.10	4836.18
Fv_Lss3	5102.98	5099.04	5204.69	4608.74	2854.50	3351.14	5506.96	5220.82	5195.58	5022.55	4220.81	4670.23	5478.60	5282.72	5089.74	4557.12	4484.44	4476.42	5455.24	6161.03	6076.82	5589.30	4660.34	4759.18
Fv_Lss4	5203.74	5098.96	5245.21	4443.17	2490.03	2956.04	5467.26	5209.60	5190.33	4969.43	3843.38	4767.72	5474.43	5088.11	4954.18	4071.84	4538.66	4691.14	5431.37	6179.30	6033.42	5458.06	4636.94	4897.04
Fv_Lss5	5211.91	4912.53	5009.66	4033.89	2268.26	2749.00	5386.24	5085.96	4970.24	4672.11	3456.58	4773.30	5272.33	4774.40	4588.58	3577.58	4512.24	4737.13	5192.96	6103.96	5714.47	5049.56	4594.45	4939.41
Fv_Lss6	5104.46	4767.11	4851.47	3657.27	2050.21	2630.75	5289.04	4836.05	4628.80	4411.66	3153.54	4719.15	4928.01	4381.31	4158.73	3186.41	4539.55	4706.77	4923.68	5744.77	5312.03	4518.56	4557.42	5016.47
Fv_Lss7	4989.44	4506.76	4582.24	3233.10	1917.18	2540.88	5130.99	4579.43	4241.51	4091.62	2883.85	4542.59	4452.94	3999.49	3779.47	2772.19	4445.75	4598.66	4517.28	5326.14	4832.73	4015.29	4593.13	4960.93
Fv_Lss8	4731.16	4295.81	4123.37	2835.07	1822.34	2460.27	4712.71	4231.81	3944.78	3605.52	2736.18	4368.01	4019.36	3676.46	3459.46	2503.90	4122.75	4262.94	4047.51	4744.50	4373.92	3543.24	4438.46	4750.69
Fv_Lss9	4398.86	3936.31	3885.97	2619.13	1823.13	2451.90	4393.77	3931.83	3548.42	3364.62	2564.36	4291.47	3729.11	3319.93	3078.33	2280.15	3981.29	4158.16	3743.92	4284.30	3845.46	3039.01	4467.76	4565.90
Fv_Lss10	4048.15	3653.20	3608.15	2361.11	1753.13	2546.73	4021.64	3561.88	3200.11	3047.67	2519.30	4096.52	3374.90	3074.17	2794.35	2023.33	3768.36	3832.55	3317.90	3782.88	3396.55	2617.01	4307.54	4315.14
Fv_Lss11	3677.52	3377.60	3312.82	2109.62	1731.15	2596.83	3701.65	3297.99	2949.99	2765.29	2479.76	3888.90	3127.54	2767.34	2588.55	1866.83	3548.97	3490.13	3001.13	3373.13	3088.99	2336.57	4232.36	4034.54
Fv_Lss12	3292.18	3228.07	3017.22	1922.67	1743.67	2667.83	3345.54	2949.70	2686.20	2535.71	2436.58	3753.00	2855.24	2610.76	2375.58	1720.11	3317.12	3167.30	2704.02	3034.10	2754.94	2081.49	4130.73	3721.86
Fv_Lss13	3006.50	2918.56	2783.87	1777.68	1768.66	2776.29	3042.93	2730.69	2442.92	2352.01	2454.95	3512.38	2713.85	2427.47	2195.46	1644.81	3142.38	2967.47	2547.70	2809.33	2537.17	1826.34	3953.56	3457.99
Fv_Lss14	2707.17	2733.86	2478.42	1617.58	1830.61	2883.31	2722.59	2466.84	2299.47	2164.66	2483.66	3315.24	2533.15	2287.82	2064.93	1548.65	2930.21	2750.32	2320.31	2606.15	2394.10	1713.66	3831.64	3221.35
Fv_Lss15	2448.85	2510.97	2263.54	1583.88	1877.18	2855.58	2479.31	2285.20	2116.36	2018.59	2540.45	3099.40	2332.40	2153.68	1937.01	1479.29	2771.69	2537.99	2153.27	2428.59	2157.42	1555.66	3669.26	3007.38
Fq_Lss1	4948.02	4974.57	5084.29	4761.42	3594.70	4141.45	5212.44	5085.65	5015.88	4633.49	3534.71	2446.62	5310.98	4954.30	5086.97	4718.58	3907.24	1839.80	5157.89	5913.41	5629.68	4905.50	3725.63	1522.54
Fq_Lss2	4571.03	4472.73	4641.53	4130.16	2209.88	2751.97	4648.93	4408.48	4326.06	3647.55	2182.17	803.09	4603.22	4272.05	4387.29	3818.30	1881.22	-602.40	4614.16	5279.96	4873.41	3749.89	1842.30	-815.61
Fq_Lss3	3811.86	3856.22	4024.33	3480.84	1453.95	1904.65	4053.71	3672.06	3635.68	3052.88	1644.30	220.00	3845.21	3707.26	3661.13	3084.68	948.73	-1255.20	3923.35	4692.20	4150.85	3147.21	829.10	-1608.70
Fq_Lss4	3729.18	3709.43	3940.04	3279.54	1118.47	1327.85	3829.37	3443.26	3487.26	2983.66	1327.39	129.73	3616.04	3328.50	3418.25	2572.76	626.03	-1080.94	3499.76	4390.94	3902.60	2988.26	538.10	-1456.12
Fq_Lss5	3559.34	3368.09	3588.42	2844.78	922.70	1060.45	3598.45	3186.48	3204.75	2641.37	1042.16	88.12	3338.68	3008.54	2987.88	2053.68	393.42	-801.51	3013.70	4101.17	3531.31	2648.92	223.92	-1210.73
Fq_Lss6	3316.82	3183.10	3363.09	2479.92	681.65	888.23	3408.12	2891.67	2846.70	2436.12	826.34	20.86	2919.29	2594.08	2565.94	1755.17	294.11	-550.32	2670.42	3656.62	3171.58	2246.50	90.40	-843.57
Fq_Lss7	3206.88	2879.83	3088.62	2060.85	557.17	697.78	3231.53	2675.40	2445.13	2202.69	648.88	-46.64	2498.87	2299.52	2253.22	1441.58	318.36	-308.84	2311.08	3296.61	2812.51	1942.51	163.52	-474.90
Fq_Lss8	2612.88	2277.42	2614.17	1617.49	455.54	683.20	2696.82	2100.60	2012.87	1709.86	457.72	46.77	2079.69	1884.67	1707.62	1122.89	-106.89	-115.16	1931.46	2558.71	2192.04	1557.99	-340.13	-345.60
Fq_Lss9	2656.99	2327.72	2406.81	1523.48	424.37	379.94	2563.47	2106.54	1918.46	1636.89	492.54	48.48	1935.66	1794.20	1709.62	1051.15	135.24	54.13	1777.31	2474.61	2064.63	1357.85	130.23	-141.70
Fq_Lss10	2308.44	2004.04	2125.42	1246.52	274.31	394.12	2219.33	1793.40	1580.86	1373.53	424.35	35.44	1613.08	1579.50	1443.84	822.97	93.21	58.23	1386.91	2041.12	1641.32	1076.56	42.16	-56.34
Fq_Lss11	1996.21	1803.29	1872.83	1028.74	292.79	289.15	1966.46	1614.33	1421.02	1175.21	391.97	41.32	1473.42	1342.88	1281.50	681.33	129.12	32.91	1171.76	1730.19	1462.07	916.83	99.54	29.11
Fq_Lss12	1692.17	1699.99	1639.21	914.87	257.92	205.75	1704.16	1317.25	1186.99	1034.62	294.44	103.69	1218.12	1225.91	1116.89	567.91	109.41	-63.16	1020.17	1419.74	1202.80	789.55	131.85	-15.28
Fq_Lss13	1492.33	1386.18	1391.94	769.43	228.84	231.18	1487.72	1155.33	988.45	856.63	228.47	25.90	1124.99	1063.06	916.02	552.02	109.59	-2.06	901.80	1259.75	1041.00	561.89	72.88	-26.60
Fq_Lss14	1257.97	1253.43	1203.83	665.30	180.63	218.23	1233.41	961.99	910.03	685.02	157.41	68.13	1015.80	971.45	878.83	467.48	124.11	47.50	762.21	1124.35	971.92	555.92	129.55	-9.15
Fq_Lss15	1008.96	1104.68	990.48	658.54	195.11	95.77	1021.76	856.22	697.91	585.02	184.69	27.69	793.10	836.67	748.62	435.13	76.10	-63.71	625.40	1001.58	726.33	420.81	55.54	3.39
QY_max	0.63	0.63	0.63	0.62	0.56	0.54	0.63	0.64	0.65	0.63	0.59	0.56	0.65	0.63	0.64	0.61	0.57	0.50	0.64	0.64	0.61	0.59	0.52	0.47
Fv/Fm_Lss1	0.63	0.62	0.62	0.62	0.56	0.54	0.62	0.64	0.65	0.63	0.58	0.56	0.65	0.63	0.64	0.61	0.56	0.49	0.63	0.64	0.61	0.59	0.53	0.47
Fv/Fm_Lss2	0.63	0.62	0.62	0.61	0.52	0.51	0.62	0.64	0.64	0.62	0.57	0.56	0.64	0.63	0.63	0.59	0.55	0.49	0.63	0.64	0.61	0.59	0.52	0.47
Fv/Fm_Lss3	0.62	0.61	0.61	0.60	0.48	0.48	0.62	0.63	0.63	0.61	0.56	0.56	0.64	0.62	0.62	0.58	0.54	0.49	0.63	0.63	0.60	0.58	0.51	0.47
Fv/Fm_Lss4	0.62	0.61	0.61	0.59	0.46	0.46	0.61	0.63	0.63	0.61	0.54	0.56	0.64	0.62	0.62	0.56	0.54	0.50	0.62	0.63	0.60	0.58	0.51	0.47
Fv/Fm_Lss5	0.62	0.60	0.60	0.57	0.44	0.45	0.61	0.62	0.62	0.60	0.52	0.56	0.63	0.61	0.60	0.54	0.54	0.50	0.62	0.63	0.59	0.56	0.51	0.47
Fv/Fm_Lss6	0.62	0.60	0.59	0.56	0.43	0.44	0.61	0.62	0.61	0.59	0.51	0.56	0.62	0.59	0.59	0.52	0.54	0.50	0.61	0.62	0.58	0.54	0.51	0.47
Fv/Fm_Lss7	0.62	0.59	0.58	0.54	0.42	0.44	0.60	0.61	0.60	0.58	0.49	0.55	0.60	0.58	0.57	0.49	0.54	0.50	0.59	0.61	0.57	0.52	0.51	0.47
Fv/Fm_Lss8	0.61	0.58	0.57	0.51	0.41	0.43	0.59	0.59	0.58	0.55	0.48	0.55	0.58	0.56	0.55	0.48	0.53	0.48	0.57	0.59	0.55	0.50	0.51	0.46
Fv/Fm_Lss9	0.60	0.57	0.56	0.50	0.41	0.43	0.58	0.58	0.57	0.54	0.47	0.54	0.57	0.54	0.53	0.46	0.52	0.48	0.56	0.57	0.53	0.48	0.51	0.46
Fv/Fm_Lss10	0.58	0.55	0.54	0.48	0.40	0.44	0.56	0.56	0.55	0.52	0.47	0.54	0.55	0.53	0.52	0.44	0.51	0.47	0.54	0.55	0.51	0.45	0.50	0.45
Fv/Fm_Lss11	0.56	0.54	0.53	0.46	0.40	0.44	0.55	0.55	0.53	0.51	0.47	0.53	0.54	0.51	0.50	0.43	0.50	0.45	0.52	0.53	0.49	0.44	0.50	0.44
Fv/Fm_Lss12	0.55	0.53	0.51	0.45	0.40	0.44	0.53	0.53	0.52	0.49	0.47	0.52	0.52	0.50	0.49	0.42	0.49	0.43	0.51	0.51	0.47	0.42	0.49	0.43
Fv/Fm_Lss13	0.53	0.51	0.50	0.44	0.40	0.45	0.51	0.52	0.50	0.48	0.47	0.51	0.52	0.49	0.48	0.41	0.48	0.42	0.50	0.50	0.46	0.40	0.49	0.41
Fv/Fm_Lss14	0.51	0.50	0.48	0.42	0.41	0.46	0.50	0.50	0.49	0.47	0.47	0.50	0.50	0.48	0.47	0.40	0.47	0.41	0.48	0.49	0.45	0.39	0.48	0.40
Fv/Fm_Lss15	0.50	0.49	0.47	0.42	0.41	0.45	0.48	0.49	0.48	0.46	0.47	0.49	0.49	0.47	0.46	0.39	0.46	0.40	0.47	0.47	0.43	0.37	0.47	0.39
QY_Lss1	0.57	0.57	0.56	0.56	0.45	0.47	0.56	0.58	0.57	0.53	0.42	0.28	0.59	0.57	0.57	0.53	0.43	0.20	0.57	0.58	0.54	0.49	0.39	0.15
QY_Lss2	0.54	0.52	0.52	0.51	0.32	0.35	0.51	0.51	0.50	0.42	0.27	0.09	0.52	0.50	0.51	0.45	0.22	-0.06	0.52	0.53	0.47	0.38	0.20	-0.08
QY_Lss3	0.46	0.46	0.47	0.45	0.24	0.27	0.45	0.44	0.44	0.37	0.22	0.03	0.45	0.44	0.45	0.39	0.11	-0.14	0.45	0.48	0.41	0.33	0.09	-0.16
QY_Lss4	0.45	0.44	0.46	0.44	0.21	0.21	0.43	0.42	0.42	0.37	0.19	0.02	0.42	0.40	0.42	0.35	0.07	-0.11	0.40	0.45	0.39	0.32	0.06	-0.14
QY_Lss5	0.43	0.41	0.43	0.40	0.18	0.17	0.41	0.39	0.40	0.34	0.16	0.01	0.40	0.38	0.39	0.31	0.05	-0.08	0.36	0.42	0.37	0.30	0.02	-0.12
QY_Lss6	0.40	0.40	0.41	0.38	0.14	0.15	0.39	0.37	0.38	0.32	0.13	0.00	0.37	0.35	0.36	0.28	0.04	-0.06	0.33	0.39	0.35	0.27	0.01	-0.08
QY_Lss7	0.40	0.38	0.39	0.34	0.12	0.12	0.38	0.35	0.34	0.31	0.11	-0.01	0.34	0.33	0.34	0.26	0.04	-0.03	0.30	0.38	0.33	0.25	0.02	-0.05
QY_Lss8	0.34	0.31	0.36	0.29	0.10	0.12	0.34	0.29	0.30	0.26	0.08	0.01	0.30	0.29	0.27	0.21	-0.01	-0.01	0.27	0.32	0.27	0.22	-0.04	-0.03
QY_Lss9	0.36	0.33	0.34	0.29	0.10	0.07	0.34	0.31	0.31	0.26	0.09	0.01	0.30	0.29	0.30	0.21	0.02	0.01	0.27	0.33	0.28	0.21	0.01	-0.01
QY_Lss10	0.33	0.30	0.32	0.26	0.06	0.07	0.31	0.28	0.27	0.24	0.08	0.00	0.26	0.27	0.27	0.18	0.01	0.01	0.23	0.30	0.24	0.19	0.00	-0.01
QY_Lss11	0.31	0.29	0.30	0.23	0.07	0.05	0.29	0.27	0.26	0.22	0.07	0.01	0.25	0.25	0.25	0.16	0.02	0.00	0.20	0.27	0.23	0.17	0.01	0.00
QY_Lss12	0.28	0.28	0.28	0.21	0.06	0.03	0.27	0.24	0.23	0.20	0.06	0.01	0.22	0.24	0.23	0.14	0.02	-0.01	0.19	0.24	0.21	0.16	0.02	-0.00
QY_Lss13	0.26	0.24	0.25	0.19	0.05	0.04	0.25	0.22	0.20	0.18	0.04	0.00	0.21	0.22	0.20	0.14	0.02	-0.00	0.18	0.22	0.19	0.12	0.01	-0.00
QY_Lss14	0.24	0.23	0.23	0.17	0.04	0.03	0.22	0.20	0.20	0.15	0.03	0.01	0.20	0.20	0.20	0.12	0.02	0.01	0.16	0.21	0.18	0.13	0.02	-0.00
QY_Lss15	0.20	0.22	0.20	0.17	0.04	0.02	0.20	0.18	0.16	0.13	0.03	0.00	0.17	0.18	0.18	0.12	0.01	-0.01	0.14	0.20	0.15	0.10	0.01	0.00
NPQ_Lss1	0.01	0.02	0.02	0.03	0.03	0.01	0.01	0.00	0.01	0.01	0.01	-0.01	0.01	0.00	0.01	0.01	0.03	0.02	0.02	0.01	0.00	0.00	-0.01	0.01
NPQ_Lss2	0.02	0.05	0.04	0.06	0.22	0.15	0.02	0.02	0.03	0.03	0.06	0.01	0.03	0.02	0.05	0.06	0.09	0.02	0.02	0.03	0.01	0.02	0.01	0.00
NPQ_Lss3	0.05	0.07	0.09	0.12	0.40	0.29	0.04	0.07	0.08	0.07	0.12	0.02	0.06	0.04	0.10	0.14	0.12	0.03	0.05	0.05	0.04	0.05	0.05	0.02
NPQ_Lss4	0.04	0.07	0.08	0.15	0.53	0.40	0.05	0.07	0.08	0.08	0.20	0.01	0.06	0.06	0.12	0.23	0.11	0.00	0.05	0.05	0.04	0.07	0.05	-0.00
NPQ_Lss5	0.04	0.10	0.12	0.23	0.63	0.46	0.06	0.09	0.11	0.13	0.29	0.01	0.09	0.11	0.18	0.35	0.12	-0.01	0.09	0.06	0.08	0.13	0.06	-0.01
NPQ_Lss6	0.05	0.13	0.14	0.32	0.74	0.51	0.07	0.13	0.17	0.18	0.37	0.02	0.14	0.18	0.27	0.46	0.11	-0.00	0.13	0.11	0.14	0.22	0.06	-0.02
NPQ_Lss7	0.07	0.17	0.19	0.43	0.81	0.54	0.10	0.17	0.25	0.24	0.45	0.04	0.23	0.26	0.36	0.60	0.13	0.01	0.20	0.17	0.22	0.32	0.06	-0.01
NPQ_Lss8	0.11	0.21	0.28	0.57	0.87	0.57	0.17	0.24	0.31	0.36	0.50	0.07	0.32	0.34	0.44	0.71	0.19	0.07	0.30	0.27	0.31	0.43	0.08	0.02
NPQ_Lss9	0.17	0.29	0.34	0.65	0.87	0.57	0.22	0.31	0.41	0.42	0.57	0.08	0.39	0.44	0.56	0.82	0.22	0.08	0.37	0.37	0.43	0.59	0.08	0.04
NPQ_Lss10	0.24	0.36	0.41	0.77	0.92	0.54	0.30	0.40	0.52	0.52	0.59	0.12	0.49	0.52	0.67	0.96	0.26	0.14	0.49	0.49	0.55	0.75	0.10	0.08
NPQ_Lss11	0.33	0.43	0.49	0.91	0.93	0.52	0.38	0.48	0.61	0.62	0.60	0.16	0.57	0.63	0.76	1.07	0.31	0.22	0.59	0.61	0.65	0.88	0.12	0.13
NPQ_Lss12	0.44	0.48	0.59	1.03	0.92	0.49	0.48	0.60	0.71	0.72	0.62	0.19	0.68	0.69	0.86	1.18	0.38	0.29	0.71	0.73	0.78	1.02	0.13	0.19
NPQ_Lss13	0.53	0.58	0.67	1.13	0.91	0.45	0.58	0.68	0.83	0.81	0.61	0.24	0.73	0.78	0.96	1.24	0.43	0.35	0.78	0.82	0.88	1.20	0.17	0.25
NPQ_Lss14	0.64	0.66	0.81	1.26	0.87	0.42	0.70	0.80	0.90	0.91	0.60	0.29	0.82	0.85	1.04	1.32	0.49	0.41	0.89	0.91	0.95	1.29	0.19	0.30
NPQ_Lss15	0.75	0.75	0.92	1.29	0.84	0.43	0.81	0.89	1.01	1.00	0.58	0.35	0.92	0.92	1.13	1.39	0.55	0.49	0.99	1.01	1.08	1.43	0.23	0.36
qN_Lss1	0.01	0.04	0.04	0.04	0.06	0.02	0.01	0.01	0.02	0.01	0.02	-0.01	0.01	0.00	0.02	0.02	0.06	0.04	0.02	0.02	0.01	0.01	-0.01	0.02
qN_Lss2	0.02	0.07	0.06	0.09	0.30	0.23	0.03	0.03	0.04	0.04	0.09	0.01	0.04	0.03	0.07	0.10	0.14	0.03	0.04	0.05	0.02	0.04	0.01	0.01
qN_Lss3	0.08	0.11	0.13	0.17	0.46	0.37	0.06	0.10	0.11	0.11	0.18	0.04	0.08	0.05	0.14	0.19	0.18	0.06	0.07	0.08	0.06	0.08	0.08	0.03
qN_Lss4	0.06	0.11	0.12	0.20	0.54	0.46	0.07	0.10	0.11	0.12	0.27	0.01	0.09	0.09	0.16	0.29	0.17	0.00	0.08	0.07	0.06	0.10	0.09	-0.01
qN_Lss5	0.06	0.15	0.16	0.29	0.59	0.51	0.09	0.12	0.15	0.18	0.35	0.01	0.12	0.16	0.23	0.39	0.18	-0.01	0.12	0.09	0.12	0.18	0.10	-0.02
qN_Lss6	0.08	0.18	0.19	0.36	0.63	0.53	0.11	0.17	0.22	0.23	0.42	0.03	0.19	0.24	0.31	0.47	0.17	-0.00	0.17	0.15	0.19	0.28	0.11	-0.04
qN_Lss7	0.10	0.23	0.25	0.45	0.66	0.55	0.14	0.22	0.29	0.30	0.48	0.07	0.28	0.31	0.39	0.55	0.19	0.03	0.25	0.22	0.28	0.38	0.10	-0.03
qN_Lss8	0.16	0.27	0.33	0.53	0.68	0.57	0.22	0.29	0.35	0.39	0.51	0.12	0.36	0.38	0.44	0.60	0.26	0.12	0.34	0.32	0.36	0.46	0.14	0.03
qN_Lss9	0.23	0.34	0.38	0.57	0.68	0.57	0.28	0.35	0.42	0.44	0.55	0.13	0.41	0.45	0.51	0.64	0.29	0.15	0.40	0.39	0.45	0.55	0.13	0.09
qN_Lss10	0.30	0.39	0.43	0.62	0.69	0.55	0.35	0.42	0.49	0.50	0.55	0.18	0.47	0.49	0.56	0.68	0.34	0.24	0.47	0.47	0.52	0.62	0.17	0.15
qN_Lss11	0.37	0.45	0.48	0.66	0.70	0.54	0.41	0.46	0.53	0.55	0.56	0.23	0.52	0.55	0.60	0.71	0.39	0.32	0.53	0.54	0.57	0.67	0.19	0.23
qN_Lss12	0.44	0.47	0.53	0.70	0.70	0.53	0.47	0.53	0.58	0.59	0.57	0.27	0.56	0.58	0.64	0.74	0.43	0.40	0.58	0.59	0.62	0.71	0.21	0.31
qN_Lss13	0.50	0.53	0.57	0.72	0.69	0.50	0.53	0.57	0.62	0.63	0.57	0.32	0.59	0.61	0.67	0.75	0.47	0.45	0.61	0.62	0.66	0.75	0.26	0.37
qN_Lss14	0.56	0.57	0.63	0.75	0.68	0.48	0.58	0.61	0.65	0.66	0.56	0.37	0.62	0.64	0.69	0.77	0.51	0.50	0.65	0.65	0.68	0.77	0.28	0.43
qN_Lss15	0.60	0.61	0.66	0.76	0.67	0.49	0.63	0.65	0.68	0.69	0.55	0.42	0.65	0.66	0.71	0.78	0.54	0.55	0.68	0.68	0.72	0.79	0.32	0.48
qP_Lss1	0.91	0.91	0.90	0.91	0.80	0.86	0.90	0.90	0.89	0.84	0.72	0.50	0.91	0.90	0.89	0.88	0.77	0.40	0.91	0.91	0.89	0.83	0.74	0.32
qP_Lss2	0.85	0.84	0.84	0.83	0.63	0.70	0.82	0.80	0.78	0.68	0.48	0.17	0.81	0.79	0.81	0.76	0.40	-0.13	0.82	0.83	0.77	0.65	0.37	-0.17
qP_Lss3	0.75	0.76	0.77	0.76	0.51	0.57	0.74	0.70	0.70	0.61	0.39	0.05	0.70	0.70	0.72	0.68	0.21	-0.28	0.72	0.76	0.68	0.56	0.18	-0.34
qP_Lss4	0.72	0.73	0.75	0.74	0.45	0.45	0.70	0.66	0.67	0.60	0.35	0.03	0.66	0.65	0.69	0.63	0.14	-0.23	0.64	0.71	0.65	0.55	0.12	-0.30
qP_Lss5	0.68	0.69	0.72	0.71	0.41	0.39	0.67	0.63	0.64	0.57	0.30	0.02	0.63	0.63	0.65	0.57	0.09	-0.17	0.58	0.67	0.62	0.52	0.05	-0.25
qP_Lss6	0.65	0.67	0.69	0.68	0.33	0.34	0.64	0.60	0.61	0.55	0.26	0.00	0.59	0.59	0.62	0.55	0.06	-0.12	0.54	0.64	0.60	0.50	0.02	-0.17
qP_Lss7	0.64	0.64	0.67	0.64	0.29	0.27	0.63	0.58	0.58	0.54	0.23	-0.01	0.56	0.57	0.60	0.52	0.07	-0.07	0.51	0.62	0.58	0.48	0.04	-0.10
qP_Lss8	0.55	0.53	0.63	0.57	0.25	0.28	0.57	0.50	0.51	0.47	0.17	0.01	0.52	0.51	0.49	0.45	-0.03	-0.03	0.48	0.54	0.50	0.44	-0.08	-0.07
qP_Lss9	0.60	0.59	0.62	0.58	0.23	0.15	0.58	0.54	0.54	0.49	0.19	0.01	0.52	0.54	0.56	0.46	0.03	0.01	0.47	0.58	0.54	0.45	0.03	-0.03
qP_Lss10	0.57	0.55	0.59	0.53	0.16	0.15	0.55	0.50	0.49	0.45	0.17	0.01	0.48	0.51	0.52	0.41	0.02	0.02	0.42	0.54	0.48	0.41	0.01	-0.01
qP_Lss11	0.54	0.53	0.57	0.49	0.17	0.11	0.53	0.49	0.48	0.42	0.16	0.01	0.47	0.49	0.50	0.36	0.04	0.01	0.39	0.51	0.47	0.39	0.02	0.01
qP_Lss12	0.51	0.53	0.54	0.48	0.15	0.08	0.51	0.45	0.44	0.41	0.12	0.03	0.43	0.47	0.47	0.33	0.03	-0.02	0.38	0.47	0.44	0.38	0.03	-0.00
qP_Lss13	0.50	0.47	0.50	0.43	0.13	0.08	0.49	0.42	0.40	0.36	0.09	0.01	0.41	0.44	0.42	0.34	0.03	-0.00	0.35	0.45	0.41	0.31	0.02	-0.01
qP_Lss14	0.46	0.46	0.49	0.41	0.10	0.08	0.45	0.39	0.40	0.32	0.06	0.02	0.40	0.42	0.43	0.30	0.04	0.02	0.33	0.43	0.41	0.32	0.03	-0.00
qP_Lss15	0.41	0.44	0.44	0.42	0.10	0.03	0.41	0.37	0.33	0.29	0.07	0.01	0.34	0.39	0.39	0.29	0.03	-0.03	0.29	0.41	0.34	0.27	0.02	0.00
qL_Lss1	1.05	1.04	1.05	1.04	1.00	1.00	1.05	1.06	1.07	1.06	1.00	0.83	1.06	1.06	1.06	1.04	1.00	0.64	1.05	1.06	1.05	1.03	0.95	0.51
qL_Lss2	1.07	1.06	1.06	1.05	0.87	0.91	1.06	1.08	1.09	1.04	0.81	0.35	1.09	1.07	1.07	1.03	0.69	-0.28	1.07	1.08	1.05	0.97	0.63	-0.34
qL_Lss3	1.06	1.04	1.04	1.03	0.74	0.80	1.05	1.06	1.06	0.98	0.69	0.10	1.07	1.05	1.05	0.98	0.41	-0.63	1.06	1.07	1.01	0.90	0.33	-0.73
qL_Lss4	1.05	1.04	1.04	1.02	0.66	0.66	1.04	1.04	1.05	0.97	0.61	0.06	1.05	1.02	1.03	0.93	0.28	-0.51	1.03	1.06	0.99	0.89	0.22	-0.64
qL_Lss5	1.04	1.01	1.02	0.98	0.60	0.58	1.02	1.02	1.03	0.93	0.53	0.04	1.03	0.99	1.00	0.86	0.18	-0.37	0.97	1.05	0.96	0.85	0.10	-0.52
qL_Lss6	1.02	1.00	1.00	0.95	0.50	0.51	1.00	0.98	0.99	0.91	0.46	0.01	0.98	0.94	0.95	0.82	0.14	-0.25	0.93	1.01	0.93	0.80	0.04	-0.35
qL_Lss7	1.01	0.97	0.98	0.90	0.44	0.43	0.99	0.96	0.94	0.87	0.39	-0.02	0.93	0.91	0.91	0.76	0.15	-0.14	0.88	0.98	0.90	0.76	0.07	-0.19
qL_Lss8	0.93	0.87	0.94	0.83	0.38	0.43	0.92	0.86	0.86	0.78	0.30	0.02	0.87	0.83	0.80	0.67	-0.06	-0.05	0.81	0.89	0.80	0.69	-0.16	-0.14
qL_Lss9	0.96	0.91	0.91	0.83	0.36	0.25	0.92	0.88	0.87	0.78	0.33	0.02	0.85	0.84	0.84	0.67	0.07	0.02	0.79	0.90	0.81	0.67	0.06	-0.06
qL_Lss10	0.91	0.85	0.88	0.76	0.25	0.26	0.87	0.83	0.80	0.72	0.29	0.02	0.79	0.80	0.78	0.60	0.05	0.03	0.70	0.84	0.74	0.61	0.02	-0.02
qL_Lss11	0.86	0.82	0.84	0.70	0.26	0.19	0.83	0.79	0.77	0.68	0.28	0.02	0.76	0.75	0.75	0.54	0.07	0.02	0.65	0.79	0.71	0.58	0.05	0.01
qL_Lss12	0.81	0.81	0.80	0.68	0.23	0.13	0.79	0.73	0.71	0.64	0.21	0.06	0.70	0.72	0.71	0.49	0.06	-0.04	0.62	0.73	0.66	0.55	0.06	-0.01
qL_Lss13	0.78	0.74	0.75	0.62	0.21	0.15	0.75	0.69	0.65	0.58	0.17	0.01	0.67	0.68	0.64	0.49	0.07	-0.00	0.58	0.69	0.61	0.45	0.04	-0.01
qL_Lss14	0.73	0.71	0.72	0.59	0.16	0.13	0.70	0.63	0.63	0.51	0.12	0.04	0.65	0.65	0.64	0.44	0.08	0.03	0.53	0.66	0.60	0.46	0.06	-0.00
qL_Lss15	0.65	0.68	0.65	0.59	0.17	0.06	0.64	0.60	0.53	0.46	0.13	0.02	0.56	0.60	0.59	0.43	0.05	-0.04	0.47	0.63	0.51	0.39	0.03	0.00
PAR1	59.15	59.15	59.15	59.15	59.15	59.15	59.15	59.15	59.15	59.15	59.15	59.15	59.15	59.15	59.15	59.15	59.15	59.15	59.15	59.15	59.15	59.15	59.15	59.15
PAR2	179.76	179.76	179.76	179.76	179.76	179.76	179.76	179.76	179.76	179.76	179.76	179.76	179.76	179.76	179.76	179.76	179.76	179.76	179.76	179.76	179.76	179.76	179.76	179.76
PAR3	300.37	300.37	300.37	300.37	300.37	300.37	300.37	300.37	300.37	300.37	300.37	300.37	300.37	300.37	300.37	300.37	300.37	300.37	300.37	300.37	300.37	300.37	300.37	300.37
PAR4	420.98	420.98	420.98	420.98	420.98	420.98	420.98	420.98	420.98	420.98	420.98	420.98	420.98	420.98	420.98	420.98	420.98	420.98	420.98	420.98	420.98	420.98	420.98	420.98
PAR5	541.59	541.59	541.59	541.59	541.59	541.59	541.59	541.59	541.59	541.59	541.59	541.59	541.59	541.59	541.59	541.59	541.59	541.59	541.59	541.59	541.59	541.59	541.59	541.59
PAR6	662.20	662.20	662.20	662.20	662.20	662.20	662.20	662.20	662.20	662.20	662.20	662.20	662.20	662.20	662.20	662.20	662.20	662.20	662.20	662.20	662.20	662.20	662.20	662.20
PAR7	782.81	782.81	782.81	782.81	782.81	782.81	782.81	782.81	782.81	782.81	782.81	782.81	782.81	782.81	782.81	782.81	782.81	782.81	782.81	782.81	782.81	782.81	782.81	782.81
PAR8	903.42	903.42	903.42	903.42	903.42	903.42	903.42	903.42	903.42	903.42	903.42	903.42	903.42	903.42	903.42	903.42	903.42	903.42	903.42	903.42	903.42	903.42	903.42	903.42
PAR9	1024.03	1024.03	1024.03	1024.03	1024.03	1024.03	1024.03	1024.03	1024.03	1024.03	1024.03	1024.03	1024.03	1024.03	1024.03	1024.03	1024.03	1024.03	1024.03	1024.03	1024.03	1024.03	1024.03	1024.03
PAR10	1144.64	1144.64	1144.64	1144.64	1144.64	1144.64	1144.64	1144.64	1144.64	1144.64	1144.64	1144.64	1144.64	1144.64	1144.64	1144.64	1144.64	1144.64	1144.64	1144.64	1144.64	1144.64	1144.64	1144.64
PAR11	1265.25	1265.25	1265.25	1265.25	1265.25	1265.25	1265.25	1265.25	1265.25	1265.25	1265.25	1265.25	1265.25	1265.25	1265.25	1265.25	1265.25	1265.25	1265.25	1265.25	1265.25	1265.25	1265.25	1265.25
PAR12	1385.86	1385.86	1385.86	1385.86	1385.86	1385.86	1385.86	1385.86	1385.86	1385.86	1385.86	1385.86	1385.86	1385.86	1385.86	1385.86	1385.86	1385.86	1385.86	1385.86	1385.86	1385.86	1385.86	1385.86
PAR13	1506.47	1506.47	1506.47	1506.47	1506.47	1506.47	1506.47	1506.47	1506.47	1506.47	1506.47	1506.47	1506.47	1506.47	1506.47	1506.47	1506.47	1506.47	1506.47	1506.47	1506.47	1506.47	1506.47	1506.47
PAR14	1627.08	1627.08	1627.08	1627.08	1627.08	1627.08	1627.08	1627.08	1627.08	1627.08	1627.08	1627.08	1627.08	1627.08	1627.08	1627.08	1627.08	1627.08	1627.08	1627.08	1627.08	1627.08	1627.08	1627.08
PAR15	1747.69	1747.69	1747.69	1747.69	1747.69	1747.69	1747.69	1747.69	1747.69	1747.69	1747.69	1747.69	1747.69	1747.69	1747.69	1747.69	1747.69	1747.69	1747.69	1747.69	1747.69	1747.69	1747.69	1747.69
ETR1	13.5819	13.3910	13.1906	13.3470	10.5462	11.0267	13.3208	13.6321	13.5448	12.4818	9.9676	6.7149	13.8674	13.3797	13.5284	12.6435	10.2745	4.7099	13.5599	13.7957	12.8492	11.5519	9.2205	3.5063
ETR2	38.4901	37.3977	37.0725	36.4443	23.1920	25.4437	36.4740	36.5369	36.1166	30.5258	19.5514	6.7812	37.2682	35.7269	36.5816	32.6039	15.8116	-4.6701	37.1192	38.0993	33.9797	27.3989	14.0571	-5.6738
ETR3	55.6835	55.3784	56.2811	54.1118	29.3610	32.8091	54.4901	53.1276	53.1060	44.5644	26.1126	3.1564	53.6050	52.5423	53.5984	47.0324	13.7634	-16.5340	54.0213	57.7920	49.6358	39.2910	10.9723	-18.8963
ETR4	75.2743	74.6615	76.7995	73.3367	34.6093	34.7977	72.5217	69.9308	71.4448	61.5112	31.5159	2.5715	70.6915	67.9396	71.5203	59.4780	12.6241	-19.3445	67.7541	75.6336	65.7428	53.1682	10.0146	-23.5295
ETR5	92.3247	89.5756	92.9948	87.6112	39.0102	37.4715	88.6224	84.7252	87.1773	73.2193	34.2196	2.2453	86.3104	82.7071	84.9834	66.7737	10.2475	-18.3337	77.5427	91.6993	79.5566	64.0234	5.3946	-25.0280
ETR6	106.7960	105.7547	109.0287	99.9847	37.5874	39.4762	103.9811	97.5048	99.6865	86.0039	35.2919	0.6550	96.9153	92.7074	95.7015	75.4838	9.3279	-15.4573	87.2977	104.4747	92.0018	71.6908	2.6774	-21.1065
ETR7	124.0932	117.7121	123.2556	106.9138	37.8959	37.4856	119.1164	110.9123	107.7597	96.9390	34.7737	-1.7776	105.4813	103.6070	106.2518	80.4481	12.1084	-10.4144	94.9808	117.5876	103.0564	79.4291	5.6952	-14.1492
ETR8	121.2414	111.1311	129.6485	105.8602	36.9188	43.2379	121.8893	106.3287	107.7843	94.8407	29.3108	2.1138	108.9560	103.9362	98.8256	77.3465	-4.9392	-4.7123	98.9931	114.3777	99.3309	79.9764	-13.9891	-12.2240
ETR9	147.2162	136.8791	140.9911	119.1780	38.9737	27.3151	137.9906	127.3178	125.4291	107.9331	37.3096	2.5138	121.1627	120.3444	121.5123	87.2477	7.2534	2.5522	109.0295	134.7144	115.8086	87.4662	6.0443	-5.8294
ETR10	151.6336	138.7266	146.4734	116.7541	28.8590	30.9131	142.0603	129.8373	124.1086	108.2988	36.3495	2.1205	120.9708	124.8148	122.4939	82.4835	5.7991	3.2367	103.3657	135.4065	111.8871	85.4480	2.2411	-2.6873
ETR11	155.0258	145.6298	151.2347	114.6660	34.3187	24.7589	147.3552	136.2646	130.3926	109.3649	37.4989	2.8310	128.7059	125.9449	126.5140	79.4705	9.2434	2.1485	103.3595	137.2264	117.3552	86.5191	5.9184	1.6024
ETR12	155.3995	155.0957	154.4437	118.6191	32.9651	18.9657	149.9036	131.4662	127.1336	111.7383	31.2100	7.9721	124.0094	130.9478	127.8785	76.4236	8.9736	-4.8072	105.7311	132.4863	114.0204	87.8325	8.7265	-0.9699
ETR13	158.5153	147.1786	150.4517	114.0459	31.5120	22.5778	151.6835	132.0696	122.6587	105.6940	26.1958	2.2635	128.8429	129.5603	120.0942	83.0626	10.1257	-0.1773	105.7127	134.5363	113.1805	73.7633	5.3980	-1.9229
ETR14	154.9244	150.1812	151.7788	113.1051	26.2904	22.4636	146.3181	127.1530	126.9833	96.3928	19.3461	6.6841	131.5983	132.9774	129.5384	78.8997	12.9671	4.6420	102.6585	136.3074	118.4935	82.0088	10.5794	-0.7466
ETR15	142.7218	150.4417	142.3426	121.8690	30.0240	10.6550	138.5130	127.8966	110.4976	92.5348	24.0241	3.0510	116.5986	127.9936	123.5598	81.1716	8.8557	-7.0340	95.0153	136.6198	101.6811	70.7859	5.0124	0.3103
