FluorCam7 Numeric Avg Export File
-----------------------------------
	Area 1	Area 2	Area 3	Area 4	Area 5	Area 6	Area 7	Area 8	Area 9	Area 10	Area 11	Area 12	Area 13	Area 14	Area 15	Area 16	Area 17	Area 18	Area 19	Area 20	Area 21	Area 22	Area 23	Area 24
Size [pixels]	4707	4641	3654	4578	2684	4550	3690	3694	3981	1565	3869	1807	2919	2944	7050	6688	6123	3867	5049	5078	4425	4315	5897	2858
Fo	4099.96	3068.71	4660.09	3485.20	3255.61	3805.15	3979.63	3534.51	3621.60	4105.83	3696.71	2929.98	3747.07	4650.69	4291.71	4769.96	4098.69	4095.60	3513.05	3875.06	3977.34	5095.29	4727.70	2560.71
Fm	10775.73	6816.74	12186.44	8931.18	8280.52	10267.20	10345.61	8182.79	9112.66	9690.98	9431.60	6661.67	9735.23	11537.38	10511.19	12463.10	10673.48	10767.67	8720.21	10427.67	10676.19	12924.23	12715.80	6645.21
Fv	6675.77	3748.03	7526.36	5445.98	5024.91	6462.05	6365.99	4648.27	5491.05	5585.15	5734.89	3731.68	5988.16	6886.70	6219.49	7693.14	6574.79	6672.08	5207.16	6552.61	6698.84	7828.94	7988.10	4084.50
Fm_Lss1	10507.25	6676.36	11959.83	8712.73	8160.18	10070.22	10173.90	8033.07	8946.67	9380.59	9311.03	6479.02	9460.97	11303.45	10305.44	12241.92	10466.58	10526.61	8499.85	10277.60	10490.08	12654.87	12525.15	6450.97
Ft_Lss1	4337.83	3276.06	4914.90	3694.99	3423.10	4000.75	4144.36	3657.80	3753.91	4267.86	3824.67	3021.68	3990.34	4944.44	4600.23	5082.46	4361.39	4335.21	3719.03	4113.26	4226.07	5387.37	4991.19	2691.39
Fo_Lss1	4060.48	3039.93	4626.56	3451.43	3236.84	3777.76	3953.96	3506.28	3595.09	4049.07	3678.04	2894.10	3705.72	4612.21	4257.01	4737.20	4067.81	4060.23	3476.74	3854.15	3951.23	5052.89	4701.09	2531.34
Fv_Lss1	6446.77	3636.42	7333.26	5261.30	4923.33	6292.46	6219.94	4526.79	5351.57	5331.52	5632.99	3584.92	5755.26	6691.24	6048.43	7504.71	6398.77	6466.38	5023.11	6423.45	6538.85	7601.98	7824.05	3919.63
Fq_Lss1	6169.42	3400.30	7044.93	5017.74	4737.07	6069.47	6029.54	4375.27	5192.76	5112.72	5486.36	3457.34	5470.64	6359.01	5705.21	7159.46	6105.20	6191.40	4780.82	6164.34	6264.01	7267.50	7533.96	3759.57
QY_max	0.62	0.55	0.62	0.61	0.61	0.63	0.62	0.57	0.60	0.58	0.61	0.56	0.62	0.60	0.59	0.62	0.62	0.62	0.60	0.63	0.63	0.61	0.63	0.61
Fv/Fm_Lss1	0.61	0.54	0.61	0.60	0.60	0.62	0.61	0.56	0.60	0.57	0.60	0.55	0.61	0.59	0.59	0.61	0.61	0.61	0.59	0.62	0.62	0.60	0.62	0.61
QY_Lss1	0.59	0.51	0.59	0.58	0.58	0.60	0.59	0.54	0.58	0.55	0.59	0.53	0.58	0.56	0.55	0.58	0.58	0.59	0.56	0.60	0.60	0.57	0.60	0.58
NPQ_Lss1	0.03	0.02	0.02	0.03	0.01	0.02	0.02	0.02	0.02	0.03	0.01	0.03	0.03	0.02	0.02	0.02	0.02	0.02	0.03	0.01	0.02	0.02	0.02	0.03
qN_Lss1	0.04	0.04	0.03	0.04	0.02	0.03	0.03	0.03	0.03	0.06	0.02	0.05	0.05	0.03	0.03	0.03	0.03	0.04	0.04	0.02	0.03	0.03	0.02	0.05
qP_Lss1	0.96	0.94	0.96	0.95	0.96	0.96	0.97	0.97	0.97	0.96	0.97	0.96	0.95	0.95	0.94	0.95	0.95	0.96	0.95	0.96	0.96	0.96	0.96	0.96
qL_Lss1	1.02	1.01	1.02	1.02	1.02	1.02	1.02	1.01	1.01	1.01	1.01	1.01	1.02	1.02	1.02	1.02	1.02	1.02	1.02	1.02	1.02	1.02	1.02	1.02
PAR1	10.90	10.90	10.90	10.90	10.90	10.90	10.90	10.90	10.90	10.90	10.90	10.90	10.90	10.90	10.90	10.90	10.90	10.90	10.90	10.90	10.90	10.90	10.90	10.90
ETR1	2.5607	2.2212	2.5690	2.5117	2.5317	2.6286	2.5847	2.3754	2.5313	2.3770	2.5698	2.3272	2.5218	2.4535	2.4144	2.5506	2.5439	2.5651	2.4530	2.6158	2.6042	2.5046	2.6233	2.5417
