FluorCam7 Numeric Avg Export File
-----------------------------------
	Area 1	Area 2	Area 3	Area 4	Area 5	Area 6	Area 7	Area 8	Area 9	Area 10	Area 11	Area 12	Area 13	Area 14	Area 15	Area 16	Area 17	Area 18	Area 19	Area 20	Area 21	Area 22	Area 23	Area 24
Size [pixels]	5753	5244	4412	5192	2944	4939	4353	4740	5227	1713	4217	1897	3511	3565	7702	7503	6686	4285	5954	5803	5235	5109	6424	2793
Fo	2733.92	2122.28	3095.28	2499.92	2179.74	2856.53	2576.03	2239.44	2279.71	2771.03	2610.84	2450.11	2534.00	3128.30	3042.38	3349.10	2941.88	3152.06	2412.27	2708.30	2734.46	3416.84	3355.96	1771.51
Fm	7635.98	4895.90	8280.31	6308.26	4946.13	6829.37	7577.66	5601.30	6034.00	6809.87	5781.10	3639.84	6864.51	8086.19	7489.14	8557.98	6978.54	6883.24	6294.57	7565.52	7600.69	8714.71	8484.42	3910.56
Fv	4902.06	2773.62	5185.03	3808.35	2766.38	3972.85	5001.63	3361.86	3754.29	4038.84	3170.26	1189.73	4330.51	4957.89	4446.76	5208.88	4036.65	3731.18	3882.30	4857.23	4866.23	5297.87	5128.46	2139.05
Fm_Lss1	7575.70	4705.87	8052.14	6086.03	4042.65	6782.59	7539.98	5476.76	5887.80	6347.84	4397.55	3561.40	6866.75	7959.01	7213.70	8222.50	6156.65	6980.23	6262.94	7461.10	7538.14	8396.52	7840.27	4043.74
Fm_Lss2	7170.94	4355.38	7348.88	5583.26	3219.18	6534.65	7118.20	5180.31	5482.28	5380.72	3376.20	3247.80	6518.60	7494.07	6687.85	7690.19	5268.36	6874.89	5881.60	6975.19	7084.02	7646.64	6751.45	3927.49
Fm_Lss3	6931.50	4181.78	6933.51	5308.80	2855.89	6491.78	6650.35	4907.07	5078.99	4800.91	3036.89	3121.12	6367.81	7307.93	6421.33	7426.00	4785.39	6871.61	5629.10	6588.27	6806.32	7308.94	6038.76	3909.19
Fm_Lss4	6676.00	3997.87	6586.52	5050.01	2623.41	6419.81	5987.63	4530.15	4673.34	4247.80	2862.83	3029.23	6183.77	7121.96	6194.23	7183.25	4387.39	6799.49	5368.74	6152.07	6588.12	7038.32	5479.12	3870.47
Fm_Lss5	6381.58	3808.13	6157.98	4844.66	2387.52	6370.77	5332.40	4156.19	4266.36	3877.65	2763.19	2934.22	5977.85	6913.61	5999.27	6913.63	4042.00	6705.85	5188.21	5724.32	6380.60	6813.05	4996.93	3779.81
Fm_Lss6	5878.32	3593.50	5476.38	4583.53	2228.26	6269.98	4714.14	3760.47	3868.18	3476.77	2647.52	2795.26	5630.67	6580.25	5708.64	6562.41	3706.08	6515.83	4896.30	5195.06	5936.37	6387.90	4597.85	3649.01
Fm_Lss7	5411.77	3422.62	4976.99	4495.49	2138.59	6187.02	4377.14	3516.86	3607.35	3359.17	2633.93	2798.28	5416.95	6236.63	5496.22	6223.09	3453.56	6382.06	4740.31	4825.19	5487.51	6027.77	4302.51	3425.84
Fm_Lss8	4672.51	3149.38	4333.64	4124.69	2000.51	5961.08	3888.67	3119.40	3232.27	2969.56	2504.84	2546.88	4904.99	5616.21	5037.99	5720.22	3213.09	6091.24	4322.70	4301.14	4837.70	5430.82	4055.78	3220.77
Fm_Lss9	4308.10	3030.01	4100.80	4063.07	1991.27	5921.35	3768.54	2998.94	3068.50	3048.56	2552.53	2607.24	4640.92	5301.79	4840.66	5348.86	3094.39	5991.83	4116.69	4090.09	4500.72	5146.00	3923.74	3160.57
Fm_Lss10	3932.55	2834.28	3830.59	3832.37	1948.14	5779.01	3569.20	2829.89	2911.33	2985.02	2531.00	2541.72	4250.46	4798.32	4564.76	4938.55	2974.16	5787.41	3810.67	3812.68	4163.32	4853.44	3852.32	3011.22
Fm_Lss11	3579.47	2626.46	3607.29	3554.22	1903.46	5565.16	3360.82	2621.23	2710.78	2805.12	2490.57	2411.52	3798.38	4343.44	4212.51	4537.98	2897.02	5509.90	3485.83	3512.48	3848.65	4539.45	3745.51	2915.22
Fm_Lss12	3367.07	2430.25	3430.20	3332.33	1904.15	5402.32	3239.10	2488.73	2574.41	2706.22	2500.60	2335.55	3499.77	3996.09	3959.41	4214.90	2852.88	5294.95	3232.43	3330.33	3615.54	4344.34	3708.04	2816.27
Fm_Lss13	3129.04	2256.97	3284.05	3049.90	1906.96	5197.51	3105.29	2338.06	2452.22	2620.07	2464.31	2223.48	3171.78	3670.74	3686.50	3901.96	2832.46	5038.21	2985.54	3128.39	3393.68	4146.16	3670.01	2760.59
Fm_Lss14	2973.67	2088.20	3155.99	2890.41	1887.79	5020.00	2991.49	2238.61	2355.98	2523.15	2460.90	2145.84	2932.99	3444.81	3483.48	3653.39	2840.16	4826.32	2780.62	2973.64	3214.17	3984.74	3646.24	2653.96
Fm_Lss15	2876.71	1969.47	3060.74	2714.30	1939.51	4858.41	2949.40	2151.30	2267.90	2460.05	2469.59	2094.20	2732.53	3269.64	3294.41	3442.74	2844.60	4655.70	2619.05	2853.03	3089.83	3861.61	3674.34	2572.47
Ft_Lss1	3067.91	2410.89	3499.53	2862.23	2365.53	3858.87	2799.56	2398.19	2442.11	2876.25	2855.42	2557.48	2914.53	3569.11	3617.19	3995.29	3547.56	4579.65	2680.30	3029.41	3116.76	3935.07	4071.66	2413.18
Ft_Lss2	3382.80	2550.70	3729.54	3147.63	2289.29	5281.58	3248.01	2579.30	2660.25	3090.59	2731.16	2867.11	3241.33	3908.08	3959.00	4399.84	3708.90	5972.01	2879.30	3267.55	3402.65	4203.15	4360.47	3284.34
Ft_Lss3	3503.75	2532.23	3771.27	3146.14	2155.25	5695.31	3430.32	2626.66	2686.78	2941.62	2638.55	2820.15	3320.02	3977.94	3934.73	4437.15	3571.43	6317.37	2907.89	3330.61	3474.79	4249.36	4241.07	3517.50
Ft_Lss4	3697.98	2517.88	3872.03	3159.25	2065.06	5966.81	3538.26	2669.31	2702.22	2983.29	2633.24	2907.40	3461.87	4095.20	3944.11	4433.12	3427.11	6502.84	2958.74	3432.75	3592.56	4340.88	4089.87	3657.60
Ft_Lss5	3726.92	2447.16	3819.41	3086.75	1954.24	6030.03	3424.33	2580.27	2636.31	2806.47	2559.92	2829.78	3467.28	4119.94	3864.37	4362.24	3253.94	6478.69	2963.07	3359.18	3606.33	4317.74	3887.37	3609.25
Ft_Lss6	3768.97	2417.00	3694.43	3091.00	1896.84	6094.20	3391.07	2534.68	2598.75	2841.01	2552.21	2835.22	3522.75	4178.48	3861.43	4321.66	3106.36	6472.85	3011.91	3322.51	3611.16	4325.34	3742.52	3657.95
Ft_Lss7	3613.99	2348.78	3463.69	3033.89	1841.34	6032.08	3247.80	2442.02	2498.92	2720.10	2513.51	2756.22	3463.98	4103.31	3758.49	4188.29	2962.40	6320.10	2997.40	3187.05	3484.54	4174.44	3615.51	3410.02
Ft_Lss8	3404.21	2276.42	3262.90	2966.18	1798.22	5945.70	3145.69	2346.24	2422.58	2658.67	2489.96	2656.94	3361.33	3949.44	3650.38	4025.53	2848.74	6125.01	2933.43	3069.95	3307.09	4013.76	3522.34	3272.95
Ft_Lss9	3200.42	2193.53	3114.79	2907.74	1795.37	5846.73	3072.93	2262.38	2358.77	2608.31	2472.67	2595.00	3231.72	3787.99	3527.35	3851.53	2765.23	5948.94	2840.82	2953.56	3157.08	3881.03	3471.27	3171.26
Ft_Lss10	3030.56	2105.22	3007.41	2820.20	1796.65	5728.66	2996.91	2212.21	2296.21	2599.96	2479.69	2533.60	3072.90	3569.65	3398.37	3674.26	2690.30	5745.43	2735.89	2863.31	3039.70	3754.14	3434.16	2993.24
Ft_Lss11	2806.00	1967.61	2871.14	2677.26	1755.98	5497.32	2855.01	2087.54	2200.65	2392.13	2424.04	2347.40	2825.40	3300.35	3201.82	3467.78	2678.81	5439.12	2550.78	2710.38	2880.25	3592.64	3415.63	2899.48
Ft_Lss12	2709.40	1881.04	2809.67	2567.95	1771.03	5337.89	2809.86	2035.74	2146.98	2402.92	2430.53	2286.41	2663.33	3137.57	3069.55	3305.98	2668.64	5231.82	2433.19	2633.91	2798.43	3524.47	3415.07	2833.98
Ft_Lss13	2611.10	1783.95	2761.36	2469.72	1785.28	5168.94	2766.20	1975.19	2099.13	2349.45	2423.13	2203.54	2528.39	3002.22	2957.15	3153.75	2692.09	5024.21	2331.36	2558.27	2702.37	3453.14	3433.08	2747.81
Ft_Lss14	2559.27	1718.78	2731.91	2382.23	1833.73	5019.56	2729.18	1946.68	2065.16	2328.10	2443.19	2167.32	2393.91	2890.06	2864.52	3031.05	2707.51	4849.42	2247.12	2506.17	2656.94	3409.05	3471.05	2661.96
Ft_Lss15	2436.79	1620.50	2669.46	2272.37	1845.09	4781.89	2641.91	1863.81	1997.30	2213.08	2413.20	2018.45	2250.94	2752.97	2723.35	2904.62	2757.51	4594.59	2114.01	2424.20	2578.08	3316.53	3487.41	2509.34
Fo_Lss1	2726.15	2085.77	3062.84	2464.26	1984.31	2848.31	2571.66	2219.27	2258.52	2691.32	2286.03	2414.32	2534.31	3109.08	2995.91	3296.46	2785.15	3172.25	2407.61	2694.80	2726.32	3366.82	3250.33	1798.34
Fo_Lss2	2671.88	2013.93	2955.26	2377.57	1762.96	2803.64	2520.72	2168.97	2196.21	2500.75	1975.38	2265.99	2485.32	3035.51	2901.17	3207.46	2587.76	3150.31	2349.07	2628.66	2664.54	3239.44	3046.64	1774.98
Fo_Lss3	2637.93	1976.00	2885.74	2326.35	1648.14	2795.72	2459.45	2119.56	2128.50	2367.85	1854.17	2203.59	2463.08	3004.52	2849.86	3160.56	2465.54	3149.62	2307.72	2571.74	2624.27	3177.24	2892.59	1771.23
Fo_Lss4	2600.06	1933.96	2823.83	2275.26	1567.95	2782.29	2362.74	2046.02	2053.79	2224.96	1787.80	2157.38	2435.05	2972.60	2804.23	3115.74	2355.45	3134.38	2262.73	2502.48	2591.18	3125.01	2757.67	1763.24
Fo_Lss5	2554.16	1888.45	2742.02	2232.62	1480.53	2773.03	2253.47	1966.13	1971.16	2119.01	1748.43	2108.75	2402.46	2935.68	2763.57	3063.92	2252.13	3114.34	2230.03	2428.66	2558.46	3079.80	2629.94	1744.18
Fo_Lss6	2469.54	1834.12	2598.03	2175.50	1417.69	2753.77	2135.13	1872.89	1881.67	1993.41	1701.39	2036.01	2344.37	2873.86	2700.24	2992.93	2143.86	3072.72	2174.31	2328.03	2483.92	2989.85	2515.05	1715.80
Fo_Lss7	2383.23	1788.55	2479.98	2155.47	1380.86	2737.64	2063.19	1810.43	1817.73	1954.18	1695.77	2037.62	2306.48	2806.33	2651.77	2920.31	2056.86	3042.64	2143.00	2250.72	2401.72	2908.51	2424.03	1664.80
Fo_Lss8	2227.99	1710.97	2309.17	2066.40	1321.94	2692.49	1947.86	1698.99	1717.32	1815.61	1641.31	1900.98	2208.34	2673.44	2540.29	2804.61	1969.09	2974.93	2053.32	2129.68	2268.37	2762.02	2343.70	1614.84
Fo_Lss9	2141.61	1675.12	2241.35	2050.82	1317.90	2684.35	1917.25	1662.62	1669.96	1844.83	1661.66	1934.40	2153.18	2600.03	2489.13	2712.28	1923.87	2951.02	2005.64	2076.63	2191.43	2686.40	2298.99	1599.56
Fo_Lss10	2044.55	1613.52	2158.15	1990.34	1298.87	2654.71	1864.27	1609.32	1622.30	1821.37	1652.51	1898.10	2065.16	2472.79	2414.10	2602.63	1876.70	2900.56	1930.13	2002.64	2108.24	2604.45	2274.29	1560.40
Fo_Lss11	1944.81	1543.97	2085.42	1912.61	1278.85	2608.66	1805.79	1539.62	1558.06	1752.78	1635.18	1824.54	1952.26	2346.17	2311.86	2486.94	1845.69	2829.14	1843.13	1916.60	2024.43	2511.24	2236.63	1534.22
Fo_Lss12	1880.37	1474.01	2024.98	1846.44	1279.16	2572.32	1770.05	1492.94	1512.03	1713.65	1639.49	1780.72	1870.25	2240.95	2233.51	2386.69	1827.67	2771.38	1769.77	1861.06	1958.02	2450.36	2223.22	1506.36
Fo_Lss13	1803.74	1408.43	1973.14	1756.32	1280.43	2524.94	1729.33	1437.37	1469.04	1678.70	1623.82	1714.82	1772.31	2134.84	2143.97	2283.00	1819.27	2699.38	1693.11	1796.26	1891.07	2386.03	2209.49	1490.28
Fo_Lss14	1751.00	1340.80	1926.18	1702.24	1271.76	2482.30	1693.46	1399.16	1433.95	1638.38	1622.33	1668.26	1695.19	2056.40	2073.69	2195.60	1822.44	2637.34	1625.19	1744.15	1833.99	2331.67	2200.85	1458.65
Fo_Lss15	1716.93	1290.84	1890.28	1639.58	1295.03	2442.14	1679.89	1364.55	1400.83	1611.54	1626.11	1636.88	1626.24	1992.67	2005.18	2117.73	1824.27	2585.56	1568.63	1701.95	1792.83	2288.97	2211.06	1433.69
Fv_Lss1	4849.55	2620.11	4989.30	3621.78	2058.34	3934.28	4968.31	3257.49	3629.27	3656.52	2111.52	1147.09	4332.44	4849.93	4217.79	4926.03	3371.50	3807.98	3855.33	4766.30	4811.81	5029.70	4589.94	2245.40
Fv_Lss2	4499.06	2341.45	4393.61	3205.69	1456.23	3731.01	4597.48	3011.34	3286.07	2879.96	1400.82	981.81	4033.28	4458.56	3786.68	4482.74	2680.59	3724.58	3532.54	4346.53	4419.48	4407.20	3704.81	2152.51
Fv_Lss3	4293.57	2205.78	4047.76	2982.45	1207.75	3696.06	4190.90	2787.51	2950.49	2433.07	1182.72	917.54	3904.73	4303.41	3571.47	4265.44	2319.85	3721.99	3321.38	4016.53	4182.05	4131.69	3146.17	2137.96
Fv_Lss4	4075.95	2063.90	3762.70	2774.75	1055.46	3637.52	3624.89	2484.13	2619.55	2022.84	1075.03	871.85	3748.72	4149.36	3390.00	4067.50	2031.94	3665.10	3106.00	3649.59	3996.94	3913.31	2721.46	2107.23
Fv_Lss5	3827.41	1919.69	3415.96	2612.04	906.99	3597.74	3078.93	2190.06	2295.20	1758.64	1014.76	825.47	3575.39	3977.93	3235.70	3849.71	1789.87	3591.52	2958.18	3295.66	3822.15	3733.25	2366.99	2035.63
Fv_Lss6	3408.77	1759.38	2878.34	2408.03	810.57	3516.22	2579.00	1887.58	1986.51	1483.36	946.12	759.25	3286.31	3706.40	3008.40	3569.48	1562.22	3443.11	2721.99	2867.03	3452.44	3398.06	2082.81	1933.21
Fv_Lss7	3028.55	1634.08	2497.00	2340.02	757.74	3449.38	2313.95	1706.42	1789.61	1404.99	938.16	760.67	3110.47	3430.30	2844.45	3302.79	1396.70	3339.41	2597.31	2574.47	3085.79	3119.26	1878.48	1761.03
Fv_Lss8	2444.52	1438.40	2024.47	2058.29	678.57	3268.59	1940.81	1420.41	1514.96	1153.96	863.52	645.90	2696.66	2942.78	2497.70	2915.62	1244.00	3116.31	2269.38	2171.46	2569.33	2668.80	1712.08	1605.93
Fv_Lss9	2166.49	1354.89	1859.44	2012.26	673.37	3237.00	1851.29	1336.32	1398.54	1203.73	890.87	672.83	2487.75	2701.75	2351.53	2636.58	1170.53	3040.82	2111.05	2013.47	2309.28	2459.60	1624.74	1561.00
Fv_Lss10	1888.00	1220.76	1672.44	1842.03	649.27	3124.30	1704.92	1220.57	1289.03	1163.65	878.49	643.62	2185.30	2325.53	2150.66	2335.92	1097.46	2886.85	1880.54	1810.03	2055.08	2248.99	1578.03	1450.82
Fv_Lss11	1634.65	1082.49	1521.87	1641.62	624.61	2956.50	1555.03	1081.61	1152.71	1052.34	855.40	586.98	1846.12	1997.27	1900.65	2051.03	1051.33	2680.75	1642.70	1595.87	1824.23	2028.22	1508.87	1381.01
Fv_Lss12	1486.70	956.23	1405.22	1485.88	624.98	2830.00	1469.05	995.79	1062.38	992.57	861.11	554.84	1629.52	1755.14	1725.91	1828.22	1025.21	2523.57	1462.66	1469.27	1657.52	1893.99	1484.83	1309.91
Fv_Lss13	1325.30	848.54	1310.91	1293.57	626.52	2672.57	1375.96	900.69	983.18	941.37	840.50	508.67	1399.47	1535.90	1542.53	1618.95	1013.19	2338.83	1292.42	1332.12	1502.61	1760.13	1460.52	1270.31
Fv_Lss14	1222.67	747.40	1229.81	1188.18	616.03	2537.70	1298.03	839.45	922.03	884.78	838.57	477.58	1237.80	1388.41	1409.79	1457.79	1017.72	2188.98	1155.43	1229.49	1380.18	1653.07	1445.39	1195.31
Fv_Lss15	1159.78	678.63	1170.46	1074.71	644.48	2416.27	1269.52	786.76	867.06	848.52	843.48	457.32	1106.29	1276.97	1289.23	1325.01	1020.33	2070.14	1050.41	1151.08	1297.00	1572.65	1463.28	1138.79
Fq_Lss1	4507.79	2294.99	4552.60	3223.80	1677.11	2923.72	4740.41	3078.57	3445.68	3471.59	1542.12	1003.92	3952.22	4389.89	3596.51	4227.21	2609.09	2400.57	3582.65	4431.69	4421.37	4461.44	3768.61	1630.56
Fq_Lss2	3788.14	1804.68	3619.34	2435.63	929.89	1253.07	3870.18	2601.01	2822.02	2290.12	645.04	380.69	3277.27	3586.00	2728.85	3290.35	1559.45	902.88	3002.31	3707.64	3681.37	3443.49	2390.98	643.16
Fq_Lss3	3427.75	1649.55	3162.24	2162.66	700.65	796.46	3220.03	2280.41	2392.21	1859.29	398.34	300.98	3047.79	3329.99	2486.60	2988.84	1213.96	554.25	2721.21	3257.66	3331.53	3059.57	1797.69	391.69
Fq_Lss4	2978.02	1479.98	2714.50	1890.75	558.35	453.00	2449.38	1860.84	1971.13	1264.51	229.59	121.84	2721.91	3026.77	2250.12	2750.13	960.28	296.65	2410.00	2719.32	2995.56	2697.44	1389.25	212.87
Fq_Lss5	2654.65	1360.97	2338.58	1757.91	433.28	340.74	1908.07	1575.92	1630.05	1071.18	203.27	104.44	2510.57	2793.67	2134.91	2551.39	788.06	227.17	2225.14	2365.14	2774.27	2495.31	1109.56	170.56
Fq_Lss6	2109.35	1176.50	1781.94	1492.53	331.42	175.78	1323.07	1225.79	1269.43	635.76	95.31	-39.95	2107.92	2401.77	1847.21	2240.75	599.72	42.98	1884.39	1872.54	2325.20	2062.57	855.34	-8.94
Fq_Lss7	1797.78	1073.84	1513.30	1461.60	297.26	154.94	1129.34	1074.83	1108.42	639.07	120.42	42.06	1952.97	2133.32	1737.72	2034.80	491.16	61.95	1742.91	1638.14	2002.97	1853.33	687.00	15.82
Fq_Lss8	1268.30	872.96	1070.74	1158.51	202.30	15.38	742.99	773.16	809.69	310.90	14.88	-110.05	1543.66	1666.77	1387.61	1694.69	364.35	-33.77	1389.27	1231.19	1530.61	1417.05	533.44	-52.18
Fq_Lss9	1107.68	836.48	986.01	1155.33	195.90	74.62	695.61	736.55	709.72	440.25	79.86	12.24	1409.20	1513.80	1313.31	1497.32	329.16	42.89	1275.88	1136.53	1343.64	1264.97	452.47	-10.69
Fq_Lss10	901.99	729.06	823.18	1012.17	151.49	50.35	572.29	617.68	615.12	385.05	51.30	8.12	1177.56	1228.67	1166.38	1264.30	283.86	41.99	1074.78	949.37	1123.61	1099.29	418.16	17.98
Fq_Lss11	773.47	658.85	736.15	876.96	147.48	67.84	505.81	533.69	510.13	412.99	66.53	64.12	972.98	1043.09	1010.68	1070.19	218.20	70.78	935.04	802.10	968.41	946.81	329.88	15.74
Fq_Lss12	657.66	549.21	620.54	764.38	133.12	64.43	429.24	452.99	427.43	303.30	70.07	49.14	836.44	858.52	889.86	908.92	184.23	63.13	799.24	696.42	817.12	819.87	292.97	-17.71
Fq_Lss13	517.94	473.02	522.68	580.18	121.68	28.57	339.10	362.87	353.09	270.62	41.18	19.95	643.39	668.52	729.35	748.21	140.37	14.00	654.17	570.12	691.30	693.02	236.93	12.78
Fq_Lss14	414.40	369.42	424.09	508.18	54.07	0.44	262.31	291.93	290.82	195.05	17.71	-21.48	539.09	554.75	618.96	622.34	132.65	-23.10	533.50	467.46	557.23	575.68	175.19	-8.00
Fq_Lss15	439.92	348.97	391.29	441.93	94.42	76.51	307.50	287.49	270.59	246.97	56.39	75.75	481.58	516.67	571.06	538.12	87.09	61.11	505.03	428.82	511.75	545.08	186.93	63.14
QY_max	0.64	0.57	0.63	0.60	0.56	0.58	0.66	0.60	0.62	0.59	0.55	0.33	0.63	0.61	0.59	0.61	0.58	0.54	0.62	0.64	0.64	0.61	0.60	0.55
Fv/Fm_Lss1	0.64	0.56	0.62	0.60	0.51	0.58	0.66	0.59	0.62	0.58	0.48	0.32	0.63	0.61	0.58	0.60	0.55	0.55	0.62	0.64	0.64	0.60	0.59	0.56
Fv/Fm_Lss2	0.63	0.54	0.60	0.57	0.45	0.57	0.65	0.58	0.60	0.54	0.41	0.30	0.62	0.59	0.57	0.58	0.51	0.54	0.60	0.62	0.62	0.58	0.55	0.55
Fv/Fm_Lss3	0.62	0.53	0.58	0.56	0.42	0.57	0.63	0.57	0.58	0.51	0.39	0.29	0.61	0.59	0.56	0.57	0.48	0.54	0.59	0.61	0.61	0.57	0.52	0.55
Fv/Fm_Lss4	0.61	0.52	0.57	0.55	0.40	0.57	0.61	0.55	0.56	0.48	0.38	0.29	0.61	0.58	0.55	0.57	0.46	0.54	0.58	0.59	0.61	0.56	0.50	0.54
Fv/Fm_Lss5	0.60	0.50	0.55	0.54	0.38	0.56	0.58	0.53	0.54	0.45	0.37	0.28	0.60	0.58	0.54	0.56	0.44	0.54	0.57	0.58	0.60	0.55	0.47	0.54
Fv/Fm_Lss6	0.58	0.49	0.53	0.53	0.36	0.56	0.55	0.50	0.51	0.43	0.36	0.27	0.58	0.56	0.53	0.54	0.42	0.53	0.56	0.55	0.58	0.53	0.45	0.53
Fv/Fm_Lss7	0.56	0.48	0.50	0.52	0.35	0.56	0.53	0.49	0.50	0.42	0.36	0.27	0.57	0.55	0.52	0.53	0.40	0.52	0.55	0.53	0.56	0.52	0.44	0.51
Fv/Fm_Lss8	0.52	0.46	0.47	0.50	0.34	0.55	0.50	0.46	0.47	0.39	0.34	0.25	0.55	0.52	0.50	0.51	0.39	0.51	0.52	0.50	0.53	0.49	0.42	0.50
Fv/Fm_Lss9	0.50	0.45	0.45	0.50	0.34	0.55	0.49	0.45	0.46	0.39	0.35	0.26	0.54	0.51	0.49	0.49	0.38	0.51	0.51	0.49	0.51	0.48	0.41	0.49
Fv/Fm_Lss10	0.48	0.43	0.44	0.48	0.33	0.54	0.48	0.43	0.44	0.39	0.35	0.25	0.51	0.48	0.47	0.47	0.37	0.50	0.49	0.47	0.49	0.46	0.41	0.48
Fv/Fm_Lss11	0.46	0.41	0.42	0.46	0.33	0.53	0.46	0.41	0.43	0.38	0.34	0.24	0.49	0.46	0.45	0.45	0.36	0.49	0.47	0.45	0.47	0.45	0.40	0.47
Fv/Fm_Lss12	0.44	0.39	0.41	0.45	0.33	0.52	0.45	0.40	0.41	0.37	0.34	0.24	0.47	0.44	0.44	0.43	0.36	0.48	0.45	0.44	0.46	0.44	0.40	0.47
Fv/Fm_Lss13	0.42	0.38	0.40	0.42	0.33	0.51	0.44	0.39	0.40	0.36	0.34	0.23	0.44	0.42	0.42	0.41	0.36	0.46	0.43	0.43	0.44	0.42	0.40	0.46
Fv/Fm_Lss14	0.41	0.36	0.39	0.41	0.33	0.51	0.43	0.37	0.39	0.35	0.34	0.22	0.42	0.40	0.40	0.40	0.36	0.45	0.42	0.41	0.43	0.41	0.40	0.45
Fv/Fm_Lss15	0.40	0.34	0.38	0.40	0.33	0.50	0.43	0.37	0.38	0.34	0.34	0.22	0.40	0.39	0.39	0.38	0.36	0.44	0.40	0.40	0.42	0.41	0.40	0.44
QY_Lss1	0.60	0.49	0.57	0.53	0.41	0.43	0.63	0.56	0.59	0.55	0.35	0.28	0.58	0.55	0.50	0.51	0.42	0.34	0.57	0.59	0.59	0.53	0.48	0.40
QY_Lss2	0.53	0.41	0.49	0.44	0.29	0.19	0.54	0.50	0.51	0.43	0.19	0.12	0.50	0.48	0.41	0.43	0.30	0.13	0.51	0.53	0.52	0.45	0.35	0.16
QY_Lss3	0.49	0.39	0.46	0.41	0.25	0.12	0.48	0.46	0.47	0.39	0.13	0.10	0.48	0.46	0.39	0.40	0.25	0.08	0.48	0.49	0.49	0.42	0.30	0.10
QY_Lss4	0.45	0.37	0.41	0.37	0.21	0.07	0.41	0.41	0.42	0.30	0.08	0.04	0.44	0.42	0.36	0.38	0.22	0.04	0.45	0.44	0.45	0.38	0.25	0.05
QY_Lss5	0.42	0.36	0.38	0.36	0.18	0.05	0.36	0.38	0.38	0.28	0.07	0.04	0.42	0.40	0.36	0.37	0.19	0.03	0.43	0.41	0.43	0.37	0.22	0.05
QY_Lss6	0.36	0.33	0.33	0.33	0.15	0.03	0.28	0.33	0.33	0.18	0.04	-0.01	0.37	0.36	0.32	0.34	0.16	0.01	0.38	0.36	0.39	0.32	0.19	-0.00
QY_Lss7	0.33	0.31	0.30	0.33	0.14	0.03	0.26	0.31	0.31	0.19	0.05	0.02	0.36	0.34	0.32	0.33	0.14	0.01	0.37	0.34	0.37	0.31	0.16	0.00
QY_Lss8	0.27	0.28	0.25	0.28	0.10	0.00	0.19	0.25	0.25	0.10	0.01	-0.04	0.31	0.30	0.28	0.30	0.11	-0.01	0.32	0.29	0.32	0.26	0.13	-0.02
QY_Lss9	0.26	0.28	0.24	0.28	0.10	0.01	0.18	0.25	0.23	0.14	0.03	0.00	0.30	0.29	0.27	0.28	0.11	0.01	0.31	0.28	0.30	0.25	0.12	-0.00
QY_Lss10	0.23	0.26	0.21	0.26	0.08	0.01	0.16	0.22	0.21	0.13	0.02	0.00	0.28	0.26	0.26	0.26	0.10	0.01	0.28	0.25	0.27	0.23	0.11	0.01
QY_Lss11	0.22	0.25	0.20	0.25	0.08	0.01	0.15	0.20	0.19	0.15	0.03	0.03	0.26	0.24	0.24	0.24	0.08	0.01	0.27	0.23	0.25	0.21	0.09	0.01
QY_Lss12	0.20	0.23	0.18	0.23	0.07	0.01	0.13	0.18	0.17	0.11	0.03	0.02	0.24	0.21	0.22	0.22	0.06	0.01	0.25	0.21	0.23	0.19	0.08	-0.01
QY_Lss13	0.17	0.21	0.16	0.19	0.06	0.01	0.11	0.16	0.14	0.10	0.02	0.01	0.20	0.18	0.20	0.19	0.05	0.00	0.22	0.18	0.20	0.17	0.06	0.00
QY_Lss14	0.14	0.18	0.13	0.18	0.03	0.00	0.09	0.13	0.12	0.08	0.01	-0.01	0.18	0.16	0.18	0.17	0.05	-0.00	0.19	0.16	0.17	0.14	0.05	-0.00
QY_Lss15	0.15	0.18	0.13	0.16	0.05	0.02	0.10	0.13	0.12	0.10	0.02	0.04	0.18	0.16	0.17	0.16	0.03	0.01	0.19	0.15	0.17	0.14	0.05	0.02
NPQ_Lss1	0.01	0.04	0.03	0.04	0.22	0.01	0.00	0.02	0.02	0.07	0.31	0.02	-0.00	0.02	0.04	0.04	0.13	-0.01	0.01	0.01	0.01	0.04	0.08	-0.03
NPQ_Lss2	0.06	0.12	0.13	0.13	0.54	0.05	0.06	0.08	0.10	0.27	0.71	0.12	0.05	0.08	0.12	0.11	0.32	0.00	0.07	0.08	0.07	0.14	0.26	-0.00
NPQ_Lss3	0.10	0.17	0.19	0.19	0.73	0.05	0.14	0.14	0.19	0.42	0.90	0.17	0.08	0.11	0.17	0.15	0.46	0.00	0.12	0.15	0.12	0.19	0.40	0.00
NPQ_Lss4	0.14	0.22	0.26	0.25	0.89	0.06	0.27	0.24	0.29	0.60	1.02	0.20	0.11	0.14	0.21	0.19	0.59	0.01	0.17	0.23	0.15	0.24	0.55	0.01
NPQ_Lss5	0.20	0.29	0.34	0.30	1.07	0.07	0.42	0.35	0.41	0.76	1.09	0.24	0.15	0.17	0.25	0.24	0.73	0.03	0.21	0.32	0.19	0.28	0.70	0.03
NPQ_Lss6	0.30	0.36	0.51	0.38	1.22	0.09	0.61	0.49	0.56	0.96	1.18	0.30	0.22	0.23	0.31	0.30	0.88	0.06	0.29	0.46	0.28	0.36	0.85	0.07
NPQ_Lss7	0.41	0.43	0.66	0.40	1.31	0.10	0.73	0.59	0.67	1.03	1.19	0.30	0.27	0.30	0.36	0.38	1.02	0.08	0.33	0.57	0.39	0.45	0.97	0.14
NPQ_Lss8	0.63	0.55	0.91	0.53	1.47	0.15	0.95	0.80	0.87	1.29	1.31	0.43	0.40	0.44	0.49	0.50	1.17	0.13	0.46	0.76	0.57	0.60	1.09	0.21
NPQ_Lss9	0.77	0.62	1.02	0.55	1.48	0.15	1.01	0.87	0.97	1.23	1.26	0.40	0.48	0.53	0.55	0.60	1.26	0.15	0.53	0.85	0.69	0.69	1.16	0.24
NPQ_Lss10	0.94	0.73	1.16	0.65	1.54	0.18	1.12	0.98	1.07	1.28	1.28	0.43	0.62	0.69	0.64	0.73	1.35	0.19	0.65	0.98	0.83	0.80	1.20	0.30
NPQ_Lss11	1.13	0.86	1.30	0.77	1.60	0.23	1.25	1.14	1.23	1.43	1.32	0.51	0.81	0.86	0.78	0.89	1.41	0.25	0.81	1.15	0.97	0.92	1.27	0.34
NPQ_Lss12	1.27	1.01	1.41	0.89	1.60	0.26	1.34	1.25	1.34	1.52	1.31	0.56	0.96	1.02	0.89	1.03	1.45	0.30	0.95	1.27	1.10	1.01	1.29	0.39
NPQ_Lss13	1.44	1.17	1.52	1.07	1.59	0.31	1.44	1.40	1.46	1.60	1.35	0.64	1.16	1.20	1.03	1.19	1.46	0.37	1.11	1.42	1.24	1.10	1.31	0.42
NPQ_Lss14	1.57	1.34	1.62	1.18	1.62	0.36	1.53	1.50	1.56	1.70	1.35	0.70	1.34	1.35	1.15	1.34	1.46	0.43	1.26	1.54	1.36	1.19	1.33	0.47
NPQ_Lss15	1.65	1.49	1.71	1.32	1.55	0.41	1.57	1.60	1.66	1.77	1.34	0.74	1.51	1.47	1.27	1.49	1.45	0.48	1.40	1.65	1.46	1.26	1.31	0.52
qN_Lss1	0.01	0.07	0.04	0.06	0.31	0.01	0.01	0.04	0.04	0.11	0.40	0.06	-0.00	0.03	0.06	0.06	0.20	-0.03	0.01	0.02	0.01	0.06	0.12	-0.06
qN_Lss2	0.09	0.19	0.17	0.18	0.54	0.07	0.09	0.12	0.14	0.33	0.63	0.29	0.08	0.12	0.17	0.16	0.39	0.00	0.10	0.12	0.10	0.20	0.32	-0.01
qN_Lss3	0.14	0.24	0.25	0.25	0.63	0.08	0.18	0.20	0.24	0.45	0.70	0.36	0.11	0.15	0.23	0.21	0.49	0.00	0.17	0.20	0.16	0.25	0.44	0.00
qN_Lss4	0.19	0.30	0.31	0.31	0.69	0.10	0.30	0.30	0.34	0.56	0.73	0.41	0.15	0.19	0.28	0.25	0.56	0.02	0.23	0.28	0.20	0.30	0.52	0.02
qN_Lss5	0.25	0.36	0.38	0.36	0.74	0.11	0.42	0.40	0.44	0.63	0.75	0.46	0.20	0.23	0.32	0.30	0.62	0.05	0.27	0.36	0.24	0.34	0.60	0.06
qN_Lss6	0.34	0.43	0.49	0.42	0.77	0.14	0.53	0.49	0.52	0.69	0.77	0.53	0.27	0.29	0.37	0.36	0.68	0.10	0.34	0.45	0.33	0.41	0.65	0.12
qN_Lss7	0.42	0.47	0.57	0.44	0.79	0.16	0.58	0.55	0.58	0.71	0.77	0.53	0.32	0.35	0.41	0.41	0.72	0.13	0.37	0.52	0.41	0.46	0.69	0.22
qN_Lss8	0.55	0.55	0.66	0.51	0.81	0.21	0.66	0.64	0.65	0.77	0.79	0.63	0.42	0.46	0.50	0.49	0.75	0.20	0.46	0.60	0.52	0.55	0.72	0.30
qN_Lss9	0.61	0.58	0.69	0.53	0.81	0.22	0.67	0.66	0.68	0.76	0.78	0.61	0.47	0.51	0.53	0.55	0.77	0.23	0.51	0.63	0.57	0.59	0.74	0.32
qN_Lss10	0.66	0.63	0.73	0.57	0.82	0.25	0.70	0.69	0.71	0.77	0.79	0.63	0.54	0.59	0.58	0.61	0.78	0.28	0.57	0.67	0.63	0.63	0.75	0.38
qN_Lss11	0.71	0.68	0.75	0.63	0.83	0.30	0.73	0.73	0.74	0.79	0.79	0.68	0.62	0.65	0.63	0.66	0.80	0.34	0.63	0.72	0.67	0.67	0.76	0.42
qN_Lss12	0.74	0.72	0.78	0.67	0.83	0.34	0.75	0.76	0.77	0.81	0.79	0.70	0.67	0.70	0.67	0.70	0.80	0.39	0.68	0.74	0.71	0.70	0.76	0.46
qN_Lss13	0.77	0.76	0.79	0.72	0.83	0.38	0.76	0.78	0.78	0.82	0.80	0.74	0.73	0.74	0.71	0.74	0.80	0.44	0.72	0.77	0.74	0.72	0.77	0.48
qN_Lss14	0.79	0.79	0.81	0.74	0.83	0.42	0.78	0.80	0.80	0.83	0.80	0.76	0.76	0.77	0.74	0.77	0.80	0.48	0.75	0.79	0.76	0.74	0.77	0.51
qN_Lss15	0.80	0.81	0.82	0.77	0.82	0.45	0.78	0.81	0.81	0.84	0.80	0.77	0.79	0.79	0.76	0.79	0.80	0.52	0.78	0.80	0.78	0.76	0.77	0.54
qP_Lss1	0.93	0.88	0.91	0.89	0.81	0.74	0.95	0.95	0.95	0.95	0.73	0.88	0.91	0.91	0.85	0.86	0.77	0.63	0.93	0.93	0.92	0.89	0.82	0.73
qP_Lss2	0.84	0.77	0.82	0.76	0.64	0.34	0.84	0.86	0.86	0.80	0.46	0.39	0.81	0.80	0.72	0.73	0.58	0.24	0.85	0.85	0.83	0.78	0.65	0.30
qP_Lss3	0.80	0.75	0.78	0.73	0.58	0.22	0.77	0.82	0.81	0.76	0.34	0.33	0.78	0.77	0.70	0.70	0.52	0.15	0.82	0.81	0.80	0.74	0.57	0.18
qP_Lss4	0.73	0.72	0.72	0.68	0.53	0.12	0.68	0.75	0.75	0.63	0.21	0.14	0.73	0.73	0.66	0.68	0.47	0.08	0.78	0.75	0.75	0.69	0.51	0.10
qP_Lss5	0.69	0.71	0.68	0.67	0.48	0.09	0.62	0.72	0.71	0.61	0.20	0.13	0.70	0.70	0.66	0.66	0.44	0.06	0.75	0.72	0.73	0.67	0.47	0.08
qP_Lss6	0.62	0.67	0.62	0.62	0.41	0.05	0.51	0.65	0.64	0.43	0.10	-0.05	0.64	0.65	0.61	0.63	0.38	0.01	0.69	0.65	0.67	0.61	0.41	-0.00
qP_Lss7	0.59	0.66	0.61	0.62	0.39	0.04	0.49	0.63	0.62	0.45	0.13	0.06	0.63	0.62	0.61	0.62	0.35	0.02	0.67	0.64	0.65	0.59	0.37	0.01
qP_Lss8	0.52	0.61	0.53	0.56	0.30	0.00	0.38	0.54	0.53	0.27	0.02	-0.17	0.57	0.57	0.56	0.58	0.29	-0.01	0.61	0.57	0.60	0.53	0.31	-0.03
qP_Lss9	0.51	0.62	0.53	0.57	0.29	0.02	0.38	0.55	0.51	0.37	0.09	0.02	0.57	0.56	0.56	0.57	0.28	0.01	0.60	0.56	0.58	0.51	0.28	-0.01
qP_Lss10	0.48	0.60	0.49	0.55	0.23	0.02	0.34	0.51	0.48	0.33	0.06	0.01	0.54	0.53	0.54	0.54	0.26	0.01	0.57	0.52	0.55	0.49	0.26	0.01
qP_Lss11	0.47	0.61	0.48	0.53	0.24	0.02	0.33	0.49	0.44	0.39	0.08	0.11	0.53	0.52	0.53	0.52	0.21	0.03	0.57	0.50	0.53	0.47	0.22	0.01
qP_Lss12	0.44	0.57	0.44	0.51	0.21	0.02	0.29	0.45	0.40	0.31	0.08	0.09	0.51	0.49	0.52	0.50	0.18	0.03	0.55	0.47	0.49	0.43	0.20	-0.01
qP_Lss13	0.39	0.56	0.40	0.45	0.19	0.01	0.25	0.40	0.36	0.29	0.05	0.04	0.46	0.44	0.47	0.46	0.14	0.01	0.51	0.43	0.46	0.39	0.16	0.01
qP_Lss14	0.34	0.49	0.34	0.43	0.09	0.00	0.20	0.35	0.32	0.22	0.02	-0.04	0.44	0.40	0.44	0.43	0.13	-0.01	0.46	0.38	0.40	0.35	0.12	-0.01
qP_Lss15	0.38	0.51	0.33	0.41	0.15	0.03	0.24	0.37	0.31	0.29	0.07	0.17	0.44	0.40	0.44	0.41	0.09	0.03	0.48	0.37	0.39	0.35	0.13	0.06
qL_Lss1	1.05	1.01	1.04	1.03	0.97	1.01	1.04	1.02	1.03	1.01	0.91	0.93	1.05	1.04	1.03	1.04	0.99	0.91	1.03	1.05	1.05	1.04	1.03	0.97
qL_Lss2	1.07	0.98	1.04	1.01	0.83	0.63	1.08	1.03	1.04	0.98	0.64	0.49	1.06	1.04	0.98	1.01	0.83	0.46	1.04	1.06	1.06	1.01	0.92	0.55
qL_Lss3	1.06	0.96	1.02	0.98	0.76	0.44	1.07	1.01	1.02	0.95	0.48	0.42	1.05	1.02	0.96	0.98	0.76	0.30	1.03	1.05	1.05	0.99	0.84	0.36
qL_Lss4	1.04	0.93	0.99	0.95	0.70	0.27	1.01	0.98	0.99	0.84	0.31	0.19	1.03	1.00	0.93	0.96	0.69	0.17	1.01	1.02	1.04	0.96	0.76	0.21
qL_Lss5	1.01	0.92	0.95	0.93	0.63	0.21	0.94	0.94	0.95	0.81	0.29	0.17	1.01	0.99	0.92	0.94	0.64	0.13	1.00	0.99	1.02	0.94	0.69	0.17
qL_Lss6	0.94	0.88	0.88	0.88	0.55	0.11	0.81	0.88	0.88	0.61	0.15	-0.07	0.96	0.94	0.88	0.91	0.56	0.03	0.96	0.93	0.98	0.88	0.61	-0.01
qL_Lss7	0.90	0.86	0.85	0.88	0.52	0.10	0.77	0.85	0.85	0.63	0.19	0.07	0.94	0.91	0.87	0.88	0.51	0.04	0.94	0.90	0.94	0.85	0.55	0.02
qL_Lss8	0.79	0.81	0.75	0.81	0.41	0.01	0.62	0.75	0.75	0.39	0.03	-0.24	0.87	0.84	0.80	0.83	0.42	-0.02	0.87	0.82	0.87	0.77	0.47	-0.07
qL_Lss9	0.76	0.81	0.74	0.81	0.40	0.05	0.60	0.75	0.72	0.52	0.13	0.02	0.85	0.82	0.79	0.81	0.40	0.03	0.86	0.80	0.84	0.74	0.42	-0.01
qL_Lss10	0.71	0.78	0.69	0.78	0.32	0.03	0.54	0.70	0.68	0.47	0.09	0.02	0.80	0.76	0.76	0.76	0.37	0.03	0.81	0.75	0.79	0.70	0.40	0.02
qL_Lss11	0.68	0.78	0.67	0.75	0.32	0.05	0.51	0.67	0.63	0.54	0.12	0.14	0.76	0.73	0.74	0.73	0.30	0.05	0.79	0.71	0.76	0.67	0.33	0.02
qL_Lss12	0.64	0.73	0.61	0.72	0.29	0.05	0.46	0.62	0.57	0.43	0.12	0.11	0.73	0.68	0.71	0.69	0.26	0.05	0.75	0.67	0.70	0.62	0.30	-0.03
qL_Lss13	0.57	0.71	0.56	0.63	0.27	0.02	0.39	0.55	0.51	0.40	0.07	0.05	0.66	0.61	0.65	0.64	0.21	0.01	0.70	0.61	0.66	0.57	0.25	0.02
qL_Lss14	0.50	0.63	0.49	0.60	0.13	0.00	0.33	0.48	0.45	0.31	0.03	-0.06	0.62	0.56	0.61	0.59	0.19	-0.02	0.64	0.55	0.58	0.51	0.19	-0.01
qL_Lss15	0.54	0.65	0.47	0.57	0.21	0.06	0.38	0.50	0.44	0.40	0.10	0.20	0.60	0.56	0.60	0.56	0.13	0.05	0.65	0.53	0.57	0.50	0.20	0.10
PAR1	59.15	59.15	59.15	59.15	59.15	59.15	59.15	59.15	59.15	59.15	59.15	59.15	59.15	59.15	59.15	59.15	59.15	59.15	59.15	59.15	59.15	59.15	59.15	59.15
PAR2	179.76	179.76	179.76	179.76	179.76	179.76	179.76	179.76	179.76	179.76	179.76	179.76	179.76	179.76	179.76	179.76	179.76	179.76	179.76	179.76	179.76	179.76	179.76	179.76
PAR3	300.37	300.37	300.37	300.37	300.37	300.37	300.37	300.37	300.37	300.37	300.37	300.37	300.37	300.37	300.37	300.37	300.37	300.37	300.37	300.37	300.37	300.37	300.37	300.37
PAR4	420.98	420.98	420.98	420.98	420.98	420.98	420.98	420.98	420.98	420.98	420.98	420.98	420.98	420.98	420.98	420.98	420.98	420.98	420.98	420.98	420.98	420.98	420.98	420.98
PAR5	541.59	541.59	541.59	541.59	541.59	541.59	541.59	541.59	541.59	541.59	541.59	541.59	541.59	541.59	541.59	541.59	541.59	541.59	541.59	541.59	541.59	541.59	541.59	541.59
PAR6	662.20	662.20	662.20	662.20	662.20	662.20	662.20	662.20	662.20	662.20	662.20	662.20	662.20	662.20	662.20	662.20	662.20	662.20	662.20	662.20	662.20	662.20	662.20	662.20
PAR7	782.81	782.81	782.81	782.81	782.81	782.81	782.81	782.81	782.81	782.81	782.81	782.81	782.81	782.81	782.81	782.81	782.81	782.81	782.81	782.81	782.81	782.81	782.81	782.81
PAR8	903.42	903.42	903.42	903.42	903.42	903.42	903.42	903.42	903.42	903.42	903.42	903.42	903.42	903.42	903.42	903.42	903.42	903.42	903.42	903.42	903.42	903.42	903.42	903.42
PAR9	1024.03	1024.03	1024.03	1024.03	1024.03	1024.03	1024.03	1024.03	1024.03	1024.03	1024.03	1024.03	1024.03	1024.03	1024.03	1024.03	1024.03	1024.03	1024.03	1024.03	1024.03	1024.03	1024.03	1024.03
PAR10	1144.64	1144.64	1144.64	1144.64	1144.64	1144.64	1144.64	1144.64	1144.64	1144.64	1144.64	1144.64	1144.64	1144.64	1144.64	1144.64	1144.64	1144.64	1144.64	1144.64	1144.64	1144.64	1144.64	1144.64
PAR11	1265.25	1265.25	1265.25	1265.25	1265.25	1265.25	1265.25	1265.25	1265.25	1265.25	1265.25	1265.25	1265.25	1265.25	1265.25	1265.25	1265.25	1265.25	1265.25	1265.25	1265.25	1265.25	1265.25	1265.25
PAR12	1385.86	1385.86	1385.86	1385.86	1385.86	1385.86	1385.86	1385.86	1385.86	1385.86	1385.86	1385.86	1385.86	1385.86	1385.86	1385.86	1385.86	1385.86	1385.86	1385.86	1385.86	1385.86	1385.86	1385.86
PAR13	1506.47	1506.47	1506.47	1506.47	1506.47	1506.47	1506.47	1506.47	1506.47	1506.47	1506.47	1506.47	1506.47	1506.47	1506.47	1506.47	1506.47	1506.47	1506.47	1506.47	1506.47	1506.47	1506.47	1506.47
PAR14	1627.08	1627.08	1627.08	1627.08	1627.08	1627.08	1627.08	1627.08	1627.08	1627.08	1627.08	1627.08	1627.08	1627.08	1627.08	1627.08	1627.08	1627.08	1627.08	1627.08	1627.08	1627.08	1627.08	1627.08
PAR15	1747.69	1747.69	1747.69	1747.69	1747.69	1747.69	1747.69	1747.69	1747.69	1747.69	1747.69	1747.69	1747.69	1747.69	1747.69	1747.69	1747.69	1747.69	1747.69	1747.69	1747.69	1747.69	1747.69	1747.69
ETR1	14.0778	11.5381	13.3765	12.5322	9.8150	10.1984	14.8744	13.2990	13.8457	12.9388	8.2966	6.6692	13.6170	13.0493	11.7955	12.1630	10.0262	8.1365	13.5338	14.0527	13.8767	12.5710	11.3722	9.5399
ETR2	37.9835	29.7934	35.4123	31.3668	20.7698	13.7879	39.0938	36.1021	37.0122	30.6030	13.7373	8.4281	36.1496	34.4063	29.3386	30.7646	21.2835	9.4430	36.7033	38.2197	37.3659	32.3798	25.4639	11.7746
ETR3	59.4147	47.3933	54.7966	48.9446	29.4761	14.7406	58.1738	55.8346	56.5892	46.5303	15.7593	11.5860	57.5052	54.7471	46.5257	48.3571	30.4789	9.6907	58.0812	59.4082	58.8090	50.2943	35.7668	12.0383
ETR4	75.1155	62.3371	69.3988	63.0466	35.8390	11.8821	68.8840	69.1695	71.0240	50.1277	13.5046	6.7727	74.1205	71.5645	61.1698	64.4690	36.8562	7.3465	75.5897	74.4316	76.5658	64.5358	42.6961	9.2612
ETR5	90.1173	77.4222	82.2699	78.6070	39.3141	11.5867	77.5175	82.1425	82.7698	59.8443	15.9363	7.7111	90.9820	87.5384	77.0919	79.9465	42.2369	7.3388	92.9113	89.5079	94.1924	79.3434	48.1035	9.7753
ETR6	95.0480	86.7204	86.1881	86.2522	39.3964	7.4260	74.3408	86.3419	86.9257	48.4357	9.5356	-3.7859	99.1611	96.6800	85.7098	90.4433	42.8630	1.7471	101.9415	95.4748	103.7499	85.5258	49.2753	-0.6490
ETR7	104.0189	98.2415	95.2080	101.8041	43.5229	7.8417	80.7886	95.6977	96.2127	59.5705	14.3153	4.7067	112.8899	107.1078	98.9992	102.3836	44.5322	3.0396	115.1286	106.3045	114.2913	96.2746	49.9976	1.4458
ETR8	98.0890	100.1653	89.2852	101.4983	36.5421	0.9326	69.0442	89.5664	90.5229	37.8329	2.1466	-15.6146	113.7268	107.2461	99.5308	107.0599	40.9777	-2.0035	116.1397	103.4403	114.3334	94.2909	47.5293	-5.8546
ETR9	105.3171	113.0792	98.4884	116.4727	40.2980	5.1616	75.6074	100.6025	94.7404	59.1531	12.8158	1.9223	124.3773	116.9543	111.1305	114.6636	43.5718	2.9321	126.9498	113.8206	122.2845	100.6891	47.2347	-1.3855
ETR10	105.0162	117.7738	98.3909	120.9248	35.6034	3.9890	73.4132	99.9360	96.7377	59.0613	9.2809	1.4622	126.8458	117.2396	116.9907	117.2133	43.6988	3.3217	129.1356	114.0073	123.5678	103.7032	49.6991	2.7344
ETR11	109.3606	126.9558	103.2817	124.8734	39.2126	6.1690	76.1692	103.0426	95.2411	74.5109	13.5190	13.4558	129.6408	121.5413	121.4255	119.3536	38.1195	6.5013	135.7569	115.5710	127.3455	105.5593	44.5733	2.7321
ETR12	108.2757	125.2747	100.2828	127.1563	38.7537	6.6117	73.4607	100.8994	92.0376	62.1286	15.5342	11.6642	132.4869	119.0954	124.5862	119.5411	35.7986	6.6094	137.0648	115.9206	125.2819	104.6168	43.7985	-3.4863
ETR13	99.7449	126.2913	95.9069	114.6299	38.4487	3.3127	65.8020	93.5212	86.7650	62.2392	10.0689	5.4064	122.2335	109.7441	119.2176	115.5476	29.8637	1.6743	132.0355	109.8153	122.7491	100.7203	38.9025	2.7895
ETR14	90.6968	115.1365	87.4552	114.4263	18.6400	0.0572	57.0673	84.8716	80.3376	50.3113	4.6847	-6.5143	119.6232	104.8095	115.6431	110.8662	30.3961	-3.1156	124.8714	102.3125	112.8321	94.0269	31.2709	-1.9623
ETR15	106.9048	123.8679	89.3699	113.8190	34.0326	11.0093	72.8835	93.4222	83.4099	70.1825	15.9634	25.2864	123.2060	110.4684	121.1796	109.2692	21.4023	9.1761	134.8031	105.0743	115.7838	98.6770	35.5650	17.1572
