FluorCam7 Numeric Avg Export File
-----------------------------------
	Area 1	Area 2	Area 3	Area 4	Area 5	Area 6	Area 7	Area 8	Area 9	Area 10	Area 11	Area 12	Area 13	Area 14	Area 15	Area 16	Area 17	Area 18	Area 19	Area 20	Area 21	Area 22	Area 23	Area 24
Size [pixels]	2036	3964	5073	4984	4516	2523	5261	2179	3382	4921	3144	4817	3000	2686	4411	2650	4798	3223	1591	3125	2515	3502	2653	2213
Fo	2108.28	2786.65	3167.46	3144.32	3205.78	3001.92	2324.50	2322.15	2510.91	2838.43	3062.02	3075.63	2639.54	2774.74	3590.58	3506.07	3516.87	3314.51	1683.11	2594.58	2540.91	2567.79	2662.10	2803.43
Fm	5725.39	7902.18	8679.44	8381.38	7761.13	6265.97	7113.25	6515.39	6432.31	7491.22	6985.34	6374.30	7945.93	7530.34	6903.58	8822.33	8495.20	7467.16	4467.34	7581.27	7052.69	6524.55	6508.94	6352.60
Fv	3617.11	5115.53	5511.98	5237.06	4555.35	3264.06	4788.75	4193.24	3921.40	4652.79	3923.32	3298.67	5306.39	4755.59	3313.00	5316.26	4978.33	4152.65	2784.23	4986.69	4511.78	3956.76	3846.85	3549.17
Fm_Lss1	5438.93	7686.81	8508.58	8041.12	6918.75	5380.86	6934.22	6205.50	6001.48	6760.17	6112.12	5955.76	7813.82	7526.89	7188.52	8751.55	7697.64	7034.45	4370.85	7320.01	6861.93	6266.53	5825.21	5641.02
Fm_Lss2	4861.57	7109.73	8013.11	7296.37	5943.93	4495.44	6498.88	5691.00	5448.95	5919.71	4906.81	5253.15	7333.69	7437.36	7708.75	8247.52	6478.01	6357.88	4004.92	6868.94	6395.48	5708.09	4850.98	4707.47
Fm_Lss3	4643.06	6889.48	7839.06	7167.56	5511.21	3959.66	6293.81	5489.67	5273.82	5717.05	4306.66	4891.05	7000.51	7219.09	7871.01	8032.87	5777.92	6006.40	3772.84	6588.00	6264.42	5498.29	4323.23	4247.43
Fm_Lss4	4680.58	6797.95	7768.24	7166.60	5217.12	3759.26	6099.20	5399.28	5180.57	5698.78	4018.15	4781.95	6809.93	7071.33	8097.34	7840.40	5299.01	5926.28	3681.00	6509.87	6175.24	5473.68	4049.03	3975.08
Fm_Lss5	4562.58	6574.78	7699.05	7111.21	4921.94	3585.25	5815.31	5167.73	4956.18	5630.88	3832.05	4778.17	6428.65	6717.59	7516.88	7411.87	4908.23	5920.77	3566.45	6291.86	5938.91	5438.11	3793.18	3823.31
Fm_Lss6	4410.07	6243.06	7399.25	6835.11	4632.01	3426.70	5437.98	4832.42	4719.38	5522.44	3683.44	4738.34	5930.39	6087.21	6797.66	6839.57	4561.17	5888.33	3455.16	5926.31	5634.54	5295.22	3541.24	3737.28
Fm_Lss7	4187.05	5864.26	6941.43	6369.25	4362.21	3417.25	5100.82	4508.26	4428.29	5340.75	3595.47	4754.45	5517.07	5466.97	6164.35	6272.09	4287.11	5836.81	3311.22	5601.38	5188.49	5077.90	3337.90	3753.71
Fm_Lss8	3825.67	5421.25	6318.69	5820.27	4090.70	3319.52	4685.49	4014.86	4132.91	5059.71	3454.17	4725.05	4986.00	4782.08	5585.94	5665.74	4029.60	5773.33	3073.64	5129.85	4679.68	4752.31	3113.22	3657.14
Fm_Lss9	3549.77	4995.98	5735.22	5248.97	3874.67	3274.77	4306.92	3616.99	3771.50	4751.79	3297.96	4693.36	4562.78	4280.63	5146.53	5155.57	3821.94	5642.42	2829.57	4711.38	4260.50	4308.77	2930.28	3583.49
Fm_Lss10	3246.24	4573.75	5214.33	4804.24	3733.02	3263.06	3960.08	3256.91	3492.24	4464.76	3223.59	4668.24	4139.12	3869.39	4743.25	4766.84	3685.18	5470.97	2563.08	4252.87	3869.90	3949.64	2731.46	3527.80
Fm_Lss11	3027.58	4282.07	4851.11	4429.81	3606.11	3262.36	3729.39	3023.46	3231.46	4212.13	3209.03	4690.45	3875.29	3631.96	4467.08	4554.26	3602.16	5391.47	2368.18	3959.03	3626.92	3650.76	2690.06	3541.59
Fm_Lss12	2808.47	4030.58	4526.95	4139.55	3525.48	3251.87	3523.54	2826.52	3025.42	3954.65	3136.33	4687.50	3628.54	3411.73	4256.66	4274.54	3540.17	5300.84	2271.00	3697.54	3361.83	3372.82	2584.39	3501.13
Fm_Lss13	2636.42	3788.30	4233.88	3892.20	3453.36	3249.03	3306.57	2599.71	2817.98	3755.82	3089.87	4605.64	3383.67	3211.82	4092.71	4073.54	3460.81	5176.90	2105.92	3437.67	3127.26	3159.61	2559.60	2769.44
Fm_Lss14	2398.75	3554.82	3948.31	3647.50	3408.78	3274.61	3098.98	2442.14	2661.80	3562.19	3042.89	4529.97	3164.71	3035.31	3896.83	3861.69	3412.08	5045.13	1933.82	3220.47	2945.74	2940.03	2478.03	2734.06
Fm_Lss15	2291.42	3367.82	3781.81	3483.69	3359.68	3268.56	2971.10	2369.92	2527.67	3406.83	3065.94	4505.70	2997.05	2935.78	3769.59	3713.35	3374.14	4930.00	1823.35	3053.31	2844.90	2831.20	2471.25	2724.42
Ft_Lss1	2530.90	3350.62	3821.24	3811.33	4088.85	3517.89	2771.06	2812.02	3406.44	3899.33	4100.60	4245.24	3011.40	3151.70	4067.80	4056.65	4264.36	4680.49	2044.47	3133.78	2984.65	3229.45	3400.65	3726.29
Ft_Lss2	2642.79	3576.57	4137.05	4112.80	4305.63	3564.50	3170.21	3028.89	3579.76	4170.01	4019.21	4550.33	3275.43	3402.73	4411.59	4373.57	4426.40	5355.21	2217.07	3401.13	3231.14	3569.37	3523.84	3866.66
Ft_Lss3	2641.72	3659.75	4180.18	4154.15	4192.89	3388.35	3364.56	3080.69	3517.75	4097.46	3704.54	4490.97	3393.01	3519.72	4619.21	4466.41	4249.57	5445.14	2195.82	3484.52	3333.04	3564.35	3330.10	3702.38
Ft_Lss4	2661.16	3769.55	4270.80	4200.82	4059.36	3276.31	3466.80	3131.72	3447.67	4067.65	3512.42	4477.84	3482.09	3626.56	4640.02	4529.73	4078.82	5522.24	2213.46	3561.53	3405.82	3557.20	3171.99	3565.13
Ft_Lss5	2711.54	3847.40	4355.54	4249.01	3915.96	3194.62	3476.61	3156.05	3357.07	4059.53	3382.00	4518.96	3525.23	3680.90	4539.50	4466.10	3901.46	5588.00	2209.47	3620.85	3425.68	3569.67	3030.56	3468.96
Ft_Lss6	2733.34	3814.77	4362.72	4237.74	3776.35	3140.55	3470.17	3124.06	3251.82	4020.33	3306.23	4594.10	3475.06	3598.13	4378.55	4382.89	3749.15	5648.07	2217.06	3619.73	3414.39	3545.28	2912.37	3456.50
Ft_Lss7	2664.60	3730.93	4252.01	4115.32	3634.66	3096.08	3357.30	2964.88	3112.56	3927.30	3189.49	4604.44	3376.89	3420.97	4167.30	4208.13	3598.34	5623.22	2125.43	3529.55	3281.37	3450.83	2766.39	3424.63
Ft_Lss8	2568.56	3621.09	4090.14	3945.69	3518.10	3085.92	3228.43	2802.15	2972.71	3789.65	3096.21	4610.69	3273.44	3230.50	3990.81	4005.02	3495.06	5560.63	2080.59	3394.95	3126.31	3301.17	2633.59	3410.99
Ft_Lss9	2453.52	3487.76	3900.16	3747.85	3414.07	3084.40	3115.05	2654.37	2824.94	3639.75	3045.38	4619.82	3100.13	3038.99	3842.44	3849.51	3396.80	5504.22	1951.90	3266.17	2970.70	3155.43	2538.23	3385.03
Ft_Lss10	2367.20	3356.83	3734.22	3555.14	3344.29	3089.99	2985.89	2494.52	2632.08	3489.10	2995.21	4631.89	2990.72	2904.92	3719.48	3712.73	3323.54	5417.91	1896.21	3099.79	2838.33	2978.64	2473.15	3377.75
Ft_Lss11	2281.01	3238.26	3590.39	3401.21	3312.37	3117.55	2894.22	2365.71	2523.93	3360.34	2965.69	4623.98	2873.46	2829.08	3638.27	3624.80	3310.00	5344.40	1796.95	2966.14	2728.55	2831.10	2421.88	3418.19
Ft_Lss12	2114.65	3088.45	3409.71	3243.39	3247.63	3110.40	2754.00	2228.60	2374.69	3202.75	2907.88	4575.40	2765.40	2677.94	3489.00	3464.32	3239.82	5184.22	1709.44	2828.62	2592.60	2686.38	2345.38	3361.20
Ft_Lss13	2064.99	3006.33	3327.69	3154.61	3228.31	3122.39	2699.85	2160.43	2296.55	3105.86	2926.32	4565.36	2686.31	2644.79	3449.48	3406.67	3233.74	5136.76	1639.98	2739.35	2527.60	2578.51	2351.87	2698.17
Ft_Lss14	1980.75	2932.68	3214.25	3070.51	3233.28	3172.29	2641.63	2133.82	2206.41	3037.46	2932.22	4551.02	2617.23	2570.47	3404.04	3341.47	3246.32	5062.84	1586.52	2648.98	2448.01	2484.92	2319.79	2681.17
Ft_Lss15	1910.67	2827.32	3130.34	2976.04	3230.14	3180.73	2530.48	2075.31	2137.65	2936.73	2938.49	4490.63	2517.46	2511.41	3334.75	3261.60	3239.74	4908.18	1510.37	2552.49	2395.37	2401.33	2289.45	2670.82
Fo_Lss1	2068.17	2759.38	3144.42	3095.18	3052.28	2782.63	2305.05	2281.55	2442.47	2726.70	2881.56	2974.76	2624.80	2774.28	3666.16	3494.84	3372.23	3226.41	1669.23	2563.27	2515.72	2526.84	2540.16	2655.60
Fo_Lss2	1978.81	2681.26	3074.17	2978.17	2846.34	2525.40	2254.84	2208.15	2345.67	2579.01	2582.49	2788.48	2568.32	2762.02	3796.84	3411.58	3115.28	3076.27	1612.95	2505.65	2450.20	2430.94	2335.61	2428.85
Fo_Lss3	1941.61	2649.32	3048.21	2956.48	2743.20	2347.00	2229.64	2177.17	2312.61	2539.79	2406.03	2683.04	2526.21	2731.35	3835.79	3374.28	2943.75	2991.57	1573.95	2467.27	2430.72	2392.07	2205.96	2300.30
Fo_Lss4	1948.14	2635.67	3037.44	2956.32	2668.33	2275.11	2204.71	2162.81	2294.50	2536.18	2313.23	2649.87	2500.95	2709.93	3888.76	3339.84	2814.17	2971.56	1557.74	2456.23	2417.17	2387.40	2132.28	2218.00
Fo_Lss5	1927.40	2601.44	3026.80	2946.85	2588.92	2210.20	2166.48	2124.67	2249.39	2522.64	2250.32	2648.71	2447.64	2656.32	3749.70	3259.57	2700.01	2970.17	1536.85	2424.53	2380.10	2380.61	2059.14	2169.94
Fo_Lss6	1899.65	2547.87	2979.34	2898.34	2506.40	2148.90	2111.89	2065.74	2199.31	2500.64	2198.24	2636.43	2371.77	2551.83	3561.72	3143.88	2591.53	2961.98	1515.81	2368.24	2329.66	2352.81	1982.57	2141.95
Fo_Lss7	1857.04	2482.43	2902.27	2811.15	2425.24	2145.18	2059.04	2004.14	2133.94	2462.70	2166.60	2641.41	2302.77	2435.97	3379.78	3018.35	2500.71	2948.89	1487.45	2314.59	2249.70	2308.91	1917.18	2147.34
Fo_Lss8	1782.36	2399.43	2787.41	2698.80	2338.93	2106.25	1987.90	1900.32	2062.89	2401.20	2114.48	2632.31	2204.76	2289.84	3198.21	2870.51	2410.84	2932.60	1437.53	2229.89	2148.42	2239.15	1840.88	2115.39
Fo_Lss9	1720.08	2312.31	2667.69	2569.14	2266.67	2088.15	1916.44	1806.28	1968.73	2329.56	2054.90	2622.44	2117.89	2168.22	3049.16	2733.47	2334.94	2898.44	1381.79	2147.00	2055.57	2135.58	1775.34	2090.53
Fo_Lss10	1645.53	2217.56	2549.23	2457.78	2217.45	2083.38	1844.55	1711.77	1889.84	2258.38	2025.78	2614.58	2021.83	2057.46	2902.93	2620.18	2283.17	2852.52	1315.02	2046.45	1960.12	2043.48	1700.35	2071.45
Fo_Lss11	1587.41	2146.67	2459.21	2355.90	2172.04	2083.09	1792.89	1645.01	1810.76	2191.89	2020.02	2621.53	1956.76	1988.34	2797.09	2554.64	2251.03	2830.76	1261.74	1975.89	1895.79	1960.44	1684.22	2076.20
Fo_Lss12	1525.03	2081.56	2373.07	2271.21	2142.53	2078.81	1743.91	1584.93	1744.20	2120.06	1990.97	2620.61	1891.80	1920.48	2713.11	2464.18	2226.66	2805.57	1233.62	1908.52	1820.74	1877.37	1642.18	2062.23
Fo_Lss13	1472.84	2015.00	2289.98	2194.68	2115.67	2077.65	1689.06	1511.01	1673.19	2061.55	1972.14	2594.83	1823.02	1855.47	2645.57	2396.03	2195.00	2770.47	1183.23	1836.85	1749.66	1809.40	1632.13	1784.52
Fo_Lss14	1395.59	1946.98	2203.77	2114.69	2098.86	2088.08	1633.17	1456.39	1616.86	2001.82	1952.90	2570.63	1757.51	1795.16	2562.31	2321.13	2175.30	2732.28	1126.89	1772.96	1691.35	1735.19	1598.58	1769.77
Fo_Lss15	1358.57	1889.52	2150.91	2058.57	2080.14	2085.62	1596.95	1430.40	1566.37	1951.80	1962.37	2562.80	1704.55	1759.87	2506.67	2266.70	2159.82	2698.15	1088.46	1721.09	1657.62	1696.70	1595.75	1765.72
Fv_Lss1	3370.77	4927.42	5364.16	4945.94	3866.47	2598.23	4629.17	3923.96	3559.01	4033.47	3230.56	2981.00	5189.02	4752.61	3522.36	5256.71	4325.41	3808.03	2701.62	4756.74	4346.22	3739.69	3285.06	2985.42
Fv_Lss2	2882.76	4428.47	4938.94	4318.20	3097.59	1970.03	4244.03	3482.85	3103.28	3340.70	2324.32	2464.67	4765.37	4675.34	3911.91	4835.94	3362.73	3281.61	2391.97	4363.29	3945.28	3277.15	2515.37	2278.62
Fv_Lss3	2701.44	4240.16	4790.86	4211.08	2768.01	1612.66	4064.18	3312.50	2961.21	3177.27	1900.64	2208.02	4474.30	4487.74	4035.22	4658.58	2834.17	3014.84	2198.88	4120.73	3833.71	3106.22	2117.27	1947.13
Fv_Lss4	2732.44	4162.28	4730.80	4210.28	2548.79	1484.15	3894.49	3236.47	2886.07	3162.61	1704.92	2132.08	4308.98	4361.40	4208.58	4500.56	2484.84	2954.72	2123.26	4053.64	3758.07	3086.28	1916.75	1757.08
Fv_Lss5	2635.18	3973.34	4672.25	4164.36	2333.01	1375.06	3648.83	3043.06	2706.79	3108.25	1581.73	2129.46	3981.01	4061.27	3767.18	4152.30	2208.22	2950.60	2029.60	3867.33	3558.81	3057.50	1734.04	1653.37
Fv_Lss6	2510.43	3695.19	4419.91	3936.78	2125.61	1277.80	3326.09	2766.68	2520.08	3021.80	1485.20	2101.91	3558.62	3535.38	3235.95	3695.70	1969.64	2926.34	1939.35	3558.07	3304.88	2942.40	1558.67	1595.33
Fv_Lss7	2330.01	3381.83	4039.16	3558.10	1936.97	1272.07	3041.79	2504.12	2294.35	2878.05	1428.87	2113.04	3214.30	3031.00	2784.57	3253.74	1786.41	2887.92	1823.78	3286.79	2938.79	2768.99	1420.72	1606.37
Fv_Lss8	2043.30	3021.82	3531.28	3121.48	1751.77	1213.27	2697.58	2114.54	2070.02	2658.51	1339.69	2092.74	2781.24	2492.24	2387.73	2795.23	1618.76	2840.73	1636.11	2899.96	2531.27	2513.16	1272.35	1541.76
Fv_Lss9	1829.69	2683.67	3067.54	2679.83	1608.00	1186.62	2390.49	1810.71	1802.78	2422.23	1243.06	2070.92	2444.89	2112.41	2097.38	2422.10	1487.00	2743.98	1447.79	2564.39	2204.94	2173.20	1154.94	1492.96
Fv_Lss10	1600.72	2356.19	2665.10	2346.46	1515.57	1179.68	2115.53	1545.14	1602.40	2206.38	1197.81	2053.66	2117.28	1811.93	1840.33	2146.66	1402.01	2618.45	1248.06	2206.42	1909.79	1906.16	1031.11	1456.34
Fv_Lss11	1440.17	2135.40	2391.90	2073.90	1434.07	1179.26	1936.49	1378.45	1420.70	2020.24	1189.01	2068.92	1918.53	1643.61	1669.98	1999.63	1351.13	2560.71	1106.44	1983.15	1731.13	1690.31	1005.84	1465.39
Fv_Lss12	1283.44	1949.02	2153.88	1868.34	1382.95	1173.05	1779.63	1241.59	1281.22	1834.59	1145.36	2066.89	1736.74	1491.25	1543.55	1810.36	1313.51	2495.27	1037.38	1789.02	1541.09	1495.45	942.21	1438.90
Fv_Lss13	1163.59	1773.29	1943.90	1697.52	1337.68	1171.38	1617.51	1088.70	1144.79	1694.27	1117.73	2010.81	1560.65	1356.35	1447.15	1677.51	1265.80	2406.43	922.69	1600.82	1377.60	1350.21	927.47	984.92
Fv_Lss14	1003.16	1607.84	1744.55	1532.81	1309.92	1186.53	1465.81	985.75	1044.94	1560.37	1089.99	1959.33	1407.21	1240.15	1334.52	1540.56	1236.78	2312.85	806.93	1447.51	1254.39	1204.84	879.45	964.29
Fv_Lss15	932.86	1478.30	1630.90	1425.12	1279.54	1182.94	1374.15	939.53	961.30	1455.02	1103.58	1942.90	1292.50	1175.90	1262.92	1446.64	1214.32	2231.84	734.89	1332.23	1187.28	1134.50	875.49	958.69
Fq_Lss1	2908.03	4336.19	4687.34	4229.79	2829.90	1862.96	4163.17	3393.49	2595.04	2860.84	2011.52	1710.53	4802.42	4375.19	3120.72	4694.90	3433.27	2353.95	2326.39	4186.23	3877.28	3037.07	2424.56	1914.73
Fq_Lss2	2218.78	3533.16	3876.06	3183.58	1638.30	930.93	3328.66	2662.11	1869.19	1749.71	887.61	702.82	4058.26	4034.63	3297.15	3873.95	2051.61	1002.67	1787.85	3467.80	3164.34	2138.72	1327.14	840.81
Fq_Lss3	2001.34	3229.73	3658.88	3013.41	1318.33	571.31	2929.25	2408.98	1756.07	1619.59	602.13	400.08	3607.50	3699.37	3251.80	3566.45	1528.35	561.26	1577.02	3103.48	2931.39	1933.94	993.13	545.05
Fq_Lss4	2019.42	3028.40	3497.44	2965.78	1157.76	482.95	2632.40	2267.55	1732.90	1631.14	505.74	304.11	3327.85	3444.77	3457.33	3310.67	1220.18	404.04	1467.53	2948.34	2769.42	1916.48	877.04	409.96
Fq_Lss5	1851.03	2727.38	3343.51	2862.20	1005.97	390.63	2338.70	2011.68	1599.11	1571.35	450.06	259.21	2903.43	3036.69	2977.39	2945.77	1006.77	332.77	1356.98	2671.01	2513.23	1868.44	762.62	354.35
Fq_Lss6	1676.73	2428.29	3036.53	2597.38	855.66	286.15	1967.81	1708.36	1467.57	1502.12	377.21	144.24	2455.34	2489.08	2419.12	2456.68	812.02	240.25	1238.10	2306.57	2220.16	1749.94	628.86	280.79
Fq_Lss7	1522.45	2133.33	2689.42	2253.93	727.55	321.18	1743.53	1543.38	1315.73	1413.45	405.99	150.01	2140.19	2046.00	1997.05	2063.96	688.78	213.59	1185.79	2071.83	1907.12	1627.07	571.51	329.08
Fq_Lss8	1257.11	1800.16	2228.54	1874.58	572.60	233.60	1457.06	1212.70	1160.20	1270.06	357.96	114.36	1712.56	1551.58	1595.13	1660.72	534.53	212.71	993.05	1734.89	1553.37	1451.15	479.63	246.16
Fq_Lss9	1096.24	1508.22	1835.06	1501.12	460.60	190.37	1191.87	962.61	946.56	1112.04	252.58	73.55	1462.65	1241.64	1304.09	1306.06	425.14	138.20	877.67	1445.21	1289.81	1153.35	392.05	198.46
Fq_Lss10	879.05	1216.92	1480.11	1249.09	388.73	173.07	974.19	762.39	860.16	975.66	228.38	36.36	1148.40	964.47	1023.77	1054.11	361.64	53.06	666.87	1153.08	1031.58	971.00	258.31	150.04
Fq_Lss11	746.57	1043.81	1260.72	1028.60	293.74	144.81	835.17	657.75	707.52	851.79	243.34	66.47	1001.83	802.88	828.80	929.47	292.16	47.07	571.23	992.90	898.37	819.65	268.18	123.40
Fq_Lss12	693.82	942.13	1117.24	896.16	277.84	141.47	769.54	597.92	650.74	751.90	228.45	112.10	863.15	733.79	767.66	810.22	300.35	116.62	561.56	868.92	769.23	686.43	239.02	139.93
Fq_Lss13	571.44	781.97	906.19	737.59	225.04	126.64	606.72	439.28	521.43	649.96	163.55	40.29	697.37	567.03	643.24	666.87	227.07	40.14	465.94	698.32	599.66	581.10	207.73	71.27
Fq_Lss14	418.00	622.14	734.06	576.99	175.50	102.32	457.35	308.32	455.38	524.74	110.67	-21.05	547.48	464.85	492.79	520.23	165.76	-17.71	347.29	571.49	497.73	455.11	158.24	52.89
Fq_Lss15	380.76	540.50	651.47	507.65	129.55	87.84	440.62	294.61	390.02	470.10	127.45	15.07	479.59	424.37	434.84	451.75	134.39	21.82	312.98	500.83	449.52	429.87	181.79	53.60
QY_max	0.63	0.65	0.64	0.62	0.59	0.52	0.67	0.64	0.61	0.62	0.56	0.52	0.67	0.63	0.48	0.60	0.59	0.56	0.62	0.66	0.64	0.61	0.59	0.56
Fv/Fm_Lss1	0.62	0.64	0.63	0.62	0.56	0.48	0.67	0.63	0.59	0.60	0.53	0.50	0.66	0.63	0.49	0.60	0.56	0.54	0.62	0.65	0.63	0.60	0.56	0.53
Fv/Fm_Lss2	0.59	0.62	0.62	0.59	0.52	0.44	0.65	0.61	0.57	0.56	0.47	0.47	0.65	0.63	0.51	0.59	0.52	0.52	0.60	0.64	0.62	0.57	0.52	0.48
Fv/Fm_Lss3	0.58	0.62	0.61	0.59	0.50	0.41	0.65	0.60	0.56	0.56	0.44	0.45	0.64	0.62	0.51	0.58	0.49	0.50	0.58	0.63	0.61	0.56	0.49	0.46
Fv/Fm_Lss4	0.58	0.61	0.61	0.59	0.49	0.39	0.64	0.60	0.56	0.55	0.42	0.45	0.63	0.62	0.52	0.57	0.47	0.50	0.58	0.62	0.61	0.56	0.47	0.44
Fv/Fm_Lss5	0.58	0.60	0.61	0.59	0.47	0.38	0.63	0.59	0.55	0.55	0.41	0.45	0.62	0.60	0.50	0.56	0.45	0.50	0.57	0.61	0.60	0.56	0.46	0.43
Fv/Fm_Lss6	0.57	0.59	0.60	0.58	0.46	0.37	0.61	0.57	0.53	0.55	0.40	0.44	0.60	0.58	0.48	0.54	0.43	0.50	0.56	0.60	0.59	0.56	0.44	0.43
Fv/Fm_Lss7	0.56	0.58	0.58	0.56	0.44	0.37	0.60	0.56	0.52	0.54	0.40	0.44	0.58	0.55	0.45	0.52	0.42	0.49	0.55	0.59	0.57	0.55	0.43	0.43
Fv/Fm_Lss8	0.53	0.56	0.56	0.54	0.43	0.37	0.58	0.53	0.50	0.53	0.39	0.44	0.56	0.52	0.43	0.49	0.40	0.49	0.53	0.57	0.54	0.53	0.41	0.42
Fv/Fm_Lss9	0.52	0.54	0.53	0.51	0.42	0.36	0.56	0.50	0.48	0.51	0.38	0.44	0.54	0.49	0.41	0.47	0.39	0.49	0.51	0.54	0.52	0.50	0.39	0.42
Fv/Fm_Lss10	0.49	0.52	0.51	0.49	0.41	0.36	0.53	0.47	0.46	0.49	0.37	0.44	0.51	0.47	0.39	0.45	0.38	0.48	0.49	0.52	0.49	0.48	0.38	0.41
Fv/Fm_Lss11	0.48	0.50	0.49	0.47	0.40	0.36	0.52	0.46	0.44	0.48	0.37	0.44	0.50	0.45	0.37	0.44	0.38	0.47	0.47	0.50	0.48	0.46	0.37	0.41
Fv/Fm_Lss12	0.46	0.48	0.48	0.45	0.39	0.36	0.51	0.44	0.42	0.46	0.37	0.44	0.48	0.44	0.36	0.42	0.37	0.47	0.46	0.48	0.46	0.44	0.36	0.41
Fv/Fm_Lss13	0.44	0.47	0.46	0.44	0.39	0.36	0.49	0.42	0.41	0.45	0.36	0.44	0.46	0.42	0.35	0.41	0.37	0.46	0.44	0.47	0.44	0.43	0.36	0.36
Fv/Fm_Lss14	0.42	0.45	0.44	0.42	0.38	0.36	0.47	0.40	0.39	0.44	0.36	0.43	0.44	0.41	0.34	0.40	0.36	0.46	0.42	0.45	0.43	0.41	0.35	0.35
Fv/Fm_Lss15	0.41	0.44	0.43	0.41	0.38	0.36	0.46	0.40	0.38	0.43	0.36	0.43	0.43	0.40	0.34	0.39	0.36	0.45	0.40	0.44	0.42	0.40	0.35	0.35
QY_Lss1	0.53	0.56	0.55	0.53	0.41	0.35	0.60	0.55	0.43	0.42	0.33	0.29	0.61	0.58	0.43	0.54	0.45	0.33	0.53	0.57	0.57	0.48	0.42	0.34
QY_Lss2	0.46	0.50	0.48	0.44	0.28	0.21	0.51	0.47	0.34	0.30	0.18	0.13	0.55	0.54	0.43	0.47	0.32	0.16	0.45	0.50	0.49	0.37	0.27	0.18
QY_Lss3	0.43	0.47	0.47	0.42	0.24	0.14	0.47	0.44	0.33	0.28	0.14	0.08	0.52	0.51	0.41	0.44	0.26	0.09	0.42	0.47	0.47	0.35	0.23	0.13
QY_Lss4	0.43	0.45	0.45	0.41	0.22	0.13	0.43	0.42	0.33	0.29	0.13	0.06	0.49	0.49	0.43	0.42	0.23	0.07	0.40	0.45	0.45	0.35	0.22	0.10
QY_Lss5	0.41	0.41	0.43	0.40	0.20	0.11	0.40	0.39	0.32	0.28	0.12	0.05	0.45	0.45	0.40	0.40	0.21	0.06	0.38	0.42	0.42	0.34	0.20	0.09
QY_Lss6	0.38	0.39	0.41	0.38	0.18	0.08	0.36	0.35	0.31	0.27	0.10	0.03	0.41	0.41	0.36	0.36	0.18	0.04	0.36	0.39	0.39	0.33	0.18	0.08
QY_Lss7	0.36	0.36	0.39	0.35	0.17	0.09	0.34	0.34	0.30	0.26	0.11	0.03	0.39	0.37	0.32	0.33	0.16	0.04	0.36	0.37	0.37	0.32	0.17	0.09
QY_Lss8	0.33	0.33	0.35	0.32	0.14	0.07	0.31	0.30	0.28	0.25	0.10	0.02	0.34	0.32	0.29	0.29	0.13	0.04	0.32	0.34	0.33	0.31	0.15	0.07
QY_Lss9	0.31	0.30	0.32	0.29	0.12	0.06	0.28	0.27	0.25	0.23	0.08	0.02	0.32	0.29	0.25	0.25	0.11	0.02	0.31	0.31	0.30	0.27	0.13	0.06
QY_Lss10	0.27	0.27	0.28	0.26	0.10	0.05	0.25	0.23	0.25	0.22	0.07	0.01	0.28	0.25	0.22	0.22	0.10	0.01	0.26	0.27	0.27	0.25	0.09	0.04
QY_Lss11	0.25	0.24	0.26	0.23	0.08	0.04	0.22	0.22	0.22	0.20	0.08	0.01	0.26	0.22	0.19	0.20	0.08	0.01	0.24	0.25	0.25	0.22	0.10	0.03
QY_Lss12	0.25	0.23	0.25	0.22	0.08	0.04	0.22	0.21	0.22	0.19	0.07	0.02	0.24	0.22	0.18	0.19	0.08	0.02	0.25	0.23	0.23	0.20	0.09	0.04
QY_Lss13	0.22	0.21	0.21	0.19	0.07	0.04	0.18	0.17	0.19	0.17	0.05	0.01	0.21	0.18	0.16	0.16	0.07	0.01	0.22	0.20	0.19	0.18	0.08	0.03
QY_Lss14	0.17	0.18	0.19	0.16	0.05	0.03	0.15	0.13	0.17	0.15	0.04	-0.00	0.17	0.15	0.13	0.13	0.05	-0.00	0.18	0.18	0.17	0.15	0.06	0.02
QY_Lss15	0.17	0.16	0.17	0.15	0.04	0.03	0.15	0.12	0.15	0.14	0.04	0.00	0.16	0.14	0.12	0.12	0.04	0.00	0.17	0.16	0.16	0.15	0.07	0.02
NPQ_Lss1	0.05	0.03	0.02	0.04	0.12	0.16	0.03	0.05	0.07	0.11	0.14	0.07	0.02	0.00	-0.04	0.01	0.10	0.06	0.02	0.04	0.03	0.04	0.12	0.13
NPQ_Lss2	0.18	0.11	0.08	0.15	0.31	0.39	0.09	0.14	0.18	0.27	0.42	0.21	0.08	0.01	-0.10	0.07	0.31	0.17	0.12	0.10	0.10	0.14	0.34	0.35
NPQ_Lss3	0.23	0.15	0.11	0.17	0.41	0.58	0.13	0.19	0.22	0.31	0.62	0.30	0.14	0.04	-0.12	0.10	0.47	0.24	0.18	0.15	0.13	0.19	0.51	0.50
NPQ_Lss4	0.22	0.16	0.12	0.17	0.49	0.67	0.17	0.21	0.24	0.31	0.74	0.33	0.17	0.06	-0.15	0.13	0.60	0.26	0.21	0.16	0.14	0.19	0.61	0.60
NPQ_Lss5	0.25	0.20	0.13	0.18	0.58	0.75	0.22	0.26	0.30	0.33	0.82	0.33	0.24	0.12	-0.08	0.19	0.73	0.26	0.25	0.20	0.19	0.20	0.72	0.66
NPQ_Lss6	0.30	0.27	0.17	0.23	0.68	0.83	0.31	0.35	0.36	0.36	0.90	0.35	0.34	0.24	0.02	0.29	0.86	0.27	0.29	0.28	0.25	0.23	0.84	0.70
NPQ_Lss7	0.37	0.35	0.25	0.32	0.78	0.83	0.39	0.45	0.45	0.40	0.94	0.34	0.44	0.38	0.12	0.41	0.98	0.28	0.35	0.35	0.36	0.28	0.95	0.69
NPQ_Lss8	0.50	0.46	0.37	0.44	0.90	0.89	0.52	0.62	0.56	0.48	1.02	0.35	0.59	0.57	0.24	0.56	1.11	0.29	0.45	0.48	0.51	0.37	1.09	0.74
NPQ_Lss9	0.61	0.58	0.51	0.60	1.00	0.91	0.65	0.80	0.71	0.58	1.12	0.36	0.74	0.76	0.34	0.71	1.22	0.32	0.58	0.61	0.66	0.51	1.22	0.77
NPQ_Lss10	0.76	0.73	0.66	0.74	1.08	0.92	0.80	1.00	0.84	0.68	1.17	0.37	0.92	0.95	0.46	0.85	1.31	0.36	0.74	0.78	0.82	0.65	1.38	0.80
NPQ_Lss11	0.89	0.85	0.79	0.89	1.15	0.92	0.91	1.15	0.99	0.78	1.18	0.36	1.05	1.07	0.55	0.94	1.36	0.38	0.89	0.91	0.94	0.79	1.42	0.79
NPQ_Lss12	1.04	0.96	0.92	1.02	1.20	0.93	1.02	1.31	1.13	0.89	1.23	0.36	1.19	1.21	0.62	1.06	1.40	0.41	0.97	1.05	1.10	0.93	1.52	0.81
NPQ_Lss13	1.17	1.09	1.05	1.15	1.25	0.93	1.15	1.51	1.28	0.99	1.26	0.38	1.35	1.34	0.69	1.17	1.45	0.44	1.12	1.21	1.26	1.06	1.54	1.29
NPQ_Lss14	1.39	1.22	1.20	1.30	1.28	0.91	1.30	1.67	1.42	1.10	1.30	0.41	1.51	1.48	0.77	1.28	1.49	0.48	1.31	1.35	1.39	1.22	1.63	1.32
NPQ_Lss15	1.50	1.35	1.30	1.41	1.31	0.92	1.39	1.75	1.54	1.20	1.28	0.41	1.65	1.57	0.83	1.38	1.52	0.51	1.45	1.48	1.48	1.30	1.63	1.33
qN_Lss1	0.08	0.04	0.03	0.06	0.18	0.25	0.04	0.07	0.11	0.15	0.21	0.12	0.02	0.00	-0.09	0.01	0.16	0.10	0.03	0.05	0.04	0.06	0.17	0.19
qN_Lss2	0.23	0.15	0.12	0.20	0.37	0.47	0.13	0.19	0.24	0.32	0.47	0.31	0.11	0.02	-0.26	0.11	0.37	0.25	0.16	0.14	0.14	0.20	0.40	0.42
qN_Lss3	0.29	0.19	0.15	0.22	0.45	0.59	0.17	0.24	0.28	0.36	0.58	0.40	0.17	0.06	-0.32	0.14	0.49	0.33	0.24	0.19	0.17	0.25	0.51	0.52
qN_Lss4	0.28	0.21	0.16	0.22	0.50	0.63	0.21	0.26	0.30	0.36	0.64	0.43	0.21	0.10	-0.40	0.18	0.56	0.34	0.27	0.21	0.19	0.25	0.56	0.58
qN_Lss5	0.31	0.25	0.17	0.23	0.55	0.66	0.26	0.31	0.35	0.37	0.67	0.43	0.28	0.17	-0.19	0.25	0.62	0.34	0.31	0.25	0.24	0.26	0.61	0.60
qN_Lss6	0.34	0.31	0.22	0.28	0.60	0.69	0.33	0.38	0.40	0.39	0.69	0.44	0.36	0.29	0.03	0.35	0.67	0.35	0.34	0.32	0.30	0.29	0.66	0.62
qN_Lss7	0.40	0.38	0.30	0.36	0.64	0.69	0.40	0.44	0.47	0.43	0.70	0.43	0.43	0.41	0.21	0.44	0.70	0.36	0.39	0.38	0.39	0.34	0.69	0.62
qN_Lss8	0.48	0.45	0.40	0.45	0.68	0.71	0.47	0.54	0.53	0.48	0.72	0.44	0.52	0.52	0.36	0.53	0.73	0.37	0.46	0.46	0.48	0.41	0.73	0.64
qN_Lss9	0.54	0.52	0.49	0.54	0.71	0.72	0.54	0.62	0.60	0.53	0.75	0.45	0.58	0.61	0.46	0.60	0.76	0.40	0.53	0.53	0.56	0.50	0.76	0.65
qN_Lss10	0.61	0.59	0.57	0.60	0.73	0.72	0.60	0.68	0.65	0.58	0.76	0.45	0.64	0.67	0.54	0.65	0.77	0.43	0.60	0.60	0.62	0.57	0.79	0.66
qN_Lss11	0.65	0.63	0.62	0.66	0.74	0.72	0.64	0.72	0.69	0.62	0.76	0.45	0.68	0.70	0.59	0.68	0.78	0.45	0.65	0.65	0.66	0.63	0.79	0.66
qN_Lss12	0.69	0.67	0.66	0.69	0.75	0.72	0.67	0.75	0.73	0.66	0.77	0.45	0.71	0.73	0.63	0.72	0.79	0.46	0.68	0.68	0.71	0.68	0.81	0.66
qN_Lss13	0.73	0.70	0.70	0.73	0.76	0.72	0.70	0.78	0.76	0.69	0.78	0.47	0.75	0.76	0.66	0.74	0.80	0.49	0.72	0.72	0.74	0.71	0.81	0.78
qN_Lss14	0.77	0.73	0.73	0.76	0.77	0.72	0.73	0.81	0.78	0.72	0.78	0.48	0.77	0.78	0.69	0.76	0.80	0.51	0.76	0.75	0.77	0.75	0.82	0.79
qN_Lss15	0.79	0.75	0.75	0.77	0.77	0.72	0.75	0.82	0.80	0.74	0.78	0.49	0.79	0.80	0.71	0.78	0.81	0.53	0.78	0.77	0.78	0.77	0.82	0.79
qP_Lss1	0.86	0.88	0.87	0.86	0.73	0.72	0.90	0.86	0.73	0.71	0.62	0.57	0.93	0.92	0.89	0.89	0.79	0.62	0.86	0.88	0.89	0.81	0.74	0.64
qP_Lss2	0.77	0.80	0.78	0.74	0.53	0.47	0.78	0.76	0.60	0.52	0.38	0.29	0.85	0.86	0.84	0.80	0.61	0.31	0.75	0.79	0.80	0.65	0.53	0.37
qP_Lss3	0.74	0.76	0.76	0.72	0.48	0.35	0.72	0.73	0.59	0.51	0.32	0.18	0.81	0.82	0.81	0.77	0.54	0.19	0.72	0.75	0.76	0.62	0.47	0.28
qP_Lss4	0.74	0.73	0.74	0.70	0.45	0.33	0.68	0.70	0.60	0.52	0.30	0.14	0.77	0.79	0.82	0.74	0.49	0.14	0.69	0.73	0.74	0.62	0.46	0.23
qP_Lss5	0.70	0.69	0.72	0.69	0.43	0.28	0.64	0.66	0.59	0.51	0.28	0.12	0.73	0.75	0.79	0.71	0.46	0.11	0.67	0.69	0.71	0.61	0.44	0.21
qP_Lss6	0.67	0.66	0.69	0.66	0.40	0.22	0.59	0.62	0.58	0.50	0.25	0.07	0.69	0.70	0.75	0.66	0.41	0.08	0.64	0.65	0.67	0.59	0.40	0.18
qP_Lss7	0.65	0.63	0.67	0.63	0.38	0.25	0.57	0.62	0.57	0.49	0.28	0.07	0.67	0.68	0.72	0.63	0.39	0.07	0.65	0.63	0.65	0.59	0.40	0.20
qP_Lss8	0.62	0.60	0.63	0.60	0.33	0.19	0.54	0.57	0.56	0.48	0.27	0.05	0.62	0.62	0.67	0.59	0.33	0.07	0.61	0.60	0.61	0.58	0.38	0.16
qP_Lss9	0.60	0.56	0.60	0.56	0.29	0.16	0.50	0.53	0.53	0.46	0.20	0.04	0.60	0.59	0.62	0.54	0.29	0.05	0.61	0.56	0.58	0.53	0.34	0.13
qP_Lss10	0.55	0.52	0.56	0.53	0.26	0.15	0.46	0.49	0.54	0.44	0.19	0.02	0.54	0.53	0.56	0.49	0.26	0.02	0.53	0.52	0.54	0.51	0.25	0.10
qP_Lss11	0.52	0.49	0.53	0.50	0.20	0.12	0.43	0.48	0.50	0.42	0.20	0.03	0.52	0.49	0.50	0.46	0.22	0.02	0.52	0.50	0.52	0.48	0.27	0.08
qP_Lss12	0.54	0.48	0.52	0.48	0.20	0.12	0.43	0.48	0.51	0.41	0.20	0.05	0.50	0.49	0.50	0.45	0.23	0.05	0.54	0.49	0.50	0.46	0.25	0.10
qP_Lss13	0.49	0.44	0.47	0.43	0.17	0.11	0.38	0.40	0.46	0.38	0.15	0.02	0.45	0.42	0.44	0.40	0.18	0.02	0.50	0.44	0.44	0.43	0.22	0.07
qP_Lss14	0.42	0.39	0.42	0.38	0.13	0.09	0.31	0.31	0.44	0.34	0.10	-0.01	0.39	0.37	0.37	0.34	0.13	-0.01	0.43	0.39	0.40	0.38	0.18	0.05
qP_Lss15	0.41	0.37	0.40	0.36	0.10	0.07	0.32	0.31	0.41	0.32	0.12	0.01	0.37	0.36	0.34	0.31	0.11	0.01	0.43	0.38	0.38	0.38	0.21	0.06
qL_Lss1	1.06	1.07	1.06	1.05	0.98	0.91	1.08	1.07	1.02	1.01	0.89	0.82	1.06	1.05	0.98	1.04	1.00	0.90	1.05	1.08	1.06	1.04	0.99	0.90
qL_Lss2	1.03	1.06	1.06	1.02	0.80	0.67	1.10	1.05	0.92	0.85	0.59	0.47	1.09	1.06	0.98	1.03	0.87	0.53	1.03	1.08	1.06	0.96	0.80	0.59
qL_Lss3	1.01	1.05	1.05	1.01	0.73	0.51	1.09	1.03	0.90	0.82	0.49	0.30	1.08	1.06	0.97	1.01	0.78	0.34	1.00	1.06	1.05	0.93	0.71	0.45
qL_Lss4	1.01	1.04	1.04	1.00	0.69	0.47	1.06	1.01	0.90	0.83	0.45	0.24	1.08	1.06	0.98	1.00	0.71	0.25	0.98	1.05	1.04	0.93	0.68	0.38
qL_Lss5	0.99	1.02	1.03	0.99	0.65	0.41	1.03	0.98	0.88	0.81	0.43	0.21	1.05	1.04	0.96	0.97	0.66	0.21	0.96	1.03	1.02	0.92	0.65	0.34
qL_Lss6	0.96	0.98	1.01	0.96	0.61	0.33	0.97	0.93	0.86	0.80	0.38	0.12	1.01	0.99	0.92	0.93	0.60	0.16	0.93	0.99	0.98	0.90	0.59	0.28
qL_Lss7	0.94	0.95	0.98	0.93	0.56	0.36	0.93	0.91	0.84	0.78	0.42	0.12	0.98	0.95	0.88	0.88	0.55	0.14	0.93	0.96	0.95	0.88	0.58	0.33
qL_Lss8	0.89	0.90	0.93	0.88	0.49	0.28	0.88	0.85	0.81	0.75	0.39	0.10	0.91	0.88	0.83	0.83	0.48	0.14	0.88	0.91	0.89	0.85	0.54	0.26
qL_Lss9	0.85	0.85	0.87	0.82	0.43	0.24	0.81	0.78	0.75	0.72	0.30	0.06	0.88	0.82	0.78	0.76	0.42	0.10	0.86	0.86	0.85	0.78	0.49	0.22
qL_Lss10	0.79	0.78	0.81	0.77	0.39	0.22	0.75	0.72	0.75	0.68	0.28	0.03	0.80	0.75	0.71	0.70	0.38	0.04	0.77	0.79	0.78	0.74	0.36	0.17
qL_Lss11	0.74	0.74	0.77	0.72	0.31	0.18	0.70	0.69	0.69	0.65	0.30	0.06	0.77	0.70	0.65	0.66	0.32	0.03	0.74	0.75	0.75	0.70	0.38	0.14
qL_Lss12	0.75	0.72	0.75	0.68	0.30	0.18	0.68	0.68	0.69	0.62	0.29	0.09	0.73	0.69	0.64	0.63	0.33	0.09	0.75	0.72	0.71	0.66	0.36	0.16
qL_Lss13	0.69	0.66	0.68	0.62	0.26	0.16	0.60	0.58	0.63	0.58	0.22	0.04	0.66	0.60	0.58	0.57	0.26	0.03	0.70	0.65	0.63	0.61	0.32	0.11
qL_Lss14	0.59	0.58	0.61	0.55	0.21	0.13	0.50	0.46	0.59	0.51	0.15	-0.02	0.58	0.54	0.49	0.49	0.20	-0.01	0.61	0.59	0.57	0.54	0.26	0.08
qL_Lss15	0.57	0.55	0.58	0.51	0.16	0.11	0.51	0.45	0.55	0.49	0.17	0.01	0.55	0.51	0.46	0.45	0.17	0.02	0.59	0.56	0.55	0.54	0.30	0.08
PAR1	59.15	59.15	59.15	59.15	59.15	59.15	59.15	59.15	59.15	59.15	59.15	59.15	59.15	59.15	59.15	59.15	59.15	59.15	59.15	59.15	59.15	59.15	59.15	59.15
PAR2	179.76	179.76	179.76	179.76	179.76	179.76	179.76	179.76	179.76	179.76	179.76	179.76	179.76	179.76	179.76	179.76	179.76	179.76	179.76	179.76	179.76	179.76	179.76	179.76
PAR3	300.37	300.37	300.37	300.37	300.37	300.37	300.37	300.37	300.37	300.37	300.37	300.37	300.37	300.37	300.37	300.37	300.37	300.37	300.37	300.37	300.37	300.37	300.37	300.37
PAR4	420.98	420.98	420.98	420.98	420.98	420.98	420.98	420.98	420.98	420.98	420.98	420.98	420.98	420.98	420.98	420.98	420.98	420.98	420.98	420.98	420.98	420.98	420.98	420.98
PAR5	541.59	541.59	541.59	541.59	541.59	541.59	541.59	541.59	541.59	541.59	541.59	541.59	541.59	541.59	541.59	541.59	541.59	541.59	541.59	541.59	541.59	541.59	541.59	541.59
PAR6	662.20	662.20	662.20	662.20	662.20	662.20	662.20	662.20	662.20	662.20	662.20	662.20	662.20	662.20	662.20	662.20	662.20	662.20	662.20	662.20	662.20	662.20	662.20	662.20
PAR7	782.81	782.81	782.81	782.81	782.81	782.81	782.81	782.81	782.81	782.81	782.81	782.81	782.81	782.81	782.81	782.81	782.81	782.81	782.81	782.81	782.81	782.81	782.81	782.81
PAR8	903.42	903.42	903.42	903.42	903.42	903.42	903.42	903.42	903.42	903.42	903.42	903.42	903.42	903.42	903.42	903.42	903.42	903.42	903.42	903.42	903.42	903.42	903.42	903.42
PAR9	1024.03	1024.03	1024.03	1024.03	1024.03	1024.03	1024.03	1024.03	1024.03	1024.03	1024.03	1024.03	1024.03	1024.03	1024.03	1024.03	1024.03	1024.03	1024.03	1024.03	1024.03	1024.03	1024.03	1024.03
PAR10	1144.64	1144.64	1144.64	1144.64	1144.64	1144.64	1144.64	1144.64	1144.64	1144.64	1144.64	1144.64	1144.64	1144.64	1144.64	1144.64	1144.64	1144.64	1144.64	1144.64	1144.64	1144.64	1144.64	1144.64
PAR11	1265.25	1265.25	1265.25	1265.25	1265.25	1265.25	1265.25	1265.25	1265.25	1265.25	1265.25	1265.25	1265.25	1265.25	1265.25	1265.25	1265.25	1265.25	1265.25	1265.25	1265.25	1265.25	1265.25	1265.25
PAR12	1385.86	1385.86	1385.86	1385.86	1385.86	1385.86	1385.86	1385.86	1385.86	1385.86	1385.86	1385.86	1385.86	1385.86	1385.86	1385.86	1385.86	1385.86	1385.86	1385.86	1385.86	1385.86	1385.86	1385.86
PAR13	1506.47	1506.47	1506.47	1506.47	1506.47	1506.47	1506.47	1506.47	1506.47	1506.47	1506.47	1506.47	1506.47	1506.47	1506.47	1506.47	1506.47	1506.47	1506.47	1506.47	1506.47	1506.47	1506.47	1506.47
PAR14	1627.08	1627.08	1627.08	1627.08	1627.08	1627.08	1627.08	1627.08	1627.08	1627.08	1627.08	1627.08	1627.08	1627.08	1627.08	1627.08	1627.08	1627.08	1627.08	1627.08	1627.08	1627.08	1627.08	1627.08
PAR15	1747.69	1747.69	1747.69	1747.69	1747.69	1747.69	1747.69	1747.69	1747.69	1747.69	1747.69	1747.69	1747.69	1747.69	1747.69	1747.69	1747.69	1747.69	1747.69	1747.69	1747.69	1747.69	1747.69	1747.69
ETR1	12.6496	13.3461	13.0335	12.4450	9.6769	8.1912	14.2043	12.9378	10.2301	10.0122	7.7862	6.7949	14.5408	13.7523	10.2709	12.6921	10.5522	7.9170	12.5924	13.5302	13.3682	11.4662	9.8472	8.0305
ETR2	32.8158	35.7319	34.7804	31.3729	19.8182	14.8899	36.8279	33.6343	24.6653	21.2525	13.0067	9.6199	39.7891	39.0060	30.7540	33.7735	22.7719	11.3394	32.0983	36.3003	35.5759	26.9407	19.6713	12.8426
ETR3	51.7880	56.3238	56.0785	50.5125	28.7401	17.3352	55.9185	52.7229	40.0064	34.0365	16.7980	9.8278	61.9140	61.5684	49.6371	53.3431	31.7807	11.2270	50.2205	56.5988	56.2218	42.2599	27.6000	15.4177
ETR4	72.6516	75.0161	75.8134	69.6858	37.3686	21.6330	72.6771	70.7197	56.3267	48.1977	21.1941	10.7089	82.2884	82.0309	71.8979	71.1044	38.7747	11.4806	67.1338	76.2647	75.5184	58.9580	36.4742	17.3665
ETR5	87.8885	89.8654	94.0791	87.1937	44.2769	23.6036	87.1223	84.3310	69.8970	60.4539	25.4427	11.7523	97.8406	97.9300	85.8076	86.0994	44.4358	12.1757	82.4263	91.9654	91.6755	74.4321	43.5547	20.0779
ETR6	100.7084	103.0270	108.7018	100.6552	48.9306	22.1190	95.8501	93.6400	82.3682	72.0475	27.1255	8.0630	109.6667	108.3099	94.2637	95.1408	47.1562	10.8074	94.9151	103.0933	104.3692	87.5360	47.0379	19.9007
ETR7	113.8544	113.9093	121.3176	110.8069	52.2240	29.4293	107.0294	107.1962	93.0348	82.8691	35.3567	9.8793	121.4669	117.1852	101.4418	103.0395	50.3069	11.4585	112.1336	115.8175	115.0939	100.3314	53.6123	27.4510
ETR8	118.7449	119.9944	127.4508	116.3883	50.5829	25.4299	112.3752	109.1522	101.4436	90.7082	37.4492	8.7463	124.1201	117.2483	103.1924	105.9222	47.9357	13.3139	116.7526	122.2127	119.9519	110.3454	55.6734	24.3229
ETR9	126.4967	123.6561	131.0604	117.1423	48.6927	23.8113	113.3530	109.0123	102.8026	95.8595	31.3708	6.4189	131.3049	118.8113	103.7924	103.7663	45.5638	10.0328	127.0523	125.6475	124.0039	109.6423	54.8026	22.6854
ETR10	123.9818	121.8192	129.9639	119.0416	47.6778	24.2842	112.6330	107.1760	112.7725	100.0521	32.4368	3.5659	127.0321	114.1235	98.8218	101.2472	44.9313	4.4402	119.1253	124.1379	122.0477	112.5617	43.2991	19.4735
ETR11	124.7990	123.3682	131.5265	117.5162	41.2249	22.4640	113.3375	110.1008	110.8099	102.3453	38.3769	7.1726	130.8355	111.8775	93.8996	103.2883	41.0477	4.4185	122.0756	126.9258	125.3579	113.6270	50.4541	17.6340
ETR12	136.9476	129.5752	136.8102	120.0083	43.6881	24.1158	121.0685	117.2654	119.2336	105.3973	40.3779	13.2565	131.8657	119.2274	99.9715	105.0736	47.0309	12.1956	137.0752	130.2697	126.8407	112.8196	51.2682	22.1554
ETR13	130.6086	124.3840	128.9733	114.1933	39.2687	23.4873	110.5687	101.8213	111.5008	104.2805	31.8960	5.2710	124.1916	106.3835	94.7061	98.6487	39.5362	4.6722	133.3243	122.4079	115.5479	110.8250	48.9039	15.5073
ETR14	113.4128	113.9040	121.0006	102.9528	33.5086	20.3367	96.0495	82.1674	111.3447	95.8723	23.6700	-3.0249	112.5913	99.6722	82.3041	87.6767	31.6174	-2.2849	116.8827	115.4929	109.9688	100.7466	41.5597	12.5906
ETR15	116.1630	112.1942	120.4251	101.8708	26.9559	18.7862	103.6743	86.9040	107.8669	96.4638	29.0604	2.3379	111.8659	101.0515	80.6425	85.0460	27.8443	3.0940	119.9964	114.6670	110.4613	106.1425	51.4266	13.7536
