FluorCam7 Numeric Avg Export File
-----------------------------------
	Area 1	Area 2	Area 3	Area 4	Area 5	Area 6	Area 7	Area 8	Area 9	Area 10	Area 11	Area 12	Area 13	Area 14	Area 15	Area 16	Area 17	Area 18	Area 19	Area 20	Area 21	Area 22	Area 23	Area 24
Size [pixels]	5296	2933	6072	4388	4788	3618	5913	5212	5978	5203	4028	3177	2677	4845	4420	4407	3342	3405	3049	4374	4450	5352	3442	1996
Fo	2043.45	2007.74	2476.36	2312.01	2041.05	1900.60	1985.76	2486.92	2637.86	2478.46	2587.82	1732.73	1860.51	2098.34	2526.22	2508.85	2232.05	2240.65	1419.32	1988.85	2379.61	2045.53	1773.40	1516.37
Fm	6804.16	6826.31	8223.68	7425.05	6040.31	5000.77	6437.53	8057.91	8595.57	7589.37	7832.01	4557.59	6076.50	6718.13	8006.78	7506.41	6257.73	5749.72	4648.34	6477.77	7654.39	6251.35	4840.09	3673.24
Fv	4760.71	4818.58	5747.32	5113.04	3999.26	3100.17	4451.77	5570.99	5957.71	5110.90	5244.19	2824.86	4215.99	4619.79	5480.57	4997.56	4025.69	3509.07	3229.02	4488.92	5274.78	4205.83	3066.69	2156.87
Fm_Lss1	6638.57	6617.86	7929.11	7055.48	5528.36	4452.33	6281.14	7834.46	8250.03	7201.49	7258.13	4405.47	5883.71	6482.22	7654.61	7054.95	5740.38	5572.92	4576.71	6326.23	7483.26	5983.67	4342.89	3719.75
Fm_Lss2	6334.81	6284.57	7554.14	6575.62	4654.15	3965.27	6036.10	7491.50	7832.65	6587.00	5824.58	4262.15	5646.96	6167.83	7243.05	6532.79	4744.80	5365.97	4384.79	6072.19	7243.23	5577.24	3555.18	3647.45
Fm_Lss3	6173.55	6108.42	7282.33	6269.16	3966.67	3733.53	5890.65	7091.41	7333.79	6021.83	4589.10	4260.44	5425.67	5928.58	7032.30	6208.12	3957.58	5320.68	4251.03	5786.88	6802.12	5253.13	2985.12	3579.72
Fm_Lss4	5997.17	5873.66	6660.25	5779.09	3457.10	3670.54	5494.42	6368.16	6487.97	5217.65	3810.32	4238.34	5061.27	5582.14	6580.13	5795.54	3399.88	5300.12	4000.71	5256.58	6198.72	4845.41	2632.30	3509.62
Fm_Lss5	5632.03	5266.50	5971.38	5084.95	3001.45	3675.17	4963.03	5546.51	5554.82	4474.41	3341.63	4115.43	4512.59	5051.41	5991.31	5155.67	3014.54	5084.87	3654.79	4709.01	5544.29	4343.55	2362.18	3258.49
Fm_Lss6	5234.60	4734.31	5355.64	4550.45	2761.17	3722.80	4472.91	4935.12	4947.83	4009.88	3115.92	4082.19	4085.89	4600.08	5403.14	4649.51	2760.17	4983.28	3380.43	4369.81	5098.62	3909.74	2215.84	3216.67
Fm_Lss7	4775.73	4115.66	4794.93	4006.88	2523.05	3697.47	3982.62	4390.13	4410.57	3607.75	2969.27	3933.80	3691.80	4178.54	4892.83	4191.37	2590.95	4809.41	3077.69	4030.32	4620.86	3491.04	2123.35	3021.37
Fm_Lss8	4356.81	3631.70	4266.71	3551.86	2353.28	3661.73	3548.23	3945.52	3958.18	3315.89	2816.38	3750.26	3351.26	3822.31	4393.23	3743.09	2451.42	4561.42	2841.48	3666.08	4220.38	3147.42	2043.82	2875.31
Fm_Lss9	3911.50	3191.97	3831.08	3191.83	2222.95	3609.21	3214.03	3595.69	3568.50	3064.88	2730.99	3561.66	3095.42	3430.29	3947.94	3315.36	2318.92	4295.05	2645.82	3359.60	3844.30	2833.31	1968.33	2645.29
Fm_Lss10	3523.46	2939.91	3498.29	2967.33	2159.09	3547.46	2918.81	3374.52	3335.64	2899.98	2699.33	3406.84	2881.21	3176.98	3635.83	3075.08	2266.97	4101.23	2498.29	3169.25	3595.91	2622.23	1937.99	2590.24
Fm_Lss11	3243.55	2752.04	3253.13	2791.49	2084.67	3501.20	2693.37	3153.93	3128.47	2752.98	2647.71	3222.13	2664.85	2922.38	3352.73	2846.68	2254.64	3875.85	2321.93	2958.17	3307.73	2435.62	1946.43	2435.94
Fm_Lss12	2958.61	2545.69	3059.03	2649.97	2042.42	3368.94	2512.61	2973.95	2957.84	2657.38	2607.68	3010.90	2560.02	2708.28	3124.70	2680.70	2147.80	3669.39	2197.12	2796.41	3160.37	2315.46	1937.93	2315.79
Fm_Lss13	2750.66	2440.97	2903.72	2552.00	1999.71	3288.87	2401.81	2831.46	2847.17	2556.94	2557.70	2880.18	2401.67	2520.60	2907.19	2555.60	2153.50	3455.91	2063.79	2652.06	2959.33	2225.21	1934.56	2210.10
Fm_Lss14	2577.07	2325.50	2793.95	2459.32	1965.06	3141.54	2259.72	2727.26	2748.56	2492.26	2642.46	2727.24	2305.05	2385.90	2769.09	2461.88	2108.23	3327.71	1968.77	2541.85	2873.41	2151.81	1950.17	2118.47
Fm_Lss15	2424.95	2237.28	2673.95	2382.85	1943.69	3015.82	2167.85	2613.50	2642.22	2411.69	2820.01	2587.13	2132.11	2225.34	2645.56	2357.49	2081.25	3065.43	1857.33	2392.61	2735.99	2059.12	1949.37	1973.22
Ft_Lss1	2318.83	2297.78	2831.62	2625.16	2337.18	2424.51	2257.08	2819.08	2985.85	2791.35	2975.61	2231.53	2111.91	2361.02	2836.38	2784.02	2550.47	3121.36	1603.85	2267.88	2752.39	2339.61	2104.55	2277.53
Ft_Lss2	2442.60	2420.13	3029.97	2727.48	2395.09	2886.10	2417.97	3015.40	3155.32	2928.05	3026.67	3252.43	2284.22	2512.93	3024.93	2895.53	2622.83	4167.29	1742.67	2573.91	3138.43	2521.46	2164.57	3004.80
Ft_Lss3	2629.71	2594.47	3261.37	2844.77	2331.51	3006.45	2625.88	3253.27	3329.21	3000.56	2811.52	3607.42	2497.04	2689.86	3196.91	2976.12	2525.26	4614.81	1937.51	2831.53	3429.55	2613.31	2051.26	3190.73
Ft_Lss4	2762.92	2716.88	3309.04	2840.20	2215.20	3179.59	2724.15	3259.67	3256.20	2901.11	2617.43	3805.17	2606.34	2758.33	3281.64	2987.83	2382.84	4842.42	2039.67	2907.37	3481.27	2600.51	1954.44	3187.22
Ft_Lss5	2850.52	2755.60	3238.74	2794.48	2112.03	3323.08	2694.07	3134.74	3106.42	2760.42	2508.72	3865.87	2580.11	2719.64	3231.51	2892.63	2247.71	4917.83	2050.01	2865.16	3419.52	2524.87	1874.40	3183.69
Ft_Lss6	2815.51	2634.31	3123.96	2653.99	2014.53	3419.19	2567.63	2987.29	2945.26	2632.87	2441.99	3868.40	2474.38	2640.20	3132.68	2779.19	2157.45	4844.22	2010.19	2797.99	3337.91	2418.70	1814.53	3062.15
Ft_Lss7	2722.43	2489.73	2967.86	2514.12	1932.90	3486.80	2456.40	2837.68	2786.02	2496.65	2378.04	3771.76	2358.38	2541.93	2979.88	2645.99	2085.13	4681.18	1949.66	2701.14	3208.84	2295.72	1772.01	2895.81
Ft_Lss8	2631.46	2353.06	2820.55	2380.78	1861.94	3507.10	2323.25	2695.22	2644.45	2382.39	2324.24	3680.90	2275.89	2424.92	2839.29	2508.28	2025.31	4473.55	1895.34	2591.80	3064.04	2152.33	1739.10	2759.93
Ft_Lss9	2512.46	2215.67	2702.27	2272.38	1827.31	3496.53	2218.34	2589.52	2538.34	2322.11	2304.79	3501.12	2197.58	2333.23	2717.03	2384.36	1982.52	4246.06	1838.08	2506.43	2917.92	2060.12	1739.38	2620.79
Ft_Lss10	2405.56	2132.43	2564.99	2173.91	1787.66	3457.91	2108.76	2496.30	2473.40	2270.39	2287.44	3315.01	2126.77	2235.40	2595.27	2278.89	1942.56	4024.32	1760.89	2409.81	2801.81	1965.48	1736.37	2466.50
Ft_Lss11	2271.11	2040.40	2476.54	2109.38	1733.13	3367.09	2025.94	2423.16	2375.91	2195.30	2290.18	3147.35	2022.15	2139.75	2491.52	2197.74	1918.76	3814.67	1732.30	2308.14	2695.23	1902.17	1745.32	2350.50
Ft_Lss12	2166.63	1975.91	2390.02	2091.80	1731.65	3297.84	1938.30	2362.75	2327.05	2176.85	2291.67	3015.75	1974.89	2067.77	2403.20	2132.33	1912.83	3633.75	1679.19	2247.30	2588.99	1882.77	1782.91	2257.97
Ft_Lss13	2080.82	1928.32	2350.33	2036.90	1742.90	3202.73	1895.46	2322.22	2305.84	2155.41	2332.52	2832.29	1916.48	1998.02	2354.42	2100.65	1903.57	3430.98	1643.76	2171.64	2524.64	1843.31	1813.06	2149.48
Ft_Lss14	2020.05	1893.24	2291.16	2024.74	1747.58	3094.69	1834.55	2271.80	2273.59	2125.11	2388.66	2675.01	1853.35	1915.29	2270.05	2058.61	1885.08	3243.60	1589.27	2120.18	2445.30	1796.50	1830.62	2040.59
Ft_Lss15	1951.43	1878.51	2261.13	2005.06	1757.32	2972.55	1791.48	2228.11	2243.73	2116.90	2669.26	2530.36	1804.48	1874.84	2238.91	2041.14	1906.13	3074.35	1560.41	2071.59	2388.46	1787.14	1894.29	1965.47
Fo_Lss1	2028.26	1989.31	2448.96	2274.90	1979.12	1815.60	1970.62	2465.22	2604.39	2435.62	2521.93	1710.28	1842.03	2074.76	2490.07	2456.32	2162.53	2213.29	1412.56	1974.33	2362.81	2016.02	1702.00	1524.24
Fo_Lss2	1998.97	1958.09	2411.98	2222.60	1854.42	1729.00	1945.84	2430.21	2561.30	2361.13	2323.25	1688.24	1818.16	2041.45	2444.88	2389.81	2004.11	2179.90	1393.74	1948.88	2338.34	1967.70	1566.02	1511.96
Fo_Lss3	1982.63	1940.66	2383.58	2186.48	1734.63	1683.43	1930.47	2386.53	2505.57	2284.28	2097.96	1687.97	1794.60	2014.54	2420.39	2344.95	1848.78	2172.39	1379.94	1918.52	2290.39	1925.78	1444.51	1500.19
Fo_Lss4	1964.08	1916.32	2312.87	2123.67	1629.60	1670.51	1885.90	2298.67	2398.73	2158.10	1918.69	1684.49	1752.86	1972.94	2364.47	2283.55	1717.19	2168.95	1352.47	1856.43	2217.70	1868.16	1356.52	1487.74
Fo_Lss5	1923.24	1846.86	2223.78	2022.23	1520.77	1671.47	1819.05	2182.00	2258.46	2019.36	1792.11	1664.73	1682.03	1902.30	2283.82	2177.08	1613.05	2132.02	1310.53	1783.20	2127.85	1788.48	1281.03	1440.67
Fo_Lss6	1874.64	1776.81	2132.48	1931.98	1456.55	1681.25	1748.82	2080.59	2151.17	1919.03	1725.10	1659.27	1619.01	1834.51	2192.83	2081.40	1537.25	2113.95	1273.47	1732.28	2058.78	1710.34	1236.74	1432.44
Fo_Lss7	1812.28	1681.93	2037.60	1826.76	1387.47	1676.06	1668.51	1977.12	2042.97	1821.85	1679.18	1634.21	1553.30	1763.56	2103.78	1984.31	1483.29	2082.02	1227.97	1676.31	1976.27	1625.08	1207.39	1392.36
Fo_Lss8	1748.48	1595.06	1935.77	1725.96	1334.53	1668.68	1587.11	1881.63	1940.25	1744.32	1629.17	1601.65	1489.62	1696.82	2005.71	1877.84	1436.49	2034.15	1188.55	1609.79	1899.20	1546.49	1181.25	1360.51
Fo_Lss9	1672.08	1504.06	1840.80	1636.27	1291.58	1657.69	1516.57	1798.19	1841.67	1672.27	1600.22	1566.23	1436.83	1614.89	1907.48	1763.68	1389.95	1979.40	1152.88	1547.79	1819.11	1466.60	1155.63	1306.75
Fo_Lss10	1596.91	1445.66	1760.34	1575.18	1269.76	1644.54	1447.49	1741.13	1777.63	1621.95	1589.30	1535.54	1388.90	1556.47	1831.52	1693.30	1371.11	1937.21	1123.96	1506.11	1761.53	1407.93	1145.11	1293.17
Fo_Lss11	1536.80	1398.70	1696.02	1524.21	1243.66	1634.53	1389.80	1680.48	1717.03	1574.92	1571.27	1496.87	1336.59	1492.75	1756.79	1621.65	1366.59	1885.42	1086.82	1456.71	1689.43	1352.30	1148.05	1253.53
Fo_Lss12	1469.73	1343.36	1641.71	1481.02	1228.50	1605.11	1340.05	1627.99	1664.34	1543.16	1557.08	1449.62	1309.69	1434.81	1692.09	1566.40	1326.59	1835.19	1058.68	1416.37	1650.13	1314.43	1145.09	1220.93
Fo_Lss13	1416.53	1313.62	1595.90	1449.92	1212.91	1586.71	1307.87	1584.34	1628.71	1508.74	1539.12	1418.62	1266.95	1380.36	1626.20	1522.84	1328.77	1780.19	1026.72	1378.37	1593.61	1284.85	1143.91	1190.91
Fo_Lss14	1369.04	1279.43	1562.17	1419.52	1200.08	1551.60	1264.58	1551.18	1595.96	1485.98	1569.41	1380.49	1239.54	1338.96	1582.07	1489.06	1311.39	1745.55	1002.64	1347.99	1568.35	1260.03	1149.35	1163.78
Fo_Lss15	1324.89	1252.27	1523.93	1393.71	1192.07	1520.30	1235.28	1513.70	1559.51	1456.96	1630.38	1343.66	1187.74	1286.86	1540.96	1450.22	1300.90	1670.58	972.91	1304.83	1526.51	1227.67	1149.07	1118.55
Fv_Lss1	4610.31	4628.55	5480.15	4780.57	3549.24	2636.73	4310.51	5369.24	5645.64	4765.86	4736.19	2695.18	4041.68	4407.46	5164.54	4598.63	3577.85	3359.63	3164.14	4351.90	5120.45	3967.66	2640.89	2195.51
Fv_Lss2	4335.84	4326.48	5142.16	4353.01	2799.73	2236.27	4090.26	5061.29	5271.35	4225.87	3501.33	2573.91	3828.79	4126.38	4798.17	4142.98	2740.68	3186.07	2991.06	4123.31	4904.88	3609.53	1989.16	2135.49
Fv_Lss3	4190.92	4167.77	4898.75	4082.69	2232.03	2050.09	3960.17	4704.88	4828.22	3737.56	2491.14	2572.46	3631.07	3914.04	4611.90	3863.17	2108.80	3148.29	2871.09	3868.36	4511.73	3327.34	1540.61	2079.52
Fv_Lss4	4033.09	3957.33	4347.38	3655.42	1827.50	2000.03	3608.52	4069.49	4089.24	3059.54	1891.64	2553.85	3308.42	3609.20	4215.66	3512.00	1682.68	3131.17	2648.24	3400.15	3981.02	2977.26	1275.78	2021.88
Fv_Lss5	3708.79	3419.65	3747.60	3062.72	1480.68	2003.70	3143.98	3364.51	3296.36	2455.05	1549.51	2450.70	2830.56	3149.12	3707.49	2978.59	1401.49	2952.85	2344.26	2925.81	3416.45	2555.07	1081.14	1817.82
Fv_Lss6	3359.96	2957.50	3223.16	2618.47	1304.62	2041.55	2724.09	2854.52	2796.67	2090.85	1390.82	2422.92	2466.89	2765.56	3210.31	2568.10	1222.92	2869.33	2106.96	2637.53	3039.84	2199.40	979.10	1784.23
Fv_Lss7	2963.45	2433.73	2757.32	2180.11	1135.58	2021.40	2314.12	2413.01	2367.60	1785.90	1290.09	2299.58	2138.50	2414.98	2789.05	2207.07	1107.66	2727.39	1849.72	2354.01	2644.59	1865.96	915.97	1629.01
Fv_Lss8	2608.33	2036.64	2330.94	1825.90	1018.75	1993.05	1961.13	2063.89	2017.93	1571.58	1187.21	2148.61	1861.64	2125.49	2387.53	1865.26	1014.94	2527.27	1652.94	2056.29	2321.18	1600.93	862.57	1514.80
Fv_Lss9	2239.42	1687.91	1990.28	1555.56	931.36	1951.52	1697.46	1797.49	1726.83	1392.61	1130.77	1995.43	1658.59	1815.40	2040.46	1551.68	928.97	2315.65	1492.93	1811.81	2025.19	1366.71	812.70	1338.54
Fv_Lss10	1926.56	1494.25	1737.95	1392.15	889.32	1902.92	1471.33	1633.39	1558.02	1278.03	1110.03	1871.30	1492.31	1620.51	1804.31	1381.78	895.86	2164.02	1374.33	1663.14	1834.37	1214.29	792.88	1297.07
Fv_Lss11	1706.75	1353.33	1557.11	1267.28	841.02	1866.67	1303.57	1473.45	1411.44	1178.07	1076.45	1725.27	1328.26	1429.63	1595.94	1225.03	888.05	1990.43	1235.10	1501.45	1618.30	1083.32	798.38	1182.41
Fv_Lss12	1488.88	1202.33	1417.32	1168.95	813.93	1763.83	1172.56	1345.96	1293.51	1114.23	1050.60	1561.28	1250.33	1273.47	1432.61	1114.30	821.20	1834.19	1138.44	1380.04	1510.24	1001.03	792.85	1094.86
Fv_Lss13	1334.13	1127.35	1307.81	1102.09	786.80	1702.17	1093.94	1247.12	1218.45	1048.20	1018.58	1461.56	1134.71	1140.24	1280.99	1032.75	824.73	1675.72	1037.07	1273.69	1365.72	940.36	790.65	1019.20
Fv_Lss14	1208.02	1046.07	1231.78	1039.80	764.98	1589.94	995.15	1176.08	1152.60	1006.27	1073.04	1346.75	1065.50	1046.93	1187.02	972.81	796.84	1582.16	966.13	1193.86	1305.06	891.78	800.82	954.69
Fv_Lss15	1100.06	985.01	1150.02	989.14	751.61	1495.52	932.57	1099.80	1082.71	954.73	1189.63	1243.47	944.37	938.48	1104.60	907.26	780.35	1394.85	884.42	1087.78	1209.49	831.45	800.30	854.67
Fq_Lss1	4319.74	4320.08	5097.49	4430.32	3191.18	2027.82	4024.05	5015.38	5264.18	4410.14	4282.52	2173.94	3771.80	4121.20	4818.23	4270.93	3189.91	2451.56	2972.86	4058.35	4730.87	3644.06	2238.34	1442.23
Fq_Lss2	3892.21	3864.44	4524.16	3848.14	2259.06	1079.17	3618.13	4476.09	4677.34	3658.94	2797.91	1009.73	3362.74	3654.89	4218.12	3637.26	2121.97	1198.68	2642.12	3498.28	4104.79	3055.78	1390.61	642.65
Fq_Lss3	3543.84	3513.95	4020.96	3424.39	1635.15	727.07	3264.77	3838.15	4004.58	3021.27	1777.58	653.01	2928.63	3238.72	3835.39	3232.00	1432.32	705.86	2313.52	2955.35	3372.58	2639.82	933.86	388.99
Fq_Lss4	3234.25	3156.78	3351.21	2938.89	1241.90	490.95	2770.28	3108.49	3231.77	2316.53	1192.89	433.18	2454.93	2823.80	3298.49	2807.71	1017.04	457.71	1961.04	2349.21	2717.45	2244.90	677.86	322.40
Fq_Lss5	2781.50	2510.90	2732.64	2290.46	889.42	352.09	2268.96	2411.77	2448.39	1713.99	832.90	249.57	1932.48	2331.77	2759.79	2263.05	766.84	167.04	1604.78	1843.85	2124.78	1818.68	487.77	74.80
Fq_Lss6	2419.09	2100.00	2231.68	1896.45	746.64	303.61	1905.28	1947.83	2002.57	1377.01	673.92	213.79	1611.52	1959.88	2270.46	1870.32	602.71	139.06	1370.24	1571.82	1760.71	1491.03	401.30	154.52
Fq_Lss7	2053.30	1625.93	1827.07	1492.75	590.15	210.66	1526.22	1552.45	1624.55	1111.10	591.22	162.04	1333.42	1636.61	1912.95	1545.38	505.82	128.23	1128.03	1329.18	1412.02	1195.32	351.34	125.56
Fq_Lss8	1725.35	1278.64	1446.16	1171.08	491.34	154.62	1224.98	1250.30	1313.72	933.50	492.14	69.36	1075.37	1397.40	1553.94	1234.82	426.11	87.87	946.14	1074.28	1156.34	995.09	304.72	115.38
Fq_Lss9	1399.04	976.30	1128.81	919.46	395.64	112.68	995.69	1006.17	1030.17	742.76	426.20	60.54	897.83	1097.05	1230.91	931.00	336.40	49.00	807.74	853.17	926.38	773.18	228.95	24.50
Fq_Lss10	1117.90	807.48	933.30	793.42	371.43	89.55	810.06	878.21	862.24	629.59	411.88	91.83	754.45	941.58	1040.56	796.19	324.41	76.91	737.41	759.44	794.10	656.75	201.61	123.74
Fq_Lss11	972.44	711.64	776.59	682.11	351.55	134.10	667.43	730.78	752.56	557.68	357.53	74.79	642.70	782.63	861.21	648.93	335.89	61.18	589.63	650.03	612.50	533.46	201.11	85.43
Fq_Lss12	791.98	569.78	669.01	558.17	310.77	71.10	574.31	611.19	630.79	480.53	316.01	-4.85	585.13	640.51	721.50	548.37	234.97	35.63	517.93	549.10	571.38	432.69	155.03	57.81
Fq_Lss13	669.84	512.65	553.39	515.10	256.82	86.14	506.35	509.24	541.33	401.54	225.17	47.89	485.18	522.58	552.77	454.94	249.93	24.94	420.03	480.42	434.69	381.90	121.50	60.63
Fq_Lss14	557.02	432.26	502.79	434.58	217.47	46.84	425.17	455.46	474.97	367.14	253.80	52.23	451.69	470.61	499.04	403.27	223.14	84.11	379.50	421.67	428.11	355.31	119.55	77.88
Fq_Lss15	473.52	358.77	412.82	377.79	186.36	43.27	376.37	385.39	398.49	294.80	150.75	56.77	327.63	350.50	406.65	316.35	175.12	-8.92	296.93	321.02	347.54	271.98	55.08	7.76
QY_max	0.70	0.71	0.70	0.69	0.66	0.62	0.69	0.69	0.69	0.67	0.67	0.62	0.69	0.69	0.68	0.67	0.64	0.61	0.69	0.69	0.69	0.67	0.63	0.59
Fv/Fm_Lss1	0.69	0.70	0.69	0.68	0.64	0.59	0.69	0.69	0.68	0.66	0.65	0.61	0.69	0.68	0.67	0.65	0.62	0.60	0.69	0.69	0.68	0.66	0.61	0.59
Fv/Fm_Lss2	0.68	0.69	0.68	0.66	0.60	0.56	0.68	0.68	0.67	0.64	0.60	0.60	0.68	0.67	0.66	0.63	0.58	0.59	0.68	0.68	0.68	0.65	0.56	0.59
Fv/Fm_Lss3	0.68	0.68	0.67	0.65	0.56	0.55	0.67	0.66	0.66	0.62	0.54	0.60	0.67	0.66	0.66	0.62	0.53	0.59	0.68	0.67	0.66	0.63	0.52	0.58
Fv/Fm_Lss4	0.67	0.67	0.65	0.63	0.53	0.54	0.66	0.64	0.63	0.59	0.50	0.60	0.65	0.65	0.64	0.61	0.49	0.59	0.66	0.65	0.64	0.61	0.48	0.58
Fv/Fm_Lss5	0.66	0.65	0.63	0.60	0.49	0.55	0.63	0.61	0.59	0.55	0.46	0.60	0.63	0.62	0.62	0.58	0.46	0.58	0.64	0.62	0.62	0.59	0.46	0.56
Fv/Fm_Lss6	0.64	0.62	0.60	0.58	0.47	0.55	0.61	0.58	0.57	0.52	0.45	0.59	0.60	0.60	0.59	0.55	0.44	0.58	0.62	0.60	0.60	0.56	0.44	0.55
Fv/Fm_Lss7	0.62	0.59	0.58	0.54	0.45	0.55	0.58	0.55	0.54	0.50	0.43	0.58	0.58	0.58	0.57	0.53	0.43	0.57	0.60	0.58	0.57	0.53	0.43	0.54
Fv/Fm_Lss8	0.60	0.56	0.55	0.51	0.43	0.54	0.55	0.52	0.51	0.47	0.42	0.57	0.56	0.56	0.54	0.50	0.41	0.55	0.58	0.56	0.55	0.51	0.42	0.53
Fv/Fm_Lss9	0.57	0.53	0.52	0.49	0.42	0.54	0.53	0.50	0.48	0.45	0.41	0.56	0.54	0.53	0.52	0.47	0.40	0.54	0.56	0.54	0.53	0.48	0.41	0.51
Fv/Fm_Lss10	0.55	0.51	0.50	0.47	0.41	0.54	0.50	0.48	0.47	0.44	0.41	0.55	0.52	0.51	0.50	0.45	0.40	0.53	0.55	0.52	0.51	0.46	0.41	0.50
Fv/Fm_Lss11	0.53	0.49	0.48	0.45	0.40	0.53	0.48	0.47	0.45	0.43	0.41	0.54	0.50	0.49	0.48	0.43	0.39	0.51	0.53	0.51	0.49	0.44	0.41	0.49
Fv/Fm_Lss12	0.50	0.47	0.46	0.44	0.40	0.52	0.47	0.45	0.44	0.42	0.40	0.52	0.49	0.47	0.46	0.42	0.38	0.50	0.52	0.49	0.48	0.43	0.41	0.47
Fv/Fm_Lss13	0.49	0.46	0.45	0.43	0.39	0.52	0.46	0.44	0.43	0.41	0.40	0.51	0.47	0.45	0.44	0.40	0.38	0.48	0.50	0.48	0.46	0.42	0.41	0.46
Fv/Fm_Lss14	0.47	0.45	0.44	0.42	0.39	0.51	0.44	0.43	0.42	0.40	0.41	0.49	0.46	0.44	0.43	0.40	0.38	0.48	0.49	0.47	0.45	0.41	0.41	0.45
Fv/Fm_Lss15	0.45	0.44	0.43	0.42	0.39	0.50	0.43	0.42	0.41	0.40	0.42	0.48	0.44	0.42	0.42	0.38	0.37	0.46	0.48	0.45	0.44	0.40	0.41	0.43
QY_Lss1	0.65	0.65	0.64	0.63	0.58	0.46	0.64	0.64	0.64	0.61	0.59	0.49	0.64	0.64	0.63	0.61	0.56	0.44	0.65	0.64	0.63	0.61	0.52	0.39
QY_Lss2	0.61	0.61	0.60	0.59	0.49	0.27	0.60	0.60	0.60	0.56	0.48	0.24	0.60	0.59	0.58	0.56	0.45	0.22	0.60	0.58	0.57	0.55	0.39	0.18
QY_Lss3	0.57	0.58	0.55	0.55	0.41	0.19	0.55	0.54	0.55	0.50	0.39	0.15	0.54	0.55	0.55	0.52	0.36	0.13	0.54	0.51	0.50	0.50	0.31	0.11
QY_Lss4	0.54	0.54	0.50	0.51	0.36	0.13	0.50	0.49	0.50	0.44	0.31	0.10	0.49	0.51	0.50	0.48	0.30	0.09	0.49	0.45	0.44	0.46	0.26	0.09
QY_Lss5	0.49	0.48	0.46	0.45	0.30	0.10	0.46	0.43	0.44	0.38	0.25	0.06	0.43	0.46	0.46	0.44	0.25	0.03	0.44	0.39	0.38	0.42	0.21	0.02
QY_Lss6	0.46	0.44	0.42	0.42	0.27	0.08	0.43	0.39	0.40	0.34	0.22	0.05	0.39	0.43	0.42	0.40	0.22	0.03	0.41	0.36	0.35	0.38	0.18	0.05
QY_Lss7	0.43	0.40	0.38	0.37	0.23	0.06	0.38	0.35	0.37	0.31	0.20	0.04	0.36	0.39	0.39	0.37	0.20	0.03	0.37	0.33	0.31	0.34	0.17	0.04
QY_Lss8	0.40	0.35	0.34	0.33	0.21	0.04	0.35	0.32	0.33	0.28	0.17	0.02	0.32	0.37	0.35	0.33	0.17	0.02	0.33	0.29	0.27	0.32	0.15	0.04
QY_Lss9	0.36	0.31	0.29	0.29	0.18	0.03	0.31	0.28	0.29	0.24	0.16	0.02	0.29	0.32	0.31	0.28	0.15	0.01	0.31	0.25	0.24	0.27	0.12	0.01
QY_Lss10	0.32	0.27	0.27	0.27	0.17	0.03	0.28	0.26	0.26	0.22	0.15	0.03	0.26	0.30	0.29	0.26	0.14	0.02	0.30	0.24	0.22	0.25	0.10	0.05
QY_Lss11	0.30	0.26	0.24	0.24	0.17	0.04	0.25	0.23	0.24	0.20	0.14	0.02	0.24	0.27	0.26	0.23	0.15	0.02	0.25	0.22	0.19	0.22	0.10	0.04
QY_Lss12	0.27	0.22	0.22	0.21	0.15	0.02	0.23	0.21	0.21	0.18	0.12	-0.00	0.23	0.24	0.23	0.20	0.11	0.01	0.24	0.20	0.18	0.19	0.08	0.02
QY_Lss13	0.24	0.21	0.19	0.20	0.13	0.03	0.21	0.18	0.19	0.16	0.09	0.02	0.20	0.21	0.19	0.18	0.12	0.01	0.20	0.18	0.15	0.17	0.06	0.03
QY_Lss14	0.22	0.19	0.18	0.18	0.11	0.01	0.19	0.17	0.17	0.15	0.10	0.02	0.20	0.20	0.18	0.16	0.11	0.03	0.19	0.17	0.15	0.17	0.06	0.04
QY_Lss15	0.20	0.16	0.15	0.16	0.10	0.01	0.17	0.15	0.15	0.12	0.05	0.02	0.15	0.16	0.15	0.13	0.08	-0.00	0.16	0.13	0.13	0.13	0.03	0.00
NPQ_Lss1	0.02	0.03	0.04	0.05	0.09	0.12	0.02	0.03	0.04	0.05	0.08	0.03	0.03	0.04	0.05	0.06	0.09	0.03	0.02	0.02	0.02	0.04	0.11	-0.01
NPQ_Lss2	0.07	0.09	0.09	0.13	0.30	0.26	0.07	0.08	0.10	0.15	0.34	0.07	0.08	0.09	0.11	0.15	0.32	0.07	0.06	0.07	0.06	0.12	0.36	0.01
NPQ_Lss3	0.10	0.12	0.13	0.18	0.52	0.34	0.09	0.14	0.17	0.26	0.71	0.07	0.12	0.13	0.14	0.21	0.58	0.08	0.09	0.12	0.13	0.19	0.62	0.03
NPQ_Lss4	0.13	0.16	0.23	0.28	0.75	0.36	0.17	0.27	0.32	0.45	1.06	0.08	0.20	0.20	0.22	0.30	0.84	0.08	0.16	0.23	0.23	0.29	0.84	0.05
NPQ_Lss5	0.21	0.30	0.38	0.46	1.01	0.36	0.30	0.45	0.55	0.70	1.34	0.11	0.35	0.33	0.34	0.46	1.08	0.13	0.27	0.38	0.38	0.44	1.05	0.13
NPQ_Lss6	0.30	0.44	0.54	0.63	1.19	0.34	0.44	0.63	0.74	0.89	1.51	0.12	0.49	0.46	0.48	0.61	1.27	0.15	0.38	0.48	0.50	0.60	1.18	0.14
NPQ_Lss7	0.42	0.66	0.72	0.85	1.39	0.35	0.62	0.84	0.95	1.10	1.64	0.16	0.65	0.61	0.64	0.79	1.42	0.20	0.51	0.61	0.66	0.79	1.28	0.22
NPQ_Lss8	0.56	0.88	0.93	1.09	1.57	0.37	0.81	1.04	1.17	1.29	1.78	0.22	0.81	0.76	0.82	1.01	1.55	0.26	0.64	0.77	0.81	0.99	1.37	0.28
NPQ_Lss9	0.74	1.14	1.15	1.33	1.72	0.39	1.00	1.24	1.41	1.48	1.87	0.28	0.96	0.96	1.03	1.26	1.70	0.34	0.76	0.93	0.99	1.21	1.46	0.39
NPQ_Lss10	0.93	1.32	1.35	1.50	1.80	0.41	1.21	1.39	1.58	1.62	1.90	0.34	1.11	1.11	1.20	1.44	1.76	0.40	0.86	1.04	1.13	1.38	1.50	0.42
NPQ_Lss11	1.10	1.48	1.53	1.66	1.90	0.43	1.39	1.55	1.75	1.76	1.96	0.41	1.28	1.30	1.39	1.64	1.78	0.48	1.00	1.19	1.31	1.57	1.49	0.51
NPQ_Lss12	1.30	1.68	1.69	1.80	1.96	0.48	1.56	1.71	1.91	1.86	2.00	0.51	1.37	1.48	1.56	1.80	1.91	0.57	1.12	1.32	1.42	1.70	1.50	0.59
NPQ_Lss13	1.47	1.80	1.83	1.91	2.02	0.52	1.68	1.85	2.02	1.97	2.06	0.58	1.53	1.67	1.75	1.94	1.91	0.66	1.25	1.44	1.59	1.81	1.50	0.66
NPQ_Lss14	1.64	1.94	1.94	2.02	2.07	0.59	1.85	1.95	2.13	2.05	1.96	0.67	1.64	1.82	1.89	2.05	1.97	0.73	1.36	1.55	1.66	1.91	1.48	0.73
NPQ_Lss15	1.81	2.05	2.08	2.12	2.11	0.66	1.97	2.08	2.25	2.15	1.78	0.76	1.85	2.02	2.03	2.18	2.01	0.88	1.50	1.71	1.80	2.04	1.48	0.86
qN_Lss1	0.03	0.04	0.05	0.07	0.13	0.17	0.04	0.04	0.06	0.08	0.11	0.05	0.05	0.05	0.06	0.09	0.13	0.05	0.02	0.03	0.03	0.06	0.16	-0.02
qN_Lss2	0.10	0.11	0.12	0.16	0.33	0.32	0.09	0.10	0.13	0.19	0.36	0.10	0.10	0.12	0.14	0.19	0.36	0.11	0.08	0.09	0.08	0.16	0.39	0.01
qN_Lss3	0.13	0.15	0.16	0.22	0.48	0.38	0.12	0.17	0.21	0.30	0.57	0.10	0.15	0.17	0.17	0.25	0.52	0.12	0.12	0.15	0.16	0.23	0.55	0.04
qN_Lss4	0.17	0.19	0.26	0.31	0.59	0.40	0.21	0.29	0.34	0.44	0.68	0.11	0.23	0.24	0.25	0.33	0.63	0.13	0.20	0.26	0.27	0.32	0.63	0.07
qN_Lss5	0.24	0.31	0.38	0.43	0.67	0.40	0.32	0.43	0.48	0.56	0.74	0.15	0.36	0.35	0.35	0.44	0.70	0.18	0.30	0.38	0.38	0.43	0.70	0.19
qN_Lss6	0.32	0.41	0.47	0.52	0.72	0.38	0.42	0.52	0.57	0.63	0.77	0.16	0.45	0.43	0.45	0.53	0.74	0.21	0.38	0.44	0.46	0.52	0.73	0.20
qN_Lss7	0.41	0.53	0.55	0.61	0.76	0.39	0.51	0.60	0.64	0.69	0.79	0.21	0.53	0.51	0.53	0.60	0.77	0.26	0.46	0.51	0.53	0.60	0.75	0.29
qN_Lss8	0.48	0.61	0.63	0.68	0.78	0.40	0.60	0.67	0.70	0.73	0.81	0.27	0.59	0.58	0.60	0.67	0.79	0.32	0.52	0.58	0.60	0.66	0.76	0.35
qN_Lss9	0.56	0.68	0.69	0.73	0.80	0.42	0.66	0.71	0.74	0.76	0.82	0.33	0.64	0.64	0.67	0.73	0.81	0.39	0.57	0.63	0.65	0.71	0.78	0.43
qN_Lss10	0.63	0.72	0.73	0.76	0.81	0.43	0.71	0.74	0.77	0.79	0.82	0.38	0.68	0.69	0.71	0.76	0.82	0.43	0.61	0.67	0.69	0.75	0.79	0.46
qN_Lss11	0.68	0.75	0.76	0.79	0.82	0.45	0.74	0.77	0.79	0.80	0.83	0.44	0.72	0.73	0.74	0.79	0.82	0.48	0.65	0.70	0.73	0.78	0.78	0.51
qN_Lss12	0.72	0.78	0.78	0.80	0.83	0.48	0.77	0.79	0.81	0.82	0.83	0.50	0.74	0.76	0.77	0.81	0.83	0.53	0.68	0.73	0.75	0.80	0.79	0.55
qN_Lss13	0.75	0.80	0.80	0.82	0.84	0.50	0.79	0.81	0.83	0.83	0.84	0.53	0.76	0.79	0.80	0.83	0.83	0.58	0.71	0.75	0.77	0.81	0.79	0.59
qN_Lss14	0.78	0.81	0.82	0.83	0.84	0.54	0.81	0.82	0.84	0.84	0.83	0.58	0.78	0.81	0.82	0.84	0.84	0.60	0.73	0.77	0.79	0.82	0.78	0.62
qN_Lss15	0.80	0.82	0.83	0.84	0.84	0.57	0.82	0.83	0.85	0.84	0.81	0.61	0.81	0.83	0.83	0.85	0.84	0.66	0.76	0.79	0.80	0.83	0.78	0.67
qP_Lss1	0.94	0.93	0.93	0.93	0.90	0.77	0.93	0.93	0.93	0.93	0.90	0.81	0.93	0.94	0.93	0.93	0.89	0.73	0.94	0.93	0.92	0.92	0.85	0.66
qP_Lss2	0.90	0.89	0.88	0.88	0.81	0.48	0.88	0.88	0.89	0.87	0.80	0.39	0.88	0.89	0.88	0.88	0.77	0.38	0.88	0.85	0.84	0.85	0.70	0.30
qP_Lss3	0.85	0.84	0.82	0.84	0.73	0.35	0.82	0.82	0.83	0.81	0.71	0.25	0.81	0.83	0.83	0.84	0.68	0.22	0.81	0.76	0.75	0.79	0.61	0.19
qP_Lss4	0.80	0.80	0.77	0.80	0.68	0.25	0.77	0.76	0.79	0.76	0.63	0.17	0.74	0.78	0.78	0.80	0.60	0.15	0.74	0.69	0.68	0.75	0.53	0.16
qP_Lss5	0.75	0.73	0.73	0.75	0.60	0.18	0.72	0.72	0.74	0.70	0.54	0.10	0.68	0.74	0.74	0.76	0.55	0.06	0.68	0.63	0.62	0.71	0.45	0.04
qP_Lss6	0.72	0.71	0.69	0.72	0.57	0.15	0.70	0.68	0.72	0.66	0.48	0.09	0.65	0.71	0.71	0.73	0.49	0.05	0.65	0.60	0.58	0.68	0.41	0.09
qP_Lss7	0.69	0.67	0.66	0.68	0.52	0.10	0.66	0.64	0.69	0.62	0.46	0.07	0.62	0.68	0.69	0.70	0.46	0.05	0.61	0.56	0.53	0.64	0.38	0.08
qP_Lss8	0.66	0.63	0.62	0.64	0.48	0.08	0.62	0.61	0.65	0.59	0.41	0.03	0.58	0.66	0.65	0.66	0.42	0.03	0.57	0.52	0.50	0.62	0.35	0.08
qP_Lss9	0.62	0.58	0.57	0.59	0.42	0.06	0.59	0.56	0.60	0.53	0.38	0.03	0.54	0.60	0.60	0.60	0.36	0.02	0.54	0.47	0.46	0.57	0.28	0.02
qP_Lss10	0.58	0.54	0.54	0.57	0.42	0.05	0.55	0.54	0.55	0.49	0.37	0.05	0.51	0.58	0.58	0.58	0.36	0.04	0.54	0.46	0.43	0.54	0.25	0.10
qP_Lss11	0.57	0.53	0.50	0.54	0.42	0.07	0.51	0.50	0.53	0.47	0.33	0.04	0.48	0.55	0.54	0.53	0.38	0.03	0.48	0.43	0.38	0.49	0.25	0.07
qP_Lss12	0.53	0.47	0.47	0.48	0.38	0.04	0.49	0.45	0.49	0.43	0.30	-0.00	0.47	0.50	0.50	0.49	0.29	0.02	0.45	0.40	0.38	0.43	0.20	0.05
qP_Lss13	0.50	0.45	0.42	0.47	0.33	0.05	0.46	0.41	0.44	0.38	0.22	0.03	0.43	0.46	0.43	0.44	0.30	0.01	0.41	0.38	0.32	0.41	0.15	0.06
qP_Lss14	0.46	0.41	0.41	0.42	0.28	0.03	0.43	0.39	0.41	0.36	0.24	0.04	0.42	0.45	0.42	0.41	0.28	0.05	0.39	0.35	0.33	0.40	0.15	0.08
qP_Lss15	0.43	0.36	0.36	0.38	0.25	0.03	0.40	0.35	0.37	0.31	0.13	0.05	0.35	0.37	0.37	0.35	0.22	-0.01	0.34	0.30	0.29	0.33	0.07	0.01
qL_Lss1	1.07	1.08	1.08	1.07	1.06	1.03	1.07	1.07	1.07	1.06	1.07	1.05	1.07	1.06	1.06	1.05	1.05	1.03	1.07	1.07	1.08	1.07	1.05	0.98
qL_Lss2	1.10	1.10	1.11	1.08	1.04	0.81	1.10	1.10	1.09	1.07	1.04	0.76	1.10	1.09	1.09	1.06	1.01	0.72	1.10	1.12	1.12	1.08	0.97	0.60
qL_Lss3	1.12	1.13	1.12	1.09	0.98	0.63	1.12	1.11	1.10	1.06	0.96	0.54	1.12	1.10	1.10	1.06	0.93	0.48	1.13	1.13	1.12	1.08	0.86	0.40
qL_Lss4	1.13	1.13	1.10	1.08	0.92	0.47	1.11	1.08	1.07	1.02	0.86	0.38	1.10	1.09	1.09	1.05	0.84	0.33	1.12	1.08	1.07	1.05	0.77	0.34
qL_Lss5	1.11	1.10	1.06	1.03	0.83	0.35	1.07	1.03	1.02	0.95	0.75	0.24	1.05	1.06	1.05	1.01	0.76	0.13	1.07	1.01	1.00	1.00	0.66	0.09
qL_Lss6	1.08	1.05	1.01	0.99	0.79	0.30	1.03	0.98	0.98	0.90	0.69	0.21	1.00	1.02	1.01	0.97	0.69	0.11	1.03	0.96	0.94	0.96	0.60	0.19
qL_Lss7	1.04	0.99	0.97	0.94	0.72	0.22	0.97	0.92	0.94	0.85	0.65	0.16	0.95	0.98	0.97	0.93	0.64	0.11	0.97	0.91	0.87	0.90	0.56	0.16
qL_Lss8	1.00	0.93	0.90	0.88	0.67	0.16	0.91	0.87	0.89	0.81	0.59	0.07	0.88	0.94	0.92	0.88	0.59	0.08	0.91	0.84	0.80	0.87	0.52	0.15
qL_Lss9	0.94	0.85	0.83	0.82	0.60	0.12	0.86	0.81	0.82	0.74	0.54	0.07	0.83	0.87	0.86	0.81	0.52	0.05	0.86	0.76	0.73	0.79	0.42	0.04
qL_Lss10	0.87	0.80	0.78	0.79	0.59	0.10	0.80	0.77	0.77	0.69	0.53	0.11	0.77	0.83	0.82	0.78	0.51	0.07	0.84	0.73	0.69	0.76	0.39	0.18
qL_Lss11	0.84	0.77	0.73	0.74	0.58	0.15	0.75	0.72	0.74	0.66	0.48	0.09	0.73	0.78	0.77	0.72	0.53	0.06	0.76	0.69	0.60	0.69	0.38	0.14
qL_Lss12	0.78	0.70	0.69	0.67	0.54	0.08	0.71	0.66	0.68	0.61	0.44	-0.01	0.71	0.72	0.72	0.67	0.41	0.04	0.72	0.63	0.59	0.62	0.30	0.10
qL_Lss13	0.74	0.67	0.62	0.66	0.47	0.10	0.67	0.60	0.63	0.55	0.34	0.07	0.65	0.66	0.62	0.61	0.43	0.03	0.65	0.59	0.50	0.58	0.24	0.11
qL_Lss14	0.68	0.61	0.60	0.60	0.41	0.06	0.62	0.57	0.59	0.52	0.36	0.08	0.63	0.64	0.60	0.57	0.40	0.10	0.62	0.56	0.51	0.57	0.24	0.14
qL_Lss15	0.63	0.55	0.53	0.55	0.37	0.06	0.59	0.52	0.53	0.45	0.21	0.09	0.53	0.54	0.53	0.49	0.33	-0.01	0.54	0.47	0.45	0.48	0.11	0.02
PAR1	59.15	59.15	59.15	59.15	59.15	59.15	59.15	59.15	59.15	59.15	59.15	59.15	59.15	59.15	59.15	59.15	59.15	59.15	59.15	59.15	59.15	59.15	59.15	59.15
PAR2	179.76	179.76	179.76	179.76	179.76	179.76	179.76	179.76	179.76	179.76	179.76	179.76	179.76	179.76	179.76	179.76	179.76	179.76	179.76	179.76	179.76	179.76	179.76	179.76
PAR3	300.37	300.37	300.37	300.37	300.37	300.37	300.37	300.37	300.37	300.37	300.37	300.37	300.37	300.37	300.37	300.37	300.37	300.37	300.37	300.37	300.37	300.37	300.37	300.37
PAR4	420.98	420.98	420.98	420.98	420.98	420.98	420.98	420.98	420.98	420.98	420.98	420.98	420.98	420.98	420.98	420.98	420.98	420.98	420.98	420.98	420.98	420.98	420.98	420.98
PAR5	541.59	541.59	541.59	541.59	541.59	541.59	541.59	541.59	541.59	541.59	541.59	541.59	541.59	541.59	541.59	541.59	541.59	541.59	541.59	541.59	541.59	541.59	541.59	541.59
PAR6	662.20	662.20	662.20	662.20	662.20	662.20	662.20	662.20	662.20	662.20	662.20	662.20	662.20	662.20	662.20	662.20	662.20	662.20	662.20	662.20	662.20	662.20	662.20	662.20
PAR7	782.81	782.81	782.81	782.81	782.81	782.81	782.81	782.81	782.81	782.81	782.81	782.81	782.81	782.81	782.81	782.81	782.81	782.81	782.81	782.81	782.81	782.81	782.81	782.81
PAR8	903.42	903.42	903.42	903.42	903.42	903.42	903.42	903.42	903.42	903.42	903.42	903.42	903.42	903.42	903.42	903.42	903.42	903.42	903.42	903.42	903.42	903.42	903.42	903.42
PAR9	1024.03	1024.03	1024.03	1024.03	1024.03	1024.03	1024.03	1024.03	1024.03	1024.03	1024.03	1024.03	1024.03	1024.03	1024.03	1024.03	1024.03	1024.03	1024.03	1024.03	1024.03	1024.03	1024.03	1024.03
PAR10	1144.64	1144.64	1144.64	1144.64	1144.64	1144.64	1144.64	1144.64	1144.64	1144.64	1144.64	1144.64	1144.64	1144.64	1144.64	1144.64	1144.64	1144.64	1144.64	1144.64	1144.64	1144.64	1144.64	1144.64
PAR11	1265.25	1265.25	1265.25	1265.25	1265.25	1265.25	1265.25	1265.25	1265.25	1265.25	1265.25	1265.25	1265.25	1265.25	1265.25	1265.25	1265.25	1265.25	1265.25	1265.25	1265.25	1265.25	1265.25	1265.25
PAR12	1385.86	1385.86	1385.86	1385.86	1385.86	1385.86	1385.86	1385.86	1385.86	1385.86	1385.86	1385.86	1385.86	1385.86	1385.86	1385.86	1385.86	1385.86	1385.86	1385.86	1385.86	1385.86	1385.86	1385.86
PAR13	1506.47	1506.47	1506.47	1506.47	1506.47	1506.47	1506.47	1506.47	1506.47	1506.47	1506.47	1506.47	1506.47	1506.47	1506.47	1506.47	1506.47	1506.47	1506.47	1506.47	1506.47	1506.47	1506.47	1506.47
PAR14	1627.08	1627.08	1627.08	1627.08	1627.08	1627.08	1627.08	1627.08	1627.08	1627.08	1627.08	1627.08	1627.08	1627.08	1627.08	1627.08	1627.08	1627.08	1627.08	1627.08	1627.08	1627.08	1627.08	1627.08
PAR15	1747.69	1747.69	1747.69	1747.69	1747.69	1747.69	1747.69	1747.69	1747.69	1747.69	1747.69	1747.69	1747.69	1747.69	1747.69	1747.69	1747.69	1747.69	1747.69	1747.69	1747.69	1747.69	1747.69	1747.69
ETR1	15.3949	15.4443	15.2099	14.8560	13.6568	10.7754	15.1572	15.1456	15.0962	14.4885	13.9594	11.6748	15.1667	15.0416	14.8921	14.3226	13.1471	10.4076	15.3679	15.1774	14.9569	14.4082	12.1938	9.1730
ETR2	44.1782	44.2137	43.0625	42.0785	34.9006	19.5687	43.0997	42.9612	42.9374	39.9406	34.5394	17.0341	42.8178	42.6077	41.8739	40.0333	32.1564	16.0621	43.3261	41.4243	40.7479	39.3957	28.1249	12.6686
ETR3	68.9686	69.1160	66.3394	65.6275	49.5273	23.3976	66.5888	65.0281	65.6056	60.2800	46.5387	18.4153	64.8520	65.6349	65.5276	62.5495	43.4832	15.9391	65.3869	61.3587	59.5703	60.3766	37.5865	13.0556
ETR4	90.8126	90.5012	84.7285	85.6333	60.4912	22.5230	84.9022	82.1965	83.8784	74.7622	52.7178	17.2102	81.6767	85.1829	84.4109	81.5788	50.3724	14.5418	82.5408	75.2552	73.8207	78.0163	43.3632	15.4685
ETR5	106.9900	103.2847	99.1370	97.5811	64.1954	20.7541	99.0396	94.1985	95.4860	82.9854	53.9965	13.1371	92.7722	100.0004	99.7891	95.0904	55.1075	7.1166	95.1221	84.8251	83.0224	90.7067	44.7334	4.9727
ETR6	122.4095	117.4925	110.3742	110.3914	71.6246	21.6017	112.8280	104.5441	107.2063	90.9607	57.2890	13.8718	104.4707	112.8525	111.3052	106.5505	57.8392	7.3914	107.3676	95.2767	91.4709	101.0153	47.9716	12.7238
ETR7	134.6252	123.7024	119.3130	116.6533	73.2410	17.8402	119.9950	110.7272	115.3327	96.4345	62.3470	12.8978	113.0952	122.6409	122.4216	115.4500	61.1299	8.3484	114.7651	103.2665	95.6828	107.2122	51.8105	13.0122
ETR8	143.1053	127.2291	122.4814	119.1461	75.4502	15.2595	124.7576	114.5142	119.9381	101.7335	63.1462	6.6833	115.9571	132.1118	127.8199	119.2118	62.8137	6.9615	120.3257	105.8925	99.0108	114.2502	53.8782	14.5005
ETR9	146.5067	125.2841	120.6899	117.9946	72.9017	12.7879	126.8953	114.6202	118.2477	99.2677	63.9247	6.9619	118.8087	130.9990	127.7104	115.0241	59.4219	4.6728	125.0491	104.0205	98.7058	111.7789	47.6439	3.7941
ETR10	145.2646	125.7552	122.1503	122.4241	78.7649	11.5578	127.0685	119.1559	118.3526	99.4014	69.8630	12.3414	119.8894	135.6971	131.0361	118.5464	65.5211	8.5864	135.1425	109.7144	101.1097	114.6717	47.6315	21.8720
ETR11	151.7322	130.8706	120.8163	123.6671	85.3452	19.3844	125.4140	117.2646	121.7432	102.5223	68.3406	11.7466	122.0597	135.5355	130.0001	115.3710	75.3960	7.9891	128.5188	111.2104	93.7157	110.8474	52.2912	17.7499
ETR12	148.3907	124.0739	121.2352	116.7618	84.3483	11.6987	126.7071	113.9265	118.2194	100.2411	67.1779	-0.8932	126.7031	131.1025	127.9983	113.3967	60.6448	5.3829	130.6767	108.8508	100.2228	103.5907	44.3450	13.8391
ETR13	146.7417	126.5545	114.8401	121.6266	77.3879	15.7827	127.0372	108.3751	114.5690	94.6289	53.0506	10.0195	121.7336	124.9316	114.5760	107.2719	69.9350	4.3478	122.6392	109.1591	88.5128	103.4173	37.8460	16.5298
ETR14	140.6733	120.9759	117.1212	115.0066	72.0281	9.7043	122.4556	108.6915	112.4679	95.8760	62.5093	12.4632	127.5360	128.3738	117.2915	106.6094	68.8867	16.4506	125.4538	107.9677	96.9669	107.4650	39.8967	23.9263
ETR15	136.5073	112.1031	107.9271	110.8360	67.0279	10.0300	121.3693	103.0855	105.4328	85.4520	37.3701	15.3402	107.4218	110.1071	107.4551	93.8079	58.8204	-2.0340	111.7585	93.7970	88.7993	92.3380	19.7518	2.7480
