FluorCam7 Numeric Avg Export File
-----------------------------------
	Area 1	Area 2	Area 3	Area 4	Area 5	Area 6	Area 7	Area 8	Area 9	Area 10	Area 11	Area 12	Area 13	Area 14	Area 15	Area 16	Area 17	Area 18	Area 19	Area 20	Area 21	Area 22	Area 23	Area 24
Size [pixels]	1875	1590	2680	2563	3365	2456	2784	2291	3872	3486	3677	1851	1742	1544	2284	2514	1587	658	1473	1617	1430	3091	3080	2471
Fo	2281.49	2189.27	2713.70	2625.12	3180.53	2692.60	2719.82	2705.08	3553.21	2474.92	3244.68	2280.07	1765.90	2080.67	2155.41	2596.51	2347.53	1581.05	1329.33	1575.16	1546.18	2192.36	2194.18	1986.38
Fm	7711.85	7143.66	8094.42	7915.97	8715.25	7559.89	8464.96	8653.11	10368.27	6952.44	8532.49	6212.38	5482.35	6780.38	6943.40	7749.74	6874.04	4756.07	4687.83	5190.51	5171.60	6775.26	6715.30	5746.39
Fv	5430.37	4954.38	5380.72	5290.85	5534.73	4867.29	5745.14	5948.03	6815.06	4477.53	5287.81	3932.31	3716.45	4699.71	4787.98	5153.23	4526.52	3175.02	3358.50	3615.35	3625.41	4582.90	4521.12	3760.01
Fm_Lss1	8444.88	6809.05	7902.68	7412.14	8518.55	7335.13	8149.90	8366.64	10051.92	6716.00	8149.89	5560.02	5412.09	6542.10	6704.56	7564.82	6286.33	4081.37	4601.63	5046.56	4894.31	6700.77	6370.97	5354.18
Fm_Lss2	8179.60	6680.64	7585.04	6889.75	8013.28	6741.31	8003.38	8383.51	9761.50	6140.02	7937.32	4789.35	5151.98	6263.02	6395.47	7021.95	5850.99	3655.80	4445.74	4941.91	4659.24	6473.09	5680.63	4928.03
Fm_Lss3	7703.48	6272.39	7136.52	6346.66	7377.04	6240.96	7502.93	7878.20	9201.75	5689.93	7386.11	4088.09	4963.40	5688.33	5850.72	6607.76	5098.17	2969.69	4194.66	4553.75	4338.71	6064.90	5205.44	4478.81
Fm_Lss4	7549.83	5820.72	6911.67	5867.03	6817.60	5798.97	7245.66	7647.63	8831.92	5241.01	6957.20	3687.61	4800.94	5558.66	5586.55	6376.02	4608.76	2510.40	4068.70	4310.35	4141.19	5734.52	4786.24	4080.43
Fm_Lss5	7813.84	6209.56	7033.02	6348.17	6647.38	5747.37	7701.44	8320.78	9117.53	5201.25	6895.20	3936.97	5124.31	5973.52	6025.26	6476.28	4682.06	2854.45	4291.56	4375.08	4219.39	5509.90	4796.81	4242.58
Fm_Lss6	7364.52	5897.89	6750.94	6287.17	6185.24	5212.96	7652.29	8500.99	8916.90	4923.15	6542.86	3754.53	5054.56	5721.97	5909.32	6177.09	4318.86	2788.47	4214.32	4187.85	4160.98	5220.57	4508.09	4189.58
Fm_Lss7	6139.85	4718.90	6000.48	5265.51	5301.09	4398.02	6786.48	7505.19	7881.01	4477.44	5841.24	3233.76	4447.94	4756.06	4830.83	5305.19	3515.91	2195.27	3679.75	3567.37	3406.35	4657.19	4050.11	3710.00
Fm_Lss8	5440.02	4232.10	5521.89	4917.08	4848.87	3904.85	6383.86	7086.19	7268.71	4146.68	5421.82	3026.73	4047.62	4296.28	4352.56	4760.49	3221.83	2066.63	3477.97	3230.40	3150.05	4293.88	3699.43	3567.19
Fm_Lss9	4996.30	3905.85	5107.94	4695.71	4471.47	3558.82	6071.94	7013.77	6822.99	3912.08	5174.13	3023.44	3656.10	3915.03	4025.75	4366.12	3006.19	2065.73	3218.47	2979.21	2941.03	3945.07	3515.62	3579.60
Fm_Lss10	5209.11	3661.25	4675.56	4340.58	4182.64	3344.95	5850.55	6772.58	6419.08	3704.42	4944.37	3033.32	3506.45	3556.39	3740.78	4026.78	2917.32	2074.93	2976.76	2783.96	2743.77	3721.84	3311.30	3550.74
Fm_Lss11	4463.00	3150.98	4234.59	3682.91	3767.51	2961.26	5210.79	6050.89	5696.73	3371.44	4526.99	2721.66	3108.85	3078.90	3225.42	3590.60	2615.18	1914.59	2636.24	2468.56	2413.78	3334.34	3041.05	3283.23
Fm_Lss12	4304.48	3173.82	3998.19	3769.12	3722.07	2950.15	5206.53	5998.48	5588.50	3231.03	4548.21	2956.75	2904.65	3033.30	3222.47	3471.90	2696.55	1996.45	2464.64	2407.05	2315.03	3177.47	2986.10	3380.60
Fm_Lss13	3726.23	2694.27	3495.66	3121.91	3311.12	2640.41	4541.77	5152.58	4981.54	2888.78	4159.11	2552.06	2493.67	2596.34	2760.27	3010.14	2317.39	1681.37	2167.41	2100.11	2048.21	2849.50	2709.63	3095.53
Fm_Lss14	3669.64	2814.19	3380.01	3238.19	3338.38	2717.10	4565.62	5273.59	4941.13	2861.90	4203.01	2908.60	2464.50	2644.93	2816.44	3033.16	2461.70	1906.98	2140.73	2040.81	2080.94	2747.67	2743.33	3274.15
Fm_Lss15	2877.08	2080.06	2823.55	2462.93	2886.40	2236.17	3582.33	3944.33	4184.58	2396.89	3695.63	2129.54	1987.26	2068.73	2201.78	2503.25	1979.04	1292.97	1752.00	1732.82	1577.08	2508.04	2330.57	2667.52
Ft_Lss1	2668.40	2236.21	2939.36	2692.54	3577.37	2968.27	2921.62	2960.80	4066.69	2917.02	4197.50	2438.99	1889.26	2222.02	2270.22	2904.15	2511.31	1482.01	1446.06	1699.88	1638.19	2571.79	2753.96	2675.53
Ft_Lss2	3588.73	3031.04	3595.60	3642.55	4402.50	3763.37	3983.99	4367.88	5143.04	3537.44	5532.45	3581.54	2473.49	2981.96	3188.07	3745.66	3363.01	2565.00	1874.97	2220.62	2192.53	3123.21	3335.90	3701.26
Ft_Lss3	3735.59	3002.22	3608.77	3485.22	4335.09	3718.46	4203.59	4709.98	5310.45	3463.21	5619.03	3281.09	2495.33	2894.87	3144.69	3717.20	3189.27	2168.66	1915.83	2251.56	2153.73	3199.12	3267.95	3591.57
Ft_Lss4	4068.20	3160.56	3720.55	3487.68	4334.79	3694.11	4581.25	5159.60	5527.97	3369.02	5569.19	3150.37	2646.03	2989.99	3202.23	3743.16	3095.41	2052.42	2113.18	2332.89	2200.49	3231.00	3218.71	3544.64
Ft_Lss5	4103.60	3108.78	3683.60	3375.84	4108.69	3473.11	4688.04	5269.13	5558.93	3225.85	5347.82	2923.07	2605.46	2977.78	3065.28	3587.92	2851.72	1844.09	2167.30	2330.41	2170.65	3092.71	3028.90	3358.69
Ft_Lss6	4006.27	3015.50	3605.91	3227.91	3891.80	3245.00	4716.38	5413.99	5547.35	3100.91	5090.75	2753.99	2618.38	2954.80	3021.65	3459.45	2697.78	1732.83	2226.25	2272.22	2143.69	3011.37	2911.09	3264.76
Ft_Lss7	3945.81	2918.07	3525.90	3191.67	3719.09	3085.20	4837.21	5539.54	5539.14	3024.92	4902.00	2741.74	2572.13	2874.36	2954.23	3322.93	2567.17	1656.56	2251.49	2259.89	2152.10	2908.31	2800.61	3224.74
Ft_Lss8	4059.13	3014.34	3558.17	3418.46	3668.70	3045.58	5067.25	5985.84	5555.73	3063.56	4875.04	2950.69	2699.58	2939.62	3082.88	3353.29	2582.12	1908.52	2295.88	2315.35	2225.02	2858.55	2849.17	3416.51
Ft_Lss9	3592.06	2668.95	3342.04	3082.49	3368.88	2736.01	4749.85	5546.35	5190.04	2816.39	4519.89	2676.86	2478.13	2615.45	2714.18	3052.34	2353.20	1674.58	2170.32	2084.70	1970.64	2672.45	2657.50	3179.32
Ft_Lss10	3747.26	2481.69	3167.03	2914.55	3222.44	2590.28	4615.12	5412.79	4960.65	2717.57	4345.43	2636.64	2336.69	2511.82	2585.35	2862.89	2281.37	1730.57	2056.56	2009.29	1890.82	2571.83	2580.91	3173.93
Ft_Lss11	3400.50	2361.40	2961.11	2697.25	3051.58	2418.11	4291.45	5013.83	4656.92	2529.41	4113.54	2471.41	2149.02	2249.58	2394.01	2661.97	2164.28	1562.38	1942.82	1841.27	1751.85	2426.11	2445.40	3036.94
Ft_Lss12	3393.24	2407.83	2936.28	2761.58	3030.66	2481.30	4337.02	5234.67	4623.64	2502.28	4117.77	2689.41	2141.39	2303.35	2433.01	2662.68	2220.41	1756.75	1909.06	1824.28	1791.09	2357.78	2472.30	3189.89
Ft_Lss13	3342.11	2491.98	2875.23	2826.61	3028.03	2469.48	4335.37	5158.02	4562.95	2482.15	4123.47	2840.48	2079.99	2314.98	2462.69	2639.39	2272.98	1934.14	1856.20	1861.57	1837.89	2323.20	2496.89	3284.64
Ft_Lss14	3013.52	2208.13	2613.35	2468.06	2805.11	2332.51	3892.29	4539.86	4215.52	2345.96	3837.51	2549.91	1874.23	2099.44	2197.99	2449.27	2096.51	1669.50	1709.37	1633.24	1618.48	2184.86	2331.92	3001.13
Ft_Lss15	3127.83	2452.77	2665.50	2723.33	2943.53	2448.07	4085.20	4810.45	4301.45	2322.25	3950.32	2958.07	1921.48	2240.74	2390.85	2546.82	2293.18	2153.76	1750.85	1766.79	1796.05	2183.85	2404.01	3402.20
Fo_Lss1	2341.62	2156.79	2691.80	2567.25	3153.95	2663.54	2686.45	2676.43	3515.30	2444.28	3187.77	2185.93	1758.55	2057.67	2131.84	2575.42	2274.90	1498.69	1322.30	1561.64	1520.43	2184.50	2156.10	1937.33
Fo_Lss2	2320.75	2143.74	2653.95	2501.55	3082.00	2580.98	2670.34	2678.16	3479.10	2363.59	3154.72	2055.87	1730.16	2029.23	2099.58	2509.37	2215.25	1437.25	1309.11	1551.48	1496.97	2159.73	2070.93	1878.55
Fo_Lss3	2280.75	2099.88	2596.84	2426.17	2983.05	2504.12	2612.20	2624.38	3405.27	2293.74	3063.85	1914.87	1708.37	1964.91	2037.30	2454.39	2097.96	1317.58	1286.44	1511.04	1462.26	2112.30	2004.23	1809.37
Fo_Lss4	2267.09	2046.71	2566.46	2352.65	2887.24	2429.81	2580.30	2598.29	3353.31	2217.18	2987.45	1822.18	1688.70	1949.20	2004.30	2421.70	2010.12	1218.65	1274.34	1483.25	1439.12	2070.75	1938.85	1740.71
Fo_Lss5	2290.33	2092.79	2583.01	2426.40	2856.27	2420.70	2635.86	2671.72	3393.67	2210.04	2975.96	1881.05	1727.03	1997.86	2058.06	2436.02	2023.94	1294.39	1295.41	1490.84	1448.45	2040.71	1940.58	1769.57
Fo_Lss6	2250.09	2056.17	2543.97	2417.43	2767.42	2320.51	2630.07	2690.03	3365.48	2158.24	2908.36	1838.37	1719.04	1968.91	2044.36	2392.43	1952.94	1280.65	1288.28	1468.47	1441.51	1999.66	1891.57	1760.28
Fo_Lss7	2120.84	1891.42	2429.47	2249.60	2575.25	2143.69	2519.59	2581.64	3206.41	2067.99	2760.95	1704.01	1642.84	1840.30	1897.79	2249.26	1770.14	1139.26	1233.50	1384.05	1338.76	1911.11	1805.89	1669.60
Fo_Lss8	2030.61	1808.07	2347.11	2183.50	2463.63	2019.38	2461.95	2530.18	3100.17	1994.51	2663.56	1644.73	1584.94	1767.13	1819.25	2145.20	1692.37	1103.61	1209.97	1330.22	1297.28	1846.98	1732.65	1640.05
Fo_Lss9	1965.45	1745.77	2268.95	2138.72	2362.32	1922.70	2414.12	2520.88	3016.13	1938.59	2602.35	1643.75	1521.16	1699.07	1759.55	2061.29	1630.92	1103.36	1176.96	1285.58	1260.39	1779.31	1691.24	1642.67
Fo_Lss10	1997.56	1695.15	2179.42	2061.89	2279.17	1858.50	2378.34	2489.02	2934.50	1886.20	2542.92	1646.67	1494.62	1627.83	1702.85	1982.42	1604.40	1105.98	1143.02	1247.82	1222.71	1732.45	1642.48	1636.56
Fo_Lss11	1877.21	1576.92	2078.53	1900.66	2150.08	1733.69	2265.28	2384.50	2773.72	1795.88	2427.80	1550.30	1417.35	1519.94	1587.39	1870.55	1508.55	1058.72	1089.00	1180.23	1152.50	1643.54	1573.14	1577.33
Fo_Lss12	1848.58	1582.62	2019.91	1923.37	2135.20	1729.88	2264.47	2376.32	2747.81	1755.25	2433.89	1623.84	1373.33	1508.74	1586.68	1837.82	1535.27	1083.28	1058.56	1165.99	1129.50	1604.49	1558.31	1599.46
Fo_Lss13	1733.08	1453.60	1883.14	1739.36	1993.28	1618.54	2128.95	2231.21	2592.50	1649.11	2317.85	1493.75	1274.06	1392.20	1465.83	1699.79	1404.45	983.30	999.68	1088.89	1062.00	1516.36	1479.53	1532.68
Fo_Lss14	1720.74	1487.81	1849.06	1774.87	2003.13	1647.04	2134.17	2253.60	2581.51	1640.32	2331.42	1609.21	1266.40	1406.05	1481.52	1707.11	1456.18	1056.39	993.96	1072.73	1070.73	1487.04	1489.52	1575.23
Fo_Lss15	1523.89	1253.85	1669.11	1513.71	1831.09	1457.08	1891.48	1969.91	2358.71	1476.17	2166.43	1338.33	1127.29	1224.71	1291.82	1525.38	1272.59	836.37	901.13	981.08	919.56	1413.92	1358.85	1419.88
Fv_Lss1	6103.26	4652.25	5210.88	4844.90	5364.60	4671.59	5463.45	5690.21	6536.62	4271.72	4962.12	3374.09	3653.54	4484.43	4572.72	4989.40	4011.43	2582.68	3279.32	3484.92	3373.88	4516.27	4214.86	3416.85
Fv_Lss2	5858.85	4536.90	4931.09	4388.20	4931.28	4160.33	5333.04	5705.36	6282.40	3776.43	4782.60	2733.48	3421.81	4233.79	4295.90	4512.58	3635.74	2218.55	3136.63	3390.44	3162.27	4313.36	3609.70	3049.48
Fv_Lss3	5422.73	4172.50	4539.68	3920.48	4393.99	3736.84	4890.73	5253.82	5796.48	3396.18	4322.27	2173.21	3255.03	3723.42	3813.42	4153.37	3000.21	1652.11	2908.22	3042.71	2876.45	3952.60	3201.21	2669.44
Fv_Lss4	5282.73	3774.01	4345.21	3514.37	3930.35	3369.16	4665.35	5049.34	5478.61	3023.82	3969.75	1865.43	3112.24	3609.45	3582.25	3954.32	2598.64	1291.75	2794.36	2827.11	2702.07	3663.77	2847.39	2339.72
Fv_Lss5	5523.51	4116.77	4450.01	3921.77	3791.11	3326.67	5065.58	5649.06	5723.86	2991.21	3919.25	2055.92	3397.28	3975.66	3967.20	4040.26	2658.13	1560.06	2996.15	2884.24	2770.93	3469.20	2856.22	2473.02
Fv_Lss6	5114.43	3841.71	4206.97	3869.74	3417.82	2892.45	5022.22	5810.96	5551.41	2764.91	3634.50	1916.16	3335.52	3753.06	3864.96	3784.65	2365.92	1507.82	2926.04	2719.38	2719.47	3220.91	2616.52	2429.31
Fv_Lss7	4019.01	2827.47	3571.01	3015.91	2725.85	2254.33	4266.88	4923.55	4674.59	2409.45	3080.30	1529.75	2805.10	2915.76	2933.04	3055.93	1745.77	1056.01	2446.25	2183.32	2067.59	2746.08	2244.22	2040.41
Fv_Lss8	3409.41	2424.04	3174.78	2733.58	2385.25	1885.47	3921.91	4556.01	4168.55	2152.17	2758.26	1382.01	2462.68	2529.15	2533.31	2615.30	1529.46	963.01	2267.99	1900.18	1852.77	2446.90	1966.78	1927.14
Fv_Lss9	3030.85	2160.08	2838.99	2556.99	2109.15	1636.12	3657.82	4492.89	3806.86	1973.49	2571.77	1379.69	2134.95	2215.95	2266.20	2304.83	1375.28	962.37	2041.51	1693.63	1680.64	2165.76	1824.38	1936.94
Fv_Lss10	3211.55	1966.10	2496.13	2278.69	1903.46	1486.45	3472.21	4283.55	3484.57	1818.22	2401.45	1386.65	2011.83	1928.56	2037.93	2044.35	1312.92	968.95	1833.74	1536.14	1521.05	1989.39	1668.81	1914.18
Fv_Lss11	2585.79	1574.07	2156.06	1782.25	1617.43	1227.57	2945.51	3666.39	2923.01	1575.55	2099.19	1171.37	1691.50	1558.97	1638.03	1720.04	1106.63	855.88	1547.23	1288.33	1261.28	1690.80	1467.91	1705.90
Fv_Lss12	2455.91	1591.21	1978.28	1845.76	1586.87	1220.28	2942.06	3622.16	2840.69	1475.78	2114.32	1332.91	1531.32	1524.56	1635.79	1634.08	1161.27	913.17	1406.08	1241.06	1185.53	1572.98	1427.79	1781.14
Fv_Lss13	1993.15	1240.67	1612.52	1382.55	1317.83	1021.87	2412.82	2921.37	2389.05	1239.67	1841.26	1058.31	1219.61	1204.14	1294.45	1310.35	912.95	698.08	1167.73	1011.21	986.21	1333.14	1230.11	1562.85
Fv_Lss14	1948.90	1326.38	1530.95	1463.33	1335.25	1070.06	2431.45	3019.99	2359.62	1221.58	1871.59	1299.39	1198.10	1238.88	1334.92	1326.05	1005.52	850.59	1146.76	968.08	1010.21	1260.64	1253.81	1698.92
Fv_Lss15	1353.19	826.21	1154.44	949.22	1055.32	779.09	1690.84	1974.42	1825.87	920.71	1529.19	791.21	859.98	844.02	909.97	977.88	706.45	456.60	850.87	751.75	657.52	1094.12	971.72	1247.64
Fq_Lss1	5776.48	4572.84	4963.31	4719.61	4941.17	4366.86	5228.29	5405.84	5985.23	3798.98	3952.39	3121.03	3522.83	4320.08	4434.34	4660.67	3775.02	2599.35	3155.57	3346.68	3256.12	4128.98	3617.00	2678.65
Fq_Lss2	4590.86	3649.60	3989.44	3247.20	3610.78	2977.94	4019.39	4015.63	4618.47	2602.57	2404.87	1207.81	2678.49	3281.06	3207.40	3276.28	2487.98	1090.80	2570.77	2721.30	2466.71	3349.89	2344.74	1226.77
Fq_Lss3	3967.89	3270.17	3527.75	2861.44	3041.96	2522.49	3299.34	3168.21	3891.30	2226.71	1767.08	806.99	2468.07	2793.45	2706.03	2890.56	1908.91	801.03	2278.83	2302.18	2184.98	2865.78	1937.50	887.24
Fq_Lss4	3481.62	2660.16	3191.12	2379.35	2482.81	2104.86	2664.40	2488.03	3303.95	1871.99	1388.01	537.24	2154.91	2568.66	2384.31	2632.86	1513.35	457.98	1955.52	1977.47	1940.70	2503.52	1567.53	535.79
Fq_Lss5	3710.24	3100.78	3349.41	2972.33	2538.69	2274.26	3013.40	3051.66	3558.60	1975.40	1547.39	1013.90	2518.85	2995.75	2959.98	2888.36	1830.34	1010.36	2124.26	2044.67	2048.74	2417.19	1767.90	883.89
Fq_Lss6	3358.25	2882.39	3145.03	3059.27	2293.44	1967.96	2935.91	3087.00	3369.55	1822.24	1452.11	1000.54	2436.18	2767.17	2887.67	2717.63	1621.08	1055.63	1988.07	1915.62	2017.29	2209.20	1597.01	924.82
Fq_Lss7	2194.04	1800.83	2474.58	2073.84	1582.01	1312.82	1949.26	1965.65	2341.86	1452.52	939.25	492.01	1875.81	1881.70	1876.60	1982.26	948.73	538.71	1428.27	1307.48	1254.25	1748.88	1249.50	485.27
Fq_Lss8	1380.89	1217.76	1963.72	1498.62	1180.17	859.27	1316.61	1100.35	1712.99	1083.12	546.78	76.04	1348.05	1356.66	1269.68	1407.21	639.72	158.10	1182.09	915.05	925.03	1435.33	850.26	150.68
Fq_Lss9	1404.24	1236.89	1765.90	1613.22	1102.58	822.82	1322.09	1467.43	1632.95	1095.69	654.24	346.58	1177.97	1299.58	1311.57	1313.78	652.99	391.15	1048.14	894.51	970.39	1272.63	858.12	400.28
Fq_Lss10	1461.85	1179.56	1508.53	1426.03	960.20	754.67	1235.43	1359.79	1458.43	986.85	598.94	396.68	1169.76	1044.57	1155.44	1163.89	635.94	344.36	920.21	774.67	852.94	1150.01	730.39	376.81
Fq_Lss11	1062.50	789.58	1273.47	985.66	715.93	543.14	919.34	1037.06	1039.81	842.02	413.45	250.26	959.82	829.32	831.41	928.63	450.90	352.21	693.41	627.29	661.93	908.23	595.65	246.29
Fq_Lss12	911.24	765.99	1061.91	1007.54	691.41	468.85	869.51	763.81	964.86	728.75	430.44	267.35	763.27	729.95	789.46	809.22	476.14	239.70	555.58	582.77	523.94	819.69	513.80	190.71
Fq_Lss13	384.11	202.29	620.43	295.30	283.08	170.92	206.40	-5.45	418.59	406.63	35.64	-288.43	413.68	281.35	297.58	370.75	44.41	-252.77	311.21	238.54	210.32	526.30	212.74	-189.11
Fq_Lss14	656.12	606.06	766.66	770.14	533.27	384.58	673.33	733.73	725.61	515.94	365.50	358.69	590.27	545.49	618.45	583.89	365.19	237.47	431.36	407.57	462.46	562.81	411.41	273.03
Fq_Lss15	-250.74	-372.71	158.05	-260.40	-57.13	-211.90	-502.87	-866.12	-116.86	74.64	-254.69	-828.54	65.79	-172.02	-189.06	-43.57	-314.15	-860.79	1.15	-33.97	-218.97	324.19	-73.44	-734.68
QY_max	0.70	0.69	0.66	0.67	0.64	0.64	0.68	0.69	0.66	0.64	0.62	0.63	0.68	0.69	0.69	0.66	0.66	0.67	0.72	0.70	0.70	0.68	0.67	0.65
Fv/Fm_Lss1	0.72	0.68	0.66	0.65	0.63	0.64	0.67	0.68	0.65	0.64	0.61	0.61	0.68	0.69	0.68	0.66	0.64	0.63	0.71	0.69	0.69	0.67	0.66	0.64
Fv/Fm_Lss2	0.72	0.68	0.65	0.64	0.62	0.62	0.67	0.68	0.64	0.62	0.60	0.57	0.66	0.68	0.67	0.64	0.62	0.61	0.71	0.69	0.68	0.67	0.64	0.62
Fv/Fm_Lss3	0.70	0.67	0.64	0.62	0.60	0.60	0.65	0.67	0.63	0.60	0.59	0.53	0.66	0.65	0.65	0.63	0.59	0.56	0.69	0.67	0.66	0.65	0.61	0.60
Fv/Fm_Lss4	0.70	0.65	0.63	0.60	0.58	0.58	0.64	0.66	0.62	0.58	0.57	0.51	0.65	0.65	0.64	0.62	0.56	0.51	0.69	0.66	0.65	0.64	0.59	0.57
Fv/Fm_Lss5	0.71	0.66	0.63	0.62	0.57	0.58	0.66	0.68	0.63	0.58	0.57	0.52	0.66	0.67	0.66	0.62	0.57	0.55	0.70	0.66	0.66	0.63	0.60	0.58
Fv/Fm_Lss6	0.69	0.65	0.62	0.62	0.55	0.55	0.66	0.68	0.62	0.56	0.56	0.51	0.66	0.66	0.65	0.61	0.55	0.54	0.69	0.65	0.65	0.62	0.58	0.58
Fv/Fm_Lss7	0.65	0.60	0.60	0.57	0.51	0.51	0.63	0.66	0.59	0.54	0.53	0.47	0.63	0.61	0.61	0.58	0.50	0.48	0.66	0.61	0.61	0.59	0.55	0.55
Fv/Fm_Lss8	0.63	0.57	0.57	0.56	0.49	0.48	0.61	0.64	0.57	0.52	0.51	0.46	0.61	0.59	0.58	0.55	0.47	0.47	0.65	0.59	0.59	0.57	0.53	0.54
Fv/Fm_Lss9	0.61	0.55	0.56	0.54	0.47	0.46	0.60	0.64	0.56	0.50	0.50	0.46	0.58	0.57	0.56	0.53	0.46	0.47	0.63	0.57	0.57	0.55	0.52	0.54
Fv/Fm_Lss10	0.62	0.54	0.53	0.52	0.46	0.44	0.59	0.63	0.54	0.49	0.49	0.46	0.57	0.54	0.54	0.51	0.45	0.47	0.62	0.55	0.55	0.53	0.50	0.54
Fv/Fm_Lss11	0.58	0.50	0.51	0.48	0.43	0.41	0.57	0.61	0.51	0.47	0.46	0.43	0.54	0.51	0.51	0.48	0.42	0.45	0.59	0.52	0.52	0.51	0.48	0.52
Fv/Fm_Lss12	0.57	0.50	0.49	0.49	0.43	0.41	0.57	0.60	0.51	0.46	0.46	0.45	0.53	0.50	0.51	0.47	0.43	0.46	0.57	0.52	0.51	0.50	0.48	0.53
Fv/Fm_Lss13	0.53	0.46	0.46	0.44	0.40	0.39	0.53	0.57	0.48	0.43	0.44	0.41	0.49	0.46	0.47	0.44	0.39	0.42	0.54	0.48	0.48	0.47	0.45	0.50
Fv/Fm_Lss14	0.53	0.47	0.45	0.45	0.40	0.39	0.53	0.57	0.48	0.43	0.45	0.45	0.49	0.47	0.47	0.44	0.41	0.45	0.54	0.47	0.49	0.46	0.46	0.52
Fv/Fm_Lss15	0.47	0.40	0.41	0.39	0.37	0.35	0.47	0.50	0.44	0.38	0.41	0.37	0.43	0.41	0.41	0.39	0.36	0.35	0.49	0.43	0.42	0.44	0.42	0.47
QY_Lss1	0.68	0.67	0.63	0.64	0.58	0.60	0.64	0.65	0.60	0.57	0.48	0.56	0.65	0.66	0.66	0.62	0.60	0.64	0.69	0.66	0.67	0.62	0.57	0.50
QY_Lss2	0.56	0.55	0.53	0.47	0.45	0.44	0.50	0.48	0.47	0.42	0.30	0.25	0.52	0.52	0.50	0.47	0.43	0.30	0.58	0.55	0.53	0.52	0.41	0.25
QY_Lss3	0.52	0.52	0.49	0.45	0.41	0.40	0.44	0.40	0.42	0.39	0.24	0.20	0.50	0.49	0.46	0.44	0.37	0.27	0.54	0.51	0.50	0.47	0.37	0.20
QY_Lss4	0.46	0.46	0.46	0.41	0.36	0.36	0.37	0.33	0.37	0.36	0.20	0.15	0.45	0.46	0.43	0.41	0.33	0.18	0.48	0.46	0.47	0.44	0.33	0.13
QY_Lss5	0.47	0.50	0.48	0.47	0.38	0.40	0.39	0.37	0.39	0.38	0.22	0.26	0.49	0.50	0.49	0.45	0.39	0.35	0.49	0.47	0.49	0.44	0.37	0.21
QY_Lss6	0.46	0.49	0.47	0.49	0.37	0.38	0.38	0.36	0.38	0.37	0.22	0.27	0.48	0.48	0.49	0.44	0.38	0.38	0.47	0.46	0.48	0.42	0.35	0.22
QY_Lss7	0.36	0.38	0.41	0.39	0.30	0.30	0.29	0.26	0.30	0.32	0.16	0.15	0.42	0.40	0.39	0.37	0.27	0.25	0.39	0.37	0.37	0.38	0.31	0.13
QY_Lss8	0.25	0.29	0.36	0.30	0.24	0.22	0.21	0.16	0.24	0.26	0.10	0.03	0.33	0.32	0.29	0.30	0.20	0.08	0.34	0.28	0.29	0.33	0.23	0.04
QY_Lss9	0.28	0.32	0.35	0.34	0.25	0.23	0.22	0.21	0.24	0.28	0.13	0.11	0.32	0.33	0.33	0.30	0.22	0.19	0.33	0.30	0.33	0.32	0.24	0.11
QY_Lss10	0.28	0.32	0.32	0.33	0.23	0.23	0.21	0.20	0.23	0.27	0.12	0.13	0.33	0.29	0.31	0.29	0.22	0.17	0.31	0.28	0.31	0.31	0.22	0.11
QY_Lss11	0.24	0.25	0.30	0.27	0.19	0.18	0.18	0.17	0.18	0.25	0.09	0.09	0.31	0.27	0.26	0.26	0.17	0.18	0.26	0.25	0.27	0.27	0.20	0.08
QY_Lss12	0.21	0.24	0.27	0.27	0.19	0.16	0.17	0.13	0.17	0.23	0.09	0.09	0.26	0.24	0.24	0.23	0.18	0.12	0.23	0.24	0.23	0.26	0.17	0.06
QY_Lss13	0.10	0.08	0.18	0.09	0.09	0.06	0.05	-0.00	0.08	0.14	0.01	-0.11	0.17	0.11	0.11	0.12	0.02	-0.15	0.14	0.11	0.10	0.18	0.08	-0.06
QY_Lss14	0.18	0.22	0.23	0.24	0.16	0.14	0.15	0.14	0.15	0.18	0.09	0.12	0.24	0.21	0.22	0.19	0.15	0.12	0.20	0.20	0.22	0.20	0.15	0.08
QY_Lss15	-0.09	-0.18	0.06	-0.11	-0.02	-0.09	-0.14	-0.22	-0.03	0.03	-0.07	-0.39	0.03	-0.08	-0.09	-0.02	-0.16	-0.67	0.00	-0.02	-0.14	0.13	-0.03	-0.28
NPQ_Lss1	-0.09	0.05	0.02	0.07	0.02	0.03	0.04	0.03	0.03	0.04	0.05	0.12	0.01	0.04	0.04	0.02	0.09	0.17	0.02	0.03	0.06	0.01	0.05	0.07
NPQ_Lss2	-0.06	0.07	0.07	0.15	0.09	0.12	0.06	0.03	0.06	0.13	0.07	0.30	0.06	0.08	0.09	0.10	0.17	0.30	0.05	0.05	0.11	0.05	0.18	0.17
NPQ_Lss3	0.00	0.14	0.13	0.25	0.18	0.21	0.13	0.10	0.13	0.22	0.16	0.52	0.10	0.19	0.19	0.17	0.35	0.60	0.12	0.14	0.19	0.12	0.29	0.28
NPQ_Lss4	0.02	0.23	0.17	0.35	0.28	0.30	0.17	0.13	0.17	0.33	0.23	0.68	0.14	0.22	0.24	0.22	0.49	0.89	0.15	0.20	0.25	0.18	0.40	0.41
NPQ_Lss5	-0.01	0.15	0.15	0.25	0.31	0.32	0.10	0.04	0.14	0.34	0.24	0.58	0.07	0.14	0.15	0.20	0.47	0.67	0.09	0.19	0.23	0.23	0.40	0.35
NPQ_Lss6	0.05	0.21	0.20	0.26	0.41	0.45	0.11	0.02	0.16	0.41	0.30	0.65	0.08	0.18	0.17	0.25	0.59	0.71	0.11	0.24	0.24	0.30	0.49	0.37
NPQ_Lss7	0.26	0.51	0.35	0.50	0.64	0.72	0.25	0.15	0.32	0.55	0.46	0.92	0.23	0.43	0.44	0.46	0.96	1.17	0.27	0.45	0.52	0.45	0.66	0.55
NPQ_Lss8	0.42	0.69	0.47	0.61	0.80	0.94	0.33	0.22	0.43	0.68	0.57	1.05	0.35	0.58	0.60	0.63	1.13	1.30	0.35	0.61	0.64	0.58	0.82	0.61
NPQ_Lss9	0.54	0.83	0.58	0.69	0.95	1.12	0.39	0.23	0.52	0.78	0.65	1.05	0.50	0.73	0.72	0.77	1.29	1.30	0.46	0.74	0.76	0.72	0.91	0.61
NPQ_Lss10	0.48	0.95	0.73	0.82	1.08	1.26	0.45	0.28	0.62	0.88	0.73	1.05	0.56	0.91	0.86	0.92	1.36	1.29	0.57	0.86	0.88	0.82	1.03	0.62
NPQ_Lss11	0.73	1.27	0.91	1.15	1.31	1.55	0.62	0.43	0.82	1.06	0.88	1.28	0.76	1.20	1.15	1.16	1.63	1.48	0.78	1.10	1.14	1.03	1.21	0.75
NPQ_Lss12	0.79	1.25	1.02	1.10	1.34	1.56	0.63	0.44	0.86	1.15	0.88	1.10	0.89	1.24	1.15	1.23	1.55	1.38	0.90	1.16	1.23	1.13	1.25	0.70
NPQ_Lss13	1.07	1.65	1.32	1.54	1.63	1.86	0.86	0.68	1.08	1.41	1.05	1.43	1.20	1.61	1.52	1.57	1.97	1.83	1.16	1.47	1.52	1.38	1.48	0.86
NPQ_Lss14	1.10	1.54	1.39	1.44	1.61	1.78	0.85	0.64	1.10	1.43	1.03	1.14	1.22	1.56	1.47	1.56	1.79	1.49	1.19	1.54	1.49	1.47	1.45	0.76
NPQ_Lss15	1.68	2.43	1.87	2.21	2.02	2.38	1.36	1.19	1.48	1.90	1.31	1.92	1.76	2.28	2.15	2.10	2.47	2.68	1.68	2.00	2.28	1.70	1.88	1.15
qN_Lss1	-0.14	0.07	0.04	0.09	0.04	0.05	0.05	0.05	0.05	0.05	0.07	0.16	0.02	0.05	0.05	0.04	0.13	0.21	0.03	0.04	0.08	0.02	0.08	0.10
qN_Lss2	-0.09	0.09	0.09	0.19	0.12	0.16	0.08	0.05	0.09	0.18	0.11	0.34	0.09	0.11	0.11	0.14	0.22	0.33	0.07	0.07	0.14	0.07	0.22	0.21
qN_Lss3	0.00	0.17	0.17	0.29	0.23	0.26	0.16	0.13	0.17	0.27	0.21	0.49	0.14	0.23	0.22	0.22	0.37	0.52	0.14	0.17	0.22	0.15	0.32	0.32
qN_Lss4	0.03	0.26	0.21	0.37	0.33	0.34	0.21	0.17	0.22	0.36	0.28	0.58	0.18	0.25	0.27	0.26	0.47	0.63	0.18	0.24	0.28	0.22	0.40	0.42
qN_Lss5	-0.02	0.18	0.19	0.29	0.35	0.35	0.13	0.06	0.18	0.37	0.29	0.53	0.10	0.17	0.19	0.24	0.45	0.55	0.12	0.22	0.26	0.27	0.40	0.38
qN_Lss6	0.06	0.24	0.24	0.30	0.43	0.45	0.14	0.03	0.21	0.42	0.35	0.56	0.11	0.22	0.21	0.29	0.52	0.57	0.14	0.27	0.27	0.33	0.46	0.39
qN_Lss7	0.28	0.46	0.37	0.47	0.56	0.58	0.28	0.19	0.35	0.51	0.47	0.66	0.27	0.41	0.42	0.44	0.66	0.71	0.29	0.43	0.46	0.44	0.54	0.50
qN_Lss8	0.40	0.55	0.45	0.52	0.62	0.66	0.35	0.26	0.43	0.57	0.53	0.70	0.37	0.50	0.51	0.53	0.70	0.74	0.35	0.51	0.52	0.50	0.61	0.53
qN_Lss9	0.47	0.60	0.51	0.56	0.67	0.71	0.40	0.27	0.48	0.61	0.57	0.70	0.46	0.56	0.56	0.59	0.74	0.74	0.42	0.57	0.57	0.57	0.64	0.53
qN_Lss10	0.44	0.64	0.58	0.61	0.70	0.74	0.43	0.31	0.53	0.64	0.60	0.70	0.50	0.63	0.61	0.65	0.75	0.73	0.48	0.61	0.61	0.61	0.67	0.53
qN_Lss11	0.56	0.72	0.64	0.70	0.75	0.79	0.52	0.42	0.62	0.69	0.66	0.75	0.58	0.70	0.69	0.71	0.79	0.77	0.57	0.68	0.69	0.67	0.71	0.59
qN_Lss12	0.58	0.71	0.67	0.69	0.76	0.79	0.53	0.42	0.63	0.72	0.65	0.71	0.63	0.71	0.69	0.72	0.78	0.75	0.61	0.69	0.71	0.70	0.72	0.57
qN_Lss13	0.67	0.78	0.74	0.78	0.80	0.83	0.62	0.55	0.69	0.77	0.70	0.78	0.71	0.78	0.76	0.78	0.83	0.81	0.68	0.75	0.76	0.75	0.77	0.63
qN_Lss14	0.67	0.77	0.75	0.76	0.80	0.82	0.62	0.53	0.70	0.77	0.70	0.72	0.72	0.77	0.76	0.78	0.81	0.77	0.69	0.76	0.75	0.76	0.76	0.59
qN_Lss15	0.78	0.86	0.82	0.85	0.85	0.87	0.74	0.70	0.77	0.83	0.76	0.84	0.80	0.85	0.84	0.84	0.87	0.88	0.78	0.82	0.85	0.80	0.82	0.71
qP_Lss1	0.95	0.98	0.95	0.97	0.92	0.93	0.96	0.95	0.92	0.89	0.80	0.93	0.96	0.96	0.97	0.93	0.94	1.01	0.96	0.96	0.97	0.91	0.86	0.78
qP_Lss2	0.78	0.80	0.81	0.74	0.73	0.72	0.75	0.70	0.74	0.69	0.50	0.44	0.78	0.77	0.75	0.73	0.68	0.49	0.82	0.80	0.78	0.78	0.65	0.40
qP_Lss3	0.73	0.78	0.78	0.73	0.69	0.68	0.67	0.60	0.67	0.66	0.41	0.37	0.76	0.75	0.71	0.70	0.64	0.48	0.78	0.76	0.76	0.73	0.61	0.33
qP_Lss4	0.66	0.70	0.73	0.68	0.63	0.62	0.57	0.49	0.60	0.62	0.35	0.29	0.69	0.71	0.67	0.67	0.58	0.35	0.70	0.70	0.72	0.68	0.55	0.23
qP_Lss5	0.67	0.75	0.75	0.76	0.67	0.68	0.59	0.54	0.62	0.66	0.39	0.49	0.74	0.75	0.75	0.71	0.69	0.65	0.71	0.71	0.74	0.70	0.62	0.36
qP_Lss6	0.66	0.75	0.75	0.79	0.67	0.68	0.58	0.53	0.61	0.66	0.40	0.52	0.73	0.74	0.75	0.72	0.69	0.70	0.68	0.70	0.74	0.69	0.61	0.38
qP_Lss7	0.55	0.64	0.69	0.69	0.58	0.58	0.46	0.40	0.50	0.60	0.30	0.32	0.67	0.65	0.64	0.65	0.54	0.51	0.58	0.60	0.61	0.64	0.56	0.24
qP_Lss8	0.41	0.50	0.62	0.55	0.49	0.46	0.34	0.24	0.41	0.50	0.20	0.06	0.55	0.54	0.50	0.54	0.42	0.16	0.52	0.48	0.50	0.59	0.43	0.08
qP_Lss9	0.46	0.57	0.62	0.63	0.52	0.50	0.36	0.33	0.43	0.56	0.25	0.25	0.55	0.59	0.58	0.57	0.47	0.41	0.51	0.53	0.58	0.59	0.47	0.21
qP_Lss10	0.46	0.60	0.60	0.63	0.50	0.51	0.36	0.32	0.42	0.54	0.25	0.29	0.58	0.54	0.57	0.57	0.48	0.36	0.50	0.50	0.56	0.58	0.44	0.20
qP_Lss11	0.41	0.50	0.59	0.55	0.44	0.44	0.31	0.28	0.36	0.53	0.20	0.21	0.57	0.53	0.51	0.54	0.41	0.41	0.45	0.49	0.52	0.54	0.41	0.14
qP_Lss12	0.37	0.48	0.54	0.55	0.44	0.38	0.30	0.21	0.34	0.49	0.20	0.20	0.50	0.48	0.48	0.50	0.41	0.26	0.40	0.47	0.44	0.52	0.36	0.11
qP_Lss13	0.19	0.16	0.38	0.21	0.21	0.17	0.09	-0.00	0.18	0.33	0.02	-0.27	0.34	0.23	0.23	0.28	0.05	-0.36	0.27	0.24	0.21	0.39	0.17	-0.12
qP_Lss14	0.34	0.46	0.50	0.53	0.40	0.36	0.28	0.24	0.31	0.42	0.20	0.28	0.49	0.44	0.46	0.44	0.36	0.28	0.38	0.42	0.46	0.45	0.33	0.16
qP_Lss15	-0.19	-0.45	0.14	-0.27	-0.05	-0.27	-0.30	-0.44	-0.06	0.08	-0.17	-1.05	0.08	-0.20	-0.21	-0.04	-0.44	-1.89	0.00	-0.05	-0.33	0.30	-0.08	-0.59
qL_Lss1	1.08	1.02	1.04	1.02	1.04	1.04	1.04	1.05	1.06	1.06	1.05	1.03	1.04	1.04	1.03	1.05	1.04	1.00	1.05	1.05	1.04	1.08	1.10	1.08
qL_Lss2	1.21	1.14	1.10	1.08	1.05	1.04	1.12	1.15	1.09	1.03	0.88	0.77	1.12	1.14	1.13	1.08	1.04	0.88	1.17	1.15	1.14	1.12	1.05	0.79
qL_Lss3	1.20	1.12	1.08	1.05	1.01	1.00	1.09	1.08	1.05	0.99	0.75	0.64	1.11	1.11	1.10	1.05	0.97	0.80	1.17	1.13	1.12	1.10	0.99	0.66
qL_Lss4	1.18	1.09	1.06	1.00	0.95	0.95	1.01	0.98	0.99	0.94	0.65	0.50	1.08	1.09	1.06	1.03	0.90	0.60	1.16	1.10	1.10	1.07	0.91	0.47
qL_Lss5	1.20	1.12	1.07	1.05	0.96	0.98	1.06	1.07	1.02	0.96	0.71	0.77	1.12	1.12	1.11	1.05	0.97	0.92	1.19	1.11	1.11	1.06	0.97	0.68
qL_Lss6	1.17	1.10	1.06	1.06	0.94	0.95	1.05	1.07	1.00	0.95	0.70	0.78	1.11	1.11	1.10	1.04	0.95	0.95	1.17	1.09	1.10	1.03	0.94	0.71
qL_Lss7	1.02	0.98	1.01	0.98	0.84	0.84	0.88	0.86	0.87	0.88	0.54	0.52	1.05	1.01	1.00	0.96	0.79	0.74	1.07	0.98	0.98	0.97	0.86	0.46
qL_Lss8	0.81	0.84	0.94	0.86	0.74	0.69	0.69	0.57	0.74	0.77	0.36	0.10	0.93	0.89	0.85	0.84	0.64	0.28	0.99	0.84	0.86	0.91	0.71	0.16
qL_Lss9	0.85	0.88	0.92	0.91	0.75	0.72	0.71	0.72	0.74	0.81	0.44	0.41	0.90	0.90	0.89	0.84	0.69	0.62	0.95	0.86	0.90	0.88	0.74	0.40
qL_Lss10	0.85	0.88	0.88	0.88	0.71	0.71	0.69	0.69	0.71	0.78	0.43	0.46	0.91	0.84	0.86	0.82	0.69	0.56	0.90	0.81	0.87	0.86	0.69	0.38
qL_Lss11	0.74	0.75	0.84	0.78	0.63	0.62	0.59	0.59	0.60	0.75	0.33	0.34	0.86	0.79	0.77	0.77	0.58	0.61	0.80	0.76	0.80	0.79	0.63	0.28
qL_Lss12	0.68	0.73	0.78	0.78	0.62	0.55	0.57	0.46	0.57	0.70	0.34	0.33	0.78	0.73	0.74	0.72	0.59	0.43	0.71	0.73	0.70	0.77	0.57	0.21
qL_Lss13	0.37	0.28	0.59	0.35	0.33	0.26	0.17	-0.00	0.31	0.49	0.03	-0.52	0.55	0.39	0.39	0.44	0.08	-0.71	0.49	0.40	0.37	0.60	0.29	-0.26
qL_Lss14	0.59	0.68	0.71	0.73	0.56	0.51	0.51	0.49	0.50	0.60	0.32	0.44	0.73	0.66	0.69	0.63	0.52	0.44	0.65	0.64	0.69	0.66	0.51	0.31
qL_Lss15	-0.38	-0.88	0.22	-0.49	-0.09	-0.46	-0.64	-1.07	-0.12	0.13	-0.30	-2.31	0.13	-0.37	-0.38	-0.07	-0.80	-4.85	0.00	-0.08	-0.65	0.46	-0.13	-1.41
PAR1	59.15	59.15	59.15	59.15	59.15	59.15	59.15	59.15	59.15	59.15	59.15	59.15	59.15	59.15	59.15	59.15	59.15	59.15	59.15	59.15	59.15	59.15	59.15	59.15
PAR2	179.76	179.76	179.76	179.76	179.76	179.76	179.76	179.76	179.76	179.76	179.76	179.76	179.76	179.76	179.76	179.76	179.76	179.76	179.76	179.76	179.76	179.76	179.76	179.76
PAR3	300.37	300.37	300.37	300.37	300.37	300.37	300.37	300.37	300.37	300.37	300.37	300.37	300.37	300.37	300.37	300.37	300.37	300.37	300.37	300.37	300.37	300.37	300.37	300.37
PAR4	420.98	420.98	420.98	420.98	420.98	420.98	420.98	420.98	420.98	420.98	420.98	420.98	420.98	420.98	420.98	420.98	420.98	420.98	420.98	420.98	420.98	420.98	420.98	420.98
PAR5	541.59	541.59	541.59	541.59	541.59	541.59	541.59	541.59	541.59	541.59	541.59	541.59	541.59	541.59	541.59	541.59	541.59	541.59	541.59	541.59	541.59	541.59	541.59	541.59
PAR6	662.20	662.20	662.20	662.20	662.20	662.20	662.20	662.20	662.20	662.20	662.20	662.20	662.20	662.20	662.20	662.20	662.20	662.20	662.20	662.20	662.20	662.20	662.20	662.20
PAR7	782.81	782.81	782.81	782.81	782.81	782.81	782.81	782.81	782.81	782.81	782.81	782.81	782.81	782.81	782.81	782.81	782.81	782.81	782.81	782.81	782.81	782.81	782.81	782.81
PAR8	903.42	903.42	903.42	903.42	903.42	903.42	903.42	903.42	903.42	903.42	903.42	903.42	903.42	903.42	903.42	903.42	903.42	903.42	903.42	903.42	903.42	903.42	903.42	903.42
PAR9	1024.03	1024.03	1024.03	1024.03	1024.03	1024.03	1024.03	1024.03	1024.03	1024.03	1024.03	1024.03	1024.03	1024.03	1024.03	1024.03	1024.03	1024.03	1024.03	1024.03	1024.03	1024.03	1024.03	1024.03
PAR10	1144.64	1144.64	1144.64	1144.64	1144.64	1144.64	1144.64	1144.64	1144.64	1144.64	1144.64	1144.64	1144.64	1144.64	1144.64	1144.64	1144.64	1144.64	1144.64	1144.64	1144.64	1144.64	1144.64	1144.64
PAR11	1265.25	1265.25	1265.25	1265.25	1265.25	1265.25	1265.25	1265.25	1265.25	1265.25	1265.25	1265.25	1265.25	1265.25	1265.25	1265.25	1265.25	1265.25	1265.25	1265.25	1265.25	1265.25	1265.25	1265.25
PAR12	1385.86	1385.86	1385.86	1385.86	1385.86	1385.86	1385.86	1385.86	1385.86	1385.86	1385.86	1385.86	1385.86	1385.86	1385.86	1385.86	1385.86	1385.86	1385.86	1385.86	1385.86	1385.86	1385.86	1385.86
PAR13	1506.47	1506.47	1506.47	1506.47	1506.47	1506.47	1506.47	1506.47	1506.47	1506.47	1506.47	1506.47	1506.47	1506.47	1506.47	1506.47	1506.47	1506.47	1506.47	1506.47	1506.47	1506.47	1506.47	1506.47
PAR14	1627.08	1627.08	1627.08	1627.08	1627.08	1627.08	1627.08	1627.08	1627.08	1627.08	1627.08	1627.08	1627.08	1627.08	1627.08	1627.08	1627.08	1627.08	1627.08	1627.08	1627.08	1627.08	1627.08	1627.08
PAR15	1747.69	1747.69	1747.69	1747.69	1747.69	1747.69	1747.69	1747.69	1747.69	1747.69	1747.69	1747.69	1747.69	1747.69	1747.69	1747.69	1747.69	1747.69	1747.69	1747.69	1747.69	1747.69	1747.69	1747.69
ETR1	16.1831	15.8888	14.8590	15.0645	13.7233	14.0849	15.1775	15.2864	14.0872	13.3829	11.4736	13.2805	15.3999	15.6231	15.6477	14.5761	14.2074	15.0679	16.2240	15.6896	15.7399	14.5784	13.4319	11.8363
ETR2	40.3560	39.2801	37.8181	33.8884	32.3994	31.7627	36.1104	34.4408	34.0194	30.4775	21.7853	18.1329	37.3820	37.6683	36.0600	33.5482	30.5748	21.4541	41.5781	39.5937	38.0671	37.2104	29.6786	17.8992
ETR3	61.8849	62.6397	59.3915	54.1691	49.5431	48.5614	52.8334	48.3170	50.8085	47.0186	28.7443	23.7171	59.7435	59.0023	55.5694	52.5582	44.9865	32.4080	65.2720	60.7412	60.5061	56.7716	44.7194	23.8007
ETR4	77.6539	76.9572	77.7460	68.2902	61.3239	61.1210	61.9214	54.7831	62.9937	60.1461	33.5952	24.5327	75.5826	77.8136	71.8685	69.5340	55.2934	30.7202	80.9329	77.2529	78.9136	73.5144	55.1494	22.1109
ETR5	102.8645	108.1778	103.1705	101.4325	82.7347	85.7235	84.7644	79.4511	84.5533	82.2763	48.6160	55.7907	106.4865	108.6432	106.4245	96.6170	84.6883	76.6797	107.2310	101.2433	105.1877	95.0376	79.8426	45.1333
ETR6	120.7859	129.4503	123.3979	128.8870	98.2150	99.9953	101.6246	96.1865	100.0933	98.0417	58.7866	70.5874	127.6654	128.0966	129.4366	116.5344	99.4220	100.2755	124.9542	121.1620	128.4160	112.0894	93.8342	58.4702
ETR7	111.8925	119.4942	129.1308	123.3243	93.4454	93.4681	89.9374	82.0085	93.0453	101.5796	50.3489	47.6414	132.0521	123.8845	121.6365	116.9971	84.4932	76.8389	121.5363	114.7628	115.2946	117.5848	96.6019	40.9564
ETR8	91.7291	103.9810	128.5109	110.1369	87.9533	79.5196	74.5283	56.1133	85.1618	94.3895	36.4429	9.0788	120.3518	114.1105	105.4142	106.8204	71.7518	27.6459	122.8213	102.3617	106.1174	120.7954	83.0547	15.2641
ETR9	115.1236	129.7144	141.6095	140.7223	101.0028	94.7040	89.1877	85.6991	98.0323	114.7236	51.7929	46.9545	131.9742	135.9685	133.4493	123.2537	88.9742	77.5613	133.3962	122.9863	135.1508	132.1349	99.9808	45.8037
ETR10	128.4891	147.5091	147.7229	150.4209	105.1086	103.2993	96.6829	91.9274	104.0258	121.9720	55.4625	59.8758	152.7417	134.4796	141.4203	132.3367	99.8073	75.9864	141.5364	127.4036	142.3317	141.4729	100.9911	48.5877
ETR11	120.4863	126.8193	152.1998	135.4476	96.1722	92.8268	89.2914	86.7401	92.3771	126.3993	46.2223	46.5357	156.2525	136.3213	130.4559	130.8910	87.2595	93.1032	133.1199	128.6063	138.7871	137.8540	99.1297	37.9651
ETR12	117.3521	133.7885	147.2319	148.1838	102.9751	88.0987	92.5768	70.5867	95.7081	125.0310	52.4621	50.1231	145.6669	133.4004	135.8060	129.2043	97.8818	66.5558	124.9591	134.2114	125.4595	143.0029	95.3825	31.2714
ETR13	62.1169	45.2433	106.9500	56.9980	51.5183	39.0078	27.3844	-0.6369	50.6343	84.8221	5.1633	-68.1025	99.9640	65.2995	64.9636	74.2191	11.5479	-90.5895	86.5240	68.4434	61.8757	111.2975	47.3107	-36.8127
ETR14	116.3657	140.1621	147.6221	154.7865	103.9630	92.1200	95.9837	90.5519	95.5753	117.3309	56.5973	80.2606	155.8787	134.2276	142.9135	125.2862	96.5497	81.0467	131.1433	129.9769	144.6379	133.3117	97.6028	54.2723
ETR15	-60.9258	-125.2601	39.1307	-73.9121	-13.8356	-66.2436	-98.1331	-153.5075	-19.5231	21.7682	-48.1773	-271.9892	23.1417	-58.1285	-60.0277	-12.1663	-110.9695	-465.4086	0.4582	-13.7039	-97.0630	90.3628	-22.0276	-192.5355
